# 1:A 2:Z 3:N 4:Yi 5:Xi
    1      0      1     8.65883476884729E-15   8.65883476884729E-15
    1      1      0     9.01219001431693E-09   9.01219001431693E-09
    2      1      1     8.30639138377112E-16   1.66127827675422E-15
    3      1      2     2.53346879593872E-09   7.60040638781616E-09
    3      2      1     2.02685293799576E-10   6.08055881398727E-10
    4      2      2     2.72273025034860E-04   1.08909210013944E-03
    6      3      3     6.91063926670979E-09   4.14638356002587E-08
    7      3      4     8.41624307857793E-10   5.89137015500455E-09
    7      4      3     6.04063604515752E-18   4.22844523161026E-17
    9      4      5     6.98375261021698E-07   6.28537734919529E-06
   10      4      6     6.21820665587092E-08   6.21820665587092E-07
   10      5      5     1.61593147465068E-12   1.61593147465068E-11
   11      5      6     3.65075092631376E-09   4.01582601894514E-08
   12      6      6     4.61846686391951E-07   5.54216023670342E-06
   13      6      7     4.87304018787009E-08   6.33495224423112E-07
   14      6      8     7.06193370227079E-08   9.88670718317911E-07
   14      7      7     3.09671336788471E-10   4.33539871503859E-09
   15      7      8     1.08915701025338E-05   1.63373551538007E-04
   16      8      8     2.08724124324681E-07   3.33958598919490E-06
   17      8      9     2.20506611428823E-09   3.74861239428999E-08
   18      8     10     8.28461537317735E-07   1.49123076717192E-05
   19      9     10     1.13139110271475E-06   2.14964309515802E-05
   20     10     10     6.22869760697372E-08   1.24573952139474E-06
   21     10     11     1.02673259286958E-07   2.15613844502612E-06
   22     10     12     2.88278294408264E-06   6.34212247698180E-05
   23     11     12     7.15685873738240E-10   1.64607750959795E-08
   24     12     12     1.61406045115016E-08   3.87374508276039E-07
   25     12     13     6.75008628365219E-08   1.68752157091305E-06
   26     12     14     2.98988378108657E-09   7.77369783082509E-08
   27     13     14     6.04825947981979E-10   1.63303005955134E-08
   28     14     14     1.67672276835104E-09   4.69482375138291E-08
   29     14     15     8.92793734450202E-10   2.58910182990558E-08
   30     14     16     1.82399550046626E-09   5.47198650139878E-08
   31     15     16     3.31805079329331E-09   1.02859574592093E-07
   32     14     18     1.09681900671768E-08   3.50982082149658E-07
   32     15     17     2.79381833182658E-12   8.94021866184505E-11
   32     16     16     6.54166276546929E-11   2.09333208495017E-09
   33     15     18     1.79551387638858E-14   5.92519579208230E-13
   33     16     17     1.04677019937089E-08   3.45434165792393E-07
   34     16     18     1.33181275463980E-08   4.52816336577532E-07
   35     16     19     1.35668917134510E-10   4.74841209970785E-09
   35     17     18     6.77948901246742E-09   2.37282115436360E-07
   36     16     20     2.21230222221176E-09   7.96428799996235E-08
   36     17     19     1.56730929769115E-18   5.64231347168813E-17
   37     17     20     1.45404886639578E-08   5.37998080566439E-07
   38     18     20     2.27365457706641E-10   8.63988739285235E-09
   39     18     21     1.11923661115664E-10   4.36502278351090E-09
   39     19     20     3.95387477190228E-13   1.54201116104189E-11
   40     18     22     2.82628249699588E-09   1.13051299879835E-07
   41     19     22     7.61939610434495E-09   3.12395240278143E-07
   42     18     24     6.55034339273179E-08   2.75114422494735E-06
   42     19     23     2.79658922154626E-12   1.17456747304943E-10
   42     20     22     1.91049034989329E-09   8.02405946955180E-08
   43     20     23     7.61302820203636E-09   3.27360212687563E-07
   44     20     24     1.85163016910568E-08   8.14717274406499E-07
   45     20     25     4.69447063752075E-09   2.11251178688434E-07
   45     21     24     3.47522570729123E-08   1.56385156828105E-06
   46     20     26     1.62860854395328E-08   7.49159930218509E-07
   46     21     25     5.58296581825350E-20   2.56816427639661E-18
   46     22     24     3.30723597472255E-18   1.52132854837237E-16
   47     22     25     7.23728931207191E-09   3.40152597667380E-07
   48     20     28     1.13971984447420E-08   5.47065525347617E-07
   48     22     26     2.03373491097754E-16   9.76192757269219E-15
   49     22     27     1.66546572867996E-09   8.16078207053178E-08
   50     22     28     2.52281119638395E-08   1.26140559819198E-06
   51     23     28     2.62764774164430E-08   1.34010034823859E-06
   52     24     28     9.61995391332090E-09   5.00237603492687E-07
   53     24     29     2.48186923685196E-09   1.31539069553154E-07
   54     24     30     2.18805572202037E-09   1.18155008989100E-07
   55     25     30     9.90332610406264E-10   5.44682935723445E-08
   56     26     30     5.80597295075758E-09   3.25134485242424E-07
   57     26     31     6.44372799962923E-09   3.67292495978866E-07
   58     26     32     3.53103056406808E-09   2.04799772715948E-07
   59     26     33     1.35427465379245E-12   7.99022045737544E-11
   59     27     32     2.88844871566532E-09   1.70418474224254E-07
   60     26     34     2.37998744363830E-09   1.42799246618298E-07
   60     27     33     7.89855046526473E-16   4.73913027915884E-14
   60     28     32     7.38754996115604E-17   4.43252997669362E-15
   61     28     33     6.22369155513412E-09   3.79645184863182E-07
   62     28     34     1.56164081473395E-08   9.68217305135046E-07
   63     28     35     1.50624911104393E-08   9.48936939957675E-07
   63     29     34     1.42051366159727E-10   8.94923606806282E-09
   64     28     36     5.63487258836496E-09   3.60631845655357E-07
   64     30     34     2.71993769551188E-20   1.74076012512761E-18
   65     29     36     8.02729847794621E-09   5.21774401066503E-07
   66     30     36     6.28701561835121E-09   4.14943030811180E-07
   67     30     37     9.15206637315176E-09   6.13188447001168E-07
   68     30     38     1.35823894438510E-08   9.23602482181865E-07
   69     31     38     2.24138451969647E-08   1.54655531859056E-06
   70     30     40     2.55544403287846E-08   1.78881082301492E-06
   70     32     38     6.06983271404548E-14   4.24888289983184E-12
   71     31     40     3.18144988000760E-08   2.25882941480539E-06
   72     32     40     4.37509234198904E-08   3.15006648623211E-06
   73     32     41     6.48542085452465E-08   4.73435722380300E-06
   74     32     42     8.02288571021824E-08   5.93693542556149E-06
   75     33     42     1.39717595238832E-07   1.04788196429124E-05
   76     32     44     2.53043926577117E-07   1.92313384198609E-05
   76     34     42     9.48682206601309E-13   7.20998477016995E-11
   77     34     43     4.58271146051105E-07   3.52868782459351E-05
   78     34     44     3.66922189399249E-07   2.86199307731414E-05
   79     34     45     3.85304230072890E-07   3.04390341757583E-05
   79     35     44     1.23926973805491E-12   9.79023093063381E-11
   80     34     46     6.53774167199545E-07   5.23019333759636E-05
   81     35     46     1.02039859327899E-06   8.26522860555978E-05
   82     34     48     1.49216566329960E-06   1.22357584390567E-04
   82     36     46     3.91006061820272E-11   3.20624970692623E-09
   83     35     48     2.08595513048381E-20   1.73134275830156E-18
   83     36     47     1.95692439320677E-06   1.62424724636162E-04
   84     35     49     4.38288805930223E-20   3.68162596981387E-18
   84     36     48     2.48256983846120E-06   2.08535866430741E-04
   85     36     49     1.31778506877130E-06   1.12011730845560E-04
   85     37     48     1.21672829226315E-07   1.03421904842368E-05
   86     36     50     2.60022358395256E-06   2.23619228219921E-04
   86     38     48     8.30130091761135E-17   7.13911878914576E-15
   87     35     52     1.07855481971650E-20   9.38342693153354E-19
   87     36     51     1.04800612703637E-18   9.11765330521639E-17
   87     37     50     4.23582637381482E-06   3.68516894521889E-04
   87     38     49     8.34289689555100E-17   7.25832029912937E-15
   88     36     52     7.04487976923282E-18   6.19949419692488E-16
   88     37     51     7.39026821447740E-19   6.50343602874011E-17
   88     38     50     6.02160201095499E-06   5.29900976964039E-04
   89     36     53     2.40818673870334E-19   2.14328619744598E-17
   89     37     52     1.15831416982321E-18   1.03089961114265E-16
   89     38     51     6.66832818455902E-09   5.93481208425753E-07
   89     39     50     5.68489466256576E-06   5.05955624968353E-04
   90     36     54     6.98497523495600E-20   6.28647771146040E-18
   90     37     53     3.41812289994332E-19   3.07631060994899E-17
   90     38     52     5.08524630176080E-06   4.57672167158472E-04
   90     39     51     1.28833676885349E-09   1.15950309196814E-07
   90     40     50     1.68428151796709E-07   1.51585336617038E-05
   91     36     55     3.79215487262962E-20   3.45086093409296E-18
   91     37     54     2.58869513082628E-19   2.35571256905191E-17
   91     38     53     1.53900840809854E-16   1.40049765136967E-14
   91     39     52     1.79500074723741E-08   1.63345067998604E-06
   91     40     51     6.11677674885767E-06   5.56626684146048E-04
   92     36     56     1.67426273154617E-20   1.54032171302248E-18
   92     37     55     4.19571942694114E-20   3.86006187278585E-18
   92     38     54     9.09665653312979E-17   8.36892401047941E-15
   92     39     53     1.20608344435344E-16   1.10959676880516E-14
   92     40     52     9.98632835113145E-06   9.18742208304093E-04
   93     36     57     1.35442893017939E-20   1.25961890506683E-18
   93     37     56     6.31159112370125E-20   5.86977974504216E-18
   93     38     55     5.55387949982812E-18   5.16510793484015E-16
   93     39     54     4.55944682644871E-16   4.24028554859730E-14
   93     40     53     7.22121335931033E-06   6.71572842415860E-04
   93     41     52     4.25139262701041E-12   3.95379514311968E-10
   94     37     57     4.60530029508909E-20   4.32898227738374E-18
   94     38     56     1.34670391167142E-18   1.26590167697113E-16
   94     39     55     2.00314362224079E-17   1.88295500490634E-15
   94     40     54     7.07192299724958E-06   6.64760761741461E-04
   95     37     58     1.12054141609110E-20   1.06451434528655E-18
   95     38     57     8.03615617393190E-19   7.63434836523531E-17
   95     39     56     2.07816966439373E-17   1.97426118117404E-15
   95     40     55     5.83387697845777E-08   5.54218312953488E-06
   95     41     54     6.92932790035973E-08   6.58286150534175E-06
   95     42     53     1.21641793946324E-05   1.15559704249008E-03
   96     38     58     6.37682193875775E-20   6.12174906120744E-18
   96     39     57     3.18592489379600E-19   3.05848789804416E-17
   96     40     56     1.06228768646350E-05   1.01979617900496E-03
   96     42     54     2.40999104016433E-14   2.31359139855775E-12
   97     37     60     1.12129831931845E-20   1.08765936973890E-18
   97     38     59     3.05171296251987E-20   2.96016157364427E-18
   97     39     58     2.68825319469015E-19   2.60760559884944E-17
   97     40     57     4.34754369710072E-15   4.21711738618770E-13
   97     41     56     3.12205025375536E-16   3.02838874614270E-14
   97     42     55     1.01651572985386E-05   9.86020257958245E-04
   98     38     60     7.77404597826443E-20   7.61856505869914E-18
   98     39     59     6.62964231528513E-20   6.49704946897943E-18
   98     40     58     3.79214667082736E-18   3.71630373741082E-16
   98     41     57     3.53275460052053E-19   3.46209950851012E-17
   98     42     56     1.17304280488549E-05   1.14958194878778E-03
   99     38     61     4.28284181168510E-20   4.24001339356825E-18
   99     39     60     2.55204760041361E-19   2.52652712440947E-17
   99     40     59     3.61512609907095E-19   3.57897483808024E-17
   99     41     58     2.58223727741792E-18   2.55641490464374E-16
   99     42     57     4.10983742819552E-14   4.06873905391356E-12
   99     43     56     1.32641888251034E-05   1.31315469368523E-03
   99     44     55     5.91602931574779E-11   5.85686902259031E-09
  100     38     62     4.50008450812853E-20   4.50008450812853E-18
  100     39     61     2.00841577723457E-19   2.00841577723457E-17
  100     40     60     1.98402578708867E-18   1.98402578708867E-16
  100     41     59     4.19168026892029E-19   4.19168026892029E-17
  100     42     58     1.64665144116546E-05   1.64665144116546E-03
  100     44     56     1.08553395221985E-11   1.08553395221985E-09
  101     38     63     2.68173779710810E-20   2.70855517507918E-18
  101     39     62     1.65869403698364E-19   1.67528097735347E-17
  101     40     61     9.13420435616464E-19   9.22554639972629E-17
  101     41     60     2.82019234991740E-18   2.84839427341657E-16
  101     42     59     3.48357040286123E-16   3.51840610688985E-14
  101     43     58     3.34063009334057E-16   3.37403639427398E-14
  101     44     57     1.66199251728940E-05   1.67861244246229E-03
  102     38     64     1.38321533583867E-20   1.41087964255544E-18
  102     39     63     2.27104027692112E-19   2.31646108245954E-17
  102     40     62     1.57689691921381E-18   1.60843485759808E-16
  102     41     61     2.37168756717328E-18   2.41912131851675E-16
  102     42     60     3.73958858886090E-16   3.81438036063812E-14
  102     43     59     2.91224966632801E-18   2.97049465965457E-16
  102     44     58     1.97512465030883E-05   2.01462714331500E-03
  103     39     64     1.27964525786888E-19   1.31803461560494E-17
  103     40     63     9.08255030477514E-19   9.35502681391839E-17
  103     41     62     1.04763125538840E-18   1.07906019305005E-16
  103     42     61     4.71887735118830E-17   4.86044367172395E-15
  103     43     60     3.78907458434938E-17   3.90274682187986E-15
  103     44     59     3.82503883871952E-09   3.93979000388111E-07
  103     45     58     2.21228932499744E-05   2.27865800474737E-03
  104     39     65     1.03208800798193E-19   1.07337152830120E-17
  104     40     64     8.87949103113655E-19   9.23467067238202E-17
  104     41     63     5.24725089929210E-18   5.45714093526378E-16
  104     42     62     6.55319613997688E-17   6.81532398557595E-15
  104     43     61     1.20143893539331E-15   1.24949649280904E-13
  104     44     60     2.25657311424495E-05   2.34683603881475E-03
  104     46     58     5.64705500373849E-13   5.87293720388803E-11
  105     39     66     3.29646273385932E-20   3.46128587055229E-18
  105     40     65     6.94036624262657E-19   7.28738455475790E-17
  105     41     64     3.73916122981163E-18   3.92611929130221E-16
  105     42     63     4.72208268277317E-17   4.95818681691183E-15
  105     43     62     6.04859563809776E-16   6.35102542000265E-14
  105     44     61     2.12291362833721E-14   2.22905930975407E-12
  105     45     60     1.68833134530138E-13   1.77274791256645E-11
  105     46     59     2.59300804273773E-05   2.72265844487461E-03
  106     39     67     1.33086421538765E-20   1.41071606831091E-18
  106     40     66     2.12367088660082E-19   2.25109113979687E-17
  106     41     65     1.58435671831108E-18   1.67941812140974E-16
  106     42     64     1.55825223508092E-17   1.65174736918577E-15
  106     43     63     6.35470888674489E-17   6.73599141994958E-15
  106     44     62     1.07661182461248E-05   1.14120853408922E-03
  106     45     61     1.00951539220909E-11   1.07008631574163E-09
  106     46     60     1.65443435156679E-05   1.75370041266080E-03
  107     40     67     1.25979457268251E-19   1.34798019277028E-17
  107     41     66     4.98228478127465E-19   5.33104471596387E-17
  107     42     65     6.33027380722251E-18   6.77339297372808E-16
  107     43     64     3.83763923670895E-17   4.10627398327858E-15
  107     44     63     4.07298778674902E-16   4.35809693182145E-14
  107     45     62     2.35333184305463E-15   2.51806507206845E-13
  107     46     61     2.33262001441762E-05   2.49590341542686E-03
  107     47     60     3.40717130171000E-12   3.64567329282970E-10
  108     40     68     4.22738165575710E-20   4.56557218821767E-18
  108     41     67     4.42014963551446E-19   4.77376160635562E-17
  108     42     66     2.77003627899845E-18   2.99163918131833E-16
  108     43     65     1.33428115985066E-17   1.44102365263871E-15
  108     44     64     7.05259976312798E-16   7.61680774417821E-14
  108     45     63     4.34003186443619E-17   4.68723441359108E-15
  108     46     62     2.50798028199807E-05   2.70861870455791E-03
  109     40     69     1.72651144650872E-20   1.88189747669451E-18
  109     41     68     1.91724278870517E-19   2.08979463968864E-17
  109     42     67     2.01202144279691E-18   2.19310337264864E-16
  109     43     66     2.70289954688529E-18   2.94616050610497E-16
  109     44     65     1.08412195971041E-16   1.18169293608435E-14
  109     45     64     2.51391641400782E-16   2.74016889126852E-14
  109     46     63     1.55046461719014E-13   1.69000643273726E-11
  109     47     62     3.61717547729159E-05   3.94272127024783E-03
  110     41     69     1.10852305751766E-19   1.21937536326942E-17
  110     42     68     8.50885317537087E-19   9.35973849290795E-17
  110     43     67     3.37700061233806E-18   3.71470067357187E-16
  110     44     66     4.29148617508901E-17   4.72063479259791E-15
  110     45     65     3.78534458216821E-05   4.16387904038503E-03
  110     46     64     1.36555915130935E-07   1.50211506644029E-05
  110     48     62     1.11097153672268E-10   1.22206869039494E-08
  111     41     70     3.55342072440570E-20   3.94429700409033E-18
  111     42     69     5.43490710466127E-19   6.03274688617401E-17
  111     43     68     1.04765518101741E-18   1.16289725092932E-16
  111     44     67     6.68623704040819E-18   7.42172311485310E-16
  111     45     66     3.46942717591145E-17   3.85106416526171E-15
  111     46     65     4.41572736958114E-15   4.90145738023506E-13
  111     47     64     2.05330948596858E-12   2.27917352942513E-10
  111     48     63     3.66267787408794E-05   4.06557244023762E-03
  112     42     70     2.52690055069451E-19   2.83012861677785E-17
  112     43     69     1.11003008423465E-18   1.24323369434281E-16
  112     44     68     6.84613093703117E-18   7.66766664947491E-16
  112     45     67     1.96842185453564E-05   2.20463247707992E-03
  112     46     66     5.38786282209324E-20   6.03440636074442E-18
  112     48     64     2.36065358544831E-07   2.64393201570211E-05
  113     42     71     1.06927466661521E-19   1.20828037327519E-17
  113     43     70     6.14882876042554E-19   6.94817649928085E-17
  113     44     69     4.01551092314127E-18   4.53752734314963E-16
  113     45     68     1.40877309059838E-17   1.59191359237617E-15
  113     46     67     4.67915933258045E-16   5.28745004581591E-14
  113     47     66     9.71401739637095E-14   1.09768396578992E-11
  113     48     65     3.07323623820526E-05   3.47275694917194E-03
  114     42     72     3.80955840520022E-20   4.34289658192825E-18
  114     43     71     6.27737990450165E-19   7.15621309113188E-17
  114     44     70     2.22649886361703E-18   2.53820870452342E-16
  114     45     69     8.04596423076016E-18   9.17239922306658E-16
  114     46     68     6.30683695477243E-16   7.18979412844057E-14
  114     47     67     2.00078474802606E-17   2.28089461274971E-15
  114     48     66     2.66952895294582E-05   3.04326300635823E-03
  115     42     73     1.07428543860531E-20   1.23542825439611E-18
  115     43     72     1.85995391320770E-19   2.13894700018886E-17
  115     44     71     1.33253099281548E-18   1.53241064173780E-16
  115     45     70     4.41517412286582E-18   5.07745024129569E-16
  115     46     69     1.11579375840698E-16   1.28316282216803E-14
  115     47     68     5.35591777258583E-15   6.15930543847370E-13
  115     48     67     8.59860835337886E-13   9.88839960638569E-11
  115     49     66     2.66375288085770E-05   3.06331581298636E-03
  115     50     65     5.70061073203359E-20   6.55570234183863E-18
  116     43     73     6.58881099501818E-20   7.64302075422109E-18
  116     44     72     7.81970424499214E-19   9.07085692419088E-17
  116     45     71     3.14547050900888E-18   3.64874579045030E-16
  116     46     70     5.53638114467098E-17   6.42220212781834E-15
  116     47     69     1.11197801423635E-15   1.28989449651417E-13
  116     48     68     2.95983707308537E-05   3.43341100477903E-03
  116     50     66     1.82408927293267E-12   2.11594355660190E-10
  117     43     74     3.84842043287594E-20   4.50265190646486E-18
  117     44     73     4.00803313253598E-19   4.68939876506709E-17
  117     45     72     1.91154131650857E-18   2.23650334031503E-16
  117     46     71     1.96691503351105E-17   2.30129058920793E-15
  117     47     70     3.33056727836773E-16   3.89676371569024E-14
  117     48     69     4.09981458209202E-14   4.79678306104766E-12
  117     49     68     1.18515999611621E-14   1.38663719545597E-12
  117     50     67     3.77118121960785E-05   4.41228202694118E-03
  118     44     74     2.06452582034410E-19   2.43614046800603E-17
  118     45     73     1.05007029592567E-18   1.23908294919229E-16
  118     46     72     8.33036629019860E-18   9.82983222243435E-16
  118     47     71     1.65078146450578E-17   1.94792212811682E-15
  118     48     70     1.32597469145734E-14   1.56465013591966E-12
  118     49     69     2.19530979621876E-17   2.59046555953814E-15
  118     50     68     2.72406593119745E-05   3.21439779881299E-03
  119     44     75     8.08197262767544E-20   9.61754742693377E-18
  119     45     74     5.33734392613802E-19   6.35143927210425E-17
  119     46     73     3.53091051174250E-18   4.20178350897357E-16
  119     47     72     1.07248228289024E-17   1.27625391663938E-15
  119     48     71     6.23340827961263E-16   7.41775585273903E-14
  119     49     70     5.57524276425532E-16   6.63453888946383E-14
  119     50     69     3.20996850431273E-05   3.81986252013215E-03
  120     44     76     2.36277319293483E-20   2.83532783152179E-18
  120     45     75     2.77155513531409E-19   3.32586616237691E-17
  120     46     74     1.76882749680108E-18   2.12259299616129E-16
  120     47     73     4.54226379168081E-18   5.45071655001698E-16
  120     48     72     1.87783681056209E-16   2.25340417267450E-14
  120     49     71     1.13852738755843E-17   1.36623286507011E-15
  120     50     70     2.66154691593680E-05   3.19385629912416E-03
  121     45     76     1.55633342605880E-19   1.88316344553115E-17
  121     46     75     7.95039666487579E-19   9.61997996449971E-17
  121     47     74     2.48641162169101E-18   3.00855806224613E-16
  121     48     73     4.31816536069869E-17   5.22498008644542E-15
  121     49     72     7.38891736212971E-17   8.94059000817695E-15
  121     50     71     3.11793595970773E-13   3.77270251124635E-11
  121     51     70     4.30062302569290E-05   5.20375386108841E-03
  122     45     77     3.52340946210262E-20   4.29855954376520E-18
  122     46     76     3.36028871667159E-19   4.09955223433934E-17
  122     47     75     1.38759120959188E-18   1.69286127570210E-16
  122     48     74     1.39552579551336E-17   1.70254147052629E-15
  122     49     73     3.99513054388317E-18   4.87405926353747E-16
  122     50     72     2.19272674491355E-05   2.67512662879454E-03
  122     52     70     5.92912581626422E-11   7.23353349584234E-09
  123     46     77     1.92135773668392E-19   2.36327001612122E-17
  123     47     76     6.53507302976264E-19   8.03813982660804E-17
  123     48     75     4.86323384442652E-18   5.98177762864462E-16
  123     49     74     1.42985218917562E-17   1.75871819268601E-15
  123     50     73     2.79377003755969E-06   3.43633714619842E-04
  123     51     72     3.70587848144723E-05   4.55823053218009E-03
  124     46     78     1.82542217323249E-20   2.26352349480829E-18
  124     47     77     2.75435030579513E-19   3.41539437918596E-17
  124     48     76     2.39521561409917E-18   2.97006736148297E-16
  124     49     75     6.00666696254526E-18   7.44826703355612E-16
  124     50     74     2.67585351687841E-05   3.31805836092923E-03
  124     51     73     1.54928560767437E-15   1.92111415351622E-13
  124     52     72     4.54888087114640E-13   5.64061228022153E-11
  125     46     79     2.28702566292592E-20   2.85878207865740E-18
  125     47     78     1.66347434381756E-19   2.07934292977195E-17
  125     48     77     1.02807302577859E-18   1.28509128222323E-16
  125     49     76     3.65372751798158E-18   4.56715939747697E-16
  125     50     75     1.31013369975405E-12   1.63766712469256E-10
  125     51     74     6.22697115806834E-05   7.78371394758542E-03
  125     52     73     2.46845369213168E-05   3.08556711516460E-03
  126     47     79     5.39296358860159E-20   6.79513412163801E-18
  126     48     78     5.96708451934283E-19   7.51852649437197E-17
  126     49     77     1.93464117533211E-18   2.43764788091845E-16
  126     50     76     1.02885551532658E-04   1.29635794931150E-02
  126     51     75     1.51640572110127E-11   1.91067120858760E-09
  126     52     74     4.26353111591747E-10   5.37204920605601E-08
  127     47     80     2.11550787702901E-20   2.68669500382684E-18
  127     48     79     2.97792541452898E-19   3.78196527645181E-17
  127     49     78     1.13150539667862E-18   1.43701185378185E-16
  127     50     77     7.91730071170817E-15   1.00549719038694E-12
  127     51     76     3.50897725823658E-13   4.45640111796045E-11
  127     52     75     3.55349856901529E-14   4.51294318264942E-12
  127     53     74     1.15845518605740E-04   1.47123808629290E-02
  128     48     80     1.35861948048747E-19   1.73903293502396E-17
  128     49     79     7.22254751757193E-19   9.24486082249208E-17
  128     50     78     3.17821010337289E-15   4.06810893231730E-13
  128     51     77     2.91171457959984E-14   3.72699466188780E-12
  128     52     76     9.74423345391803E-05   1.24726188210151E-02
  128     54     74     3.95574054927350E-15   5.06334790307008E-13
  129     48     81     8.01888271608193E-20   1.03443587037457E-17
  129     49     80     4.44374881268231E-19   5.73243596836018E-17
  129     50     79     1.12872576070717E-16   1.45605623131225E-14
  129     51     78     1.33572493074224E-14   1.72308516065749E-12
  129     52     77     3.53396186725400E-15   4.55881080875767E-13
  129     53     76     1.12265852697202E-04   1.44822949979390E-02
  129     54     75     6.78666039192574E-12   8.75479190558421E-10
  130     48     82     1.62391853706223E-20   2.11109409818090E-18
  130     49     81     1.66116110695676E-19   2.15950943904379E-17
  130     50     80     1.86332387321562E-16   2.42232103518030E-14
  130     51     79     2.01806962330714E-15   2.62349051029928E-13
  130     52     78     6.90562396316314E-05   8.97731115211208E-03
  130     53     77     1.74731317123696E-20   2.27150712260804E-18
  130     54     76     8.29980136265965E-12   1.07897417714575E-09
  131     49     82     1.14678607927340E-19   1.50228976384816E-17
  131     50     81     4.98334924390537E-17   6.52818750951603E-15
  131     51     80     1.32331471370384E-15   1.73354227495203E-13
  131     52     79     1.44002730203832E-15   1.88643576567019E-13
  131     53     78     6.73445982041401E-13   8.82214236474235E-11
  131     54     77     9.61086017693445E-05   1.25902268317841E-02
  132     49     83     4.72651387873664E-20   6.23899831993237E-18
  132     50     82     3.83219574102535E-17   5.05849837815346E-15
  132     51     81     1.98693657610703E-16   2.62275628046127E-14
  132     52     80     3.33481583115380E-13   4.40195689712302E-11
  132     53     79     9.94575533109616E-15   1.31283970370469E-12
  132     54     78     1.18960800519508E-04   1.57028256685750E-02
  133     49     84     1.68561651920079E-20   2.24186997053705E-18
  133     50     83     1.06344960456764E-18   1.41438797407496E-16
  133     51     82     1.91014462392938E-16   2.54049234982607E-14
  133     52     81     1.09115534597486E-15   1.45123661014657E-13
  133     53     80     1.09294673137708E-13   1.45361915273151E-11
  133     54     79     6.65311935858819E-13   8.84864874692229E-11
  133     55     78     5.60502720699855E-05   7.45468618530807E-03
  134     50     84     5.76922969073372E-19   7.73076778558318E-17
  134     51     83     1.13733779972417E-18   1.52403265163039E-16
  134     52     82     4.86578645517389E-15   6.52015384993302E-13
  134     53     81     6.11992265174818E-15   8.20069635334256E-13
  134     54     80     1.06224074659087E-04   1.42340260043176E-02
  134     55     79     7.75469531636400E-14   1.03912917239278E-11
  134     56     78     4.51380043914152E-14   6.04849258844964E-12
  135     50     85     1.59836972765822E-19   2.15779913233860E-17
  135     51     84     2.46599363501956E-18   3.32909140727641E-16
  135     52     83     3.59035839777122E-17   4.84698383699114E-15
  135     53     82     4.62438861901092E-14   6.24292463566474E-12
  135     54     81     6.42374173926576E-14   8.67205134800878E-12
  135     55     80     5.12000849870789E-05   6.91201147325565E-03
  135     56     79     2.10775443219318E-11   2.84546848346079E-09
  136     50     86     3.08460372487022E-20   4.19506106582350E-18
  136     51     85     1.10899371670981E-18   1.50823145472535E-16
  136     52     84     4.43739147568269E-17   6.03485240692846E-15
  136     53     83     2.24557716980373E-16   3.05398495093308E-14
  136     54     82     1.28627699806812E-04   1.74933671737265E-02
  136     55     81     7.45351344175743E-18   1.01367782807901E-15
  136     56     80     1.18993014713814E-11   1.61830500010786E-09
  137     51     86     3.70710686973848E-19   5.07873641154172E-17
  137     52     85     5.86869559220918E-18   8.04011296132658E-16
  137     53     84     7.04394141687766E-17   9.65019974112239E-15
  137     54     83     6.53486089060795E-16   8.95275942013289E-14
  137     55     82     6.00757558935484E-05   8.23037855741613E-03
  137     56     81     1.92570670880108E-06   2.63821819105748E-04
  138     51     87     1.25296186625744E-19   1.72908737543527E-17
  138     52     86     2.89173010126645E-18   3.99058753974770E-16
  138     53     85     1.90886279012638E-17   2.63423065037440E-15
  138     54     84     2.79856782001610E-15   3.86202359162222E-13
  138     55     83     6.62526504649739E-15   9.14286576416640E-13
  138     56     82     7.49930387121412E-05   1.03490393422755E-02
  138     57     81     1.23862263122186E-16   1.70929923108617E-14
  139     51     88     1.12285946586288E-20   1.56077465754940E-18
  139     52     87     9.23578917416421E-19   1.28377469520882E-16
  139     53     86     7.80695189199258E-18   1.08516631298697E-15
  139     54     85     1.46680181826983E-16   2.03885452739507E-14
  139     55     84     2.05721398495777E-15   2.85952743909130E-13
  139     56     83     1.84278434958853E-14   2.56147024592806E-12
  139     57     82     1.62075156665118E-05   2.25284467764514E-03
  140     52     88     2.51406240164590E-19   3.51968736230426E-17
  140     53     87     2.85467793804041E-18   3.99654911325658E-16
  140     54     86     6.02215080428653E-17   8.43101112600115E-15
  140     55     85     2.84354806819299E-16   3.98096729547019E-14
  140     56     84     5.00858212871067E-12   7.01201498019493E-10
  140     57     83     6.61919370939052E-13   9.26687119314673E-11
  140     58     82     7.35484619857210E-05   1.02967846780009E-02
  141     52     89     7.12794107689840E-20   1.00503969184267E-17
  141     53     88     1.11162917325771E-18   1.56739713429337E-16
  141     54     87     8.00051136446796E-18   1.12807210238998E-15
  141     55     86     1.18796522622998E-16   1.67503096898427E-14
  141     56     85     5.27328999678085E-15   7.43533889546100E-13
  141     57     84     6.76102880620913E-14   9.53305061675488E-12
  141     58     83     1.88794350694663E-09   2.66200034479475E-07
  141     59     82     6.19778102769321E-05   8.73887124904743E-03
  142     53     89     3.47015560396454E-19   4.92762095762964E-17
  142     54     88     4.65773260567476E-18   6.61398030005815E-16
  142     55     87     7.29632428373382E-18   1.03607804829020E-15
  142     56     86     2.81412376402966E-15   3.99605574492212E-13
  142     57     85     2.42058832644019E-14   3.43723542354508E-12
  142     58     84     4.40741779948677E-05   6.25853327527121E-03
  142     60     82     6.25975958737272E-16   8.88885861406926E-14
  143     53     90     6.57438143496640E-20   9.40136545200196E-18
  143     54     89     1.62061593973317E-18   2.31748079381843E-16
  143     55     88     8.01007290359777E-18   1.14544042521448E-15
  143     56     87     6.67079902804639E-17   9.53924261010633E-15
  143     57     86     4.07588667409864E-15   5.82851794396106E-13
  143     58     85     5.70461078536014E-13   8.15759342306500E-11
  143     59     84     5.72632716605075E-12   8.18864784745257E-10
  143     60     83     4.56783528592969E-05   6.53200445887946E-03
  144     53     91     2.36060629247252E-20   3.39927306116042E-18
  144     54     90     8.66683316491190E-19   1.24802397574731E-16
  144     55     89     4.36558797909155E-18   6.28644668989183E-16
  144     56     88     5.84043968196053E-17   8.41023314202316E-15
  144     57     87     1.99891542493568E-16   2.87843821190737E-14
  144     58     86     1.26189425376617E-05   1.81712772542329E-03
  144     59     85     5.33490836647232E-10   7.68226804772013E-08
  144     60     84     2.98624591249064E-05   4.30019411398652E-03
  145     54     91     2.23542430540342E-19   3.24136524283496E-17
  145     55     90     2.24663087319932E-18   3.25761476613901E-16
  145     56     89     1.88664722119428E-17   2.73563847073170E-15
  145     57     88     1.09094941411463E-16   1.58187665046622E-14
  145     58     87     7.96231288828945E-16   1.15453536880197E-13
  145     59     86     9.46132913214602E-14   1.37189272416117E-11
  145     60     85     4.60447155085292E-05   6.67648374873674E-03
  146     54     92     6.68037887276014E-20   9.75335315422980E-18
  146     55     91     8.99259033844419E-19   1.31291818941285E-16
  146     56     90     9.53114303274305E-18   1.39154688278048E-15
  146     57     89     2.75459962145998E-17   4.02171544733157E-15
  146     58     88     3.56487686663728E-15   5.20472022529043E-13
  146     59     87     6.37386294672375E-15   9.30583990221668E-13
  146     60     86     4.79603017257705E-05   7.00220405196249E-03
  147     54     93     1.25513061965033E-20   1.84504201088598E-18
  147     55     92     3.77524890088965E-19   5.54961588430778E-17
  147     56     91     3.02939099234218E-18   4.45320475874301E-16
  147     57     90     1.50838483320962E-17   2.21732570481814E-15
  147     58     89     2.10064160636156E-16   3.08794316135150E-14
  147     59     88     2.99458755455431E-15   4.40204370519484E-13
  147     60     87     3.59426311575448E-12   5.28356678015909E-10
  147     61     86     3.45251718577940E-05   5.07520026309572E-03
  147     62     85     1.44599188508958E-05   2.12560807108168E-03
  148     55     93     1.04811629472130E-19   1.55121211618753E-17
  148     56     92     1.66142362978899E-18   2.45890697208770E-16
  148     57     91     4.34465718537998E-18   6.43009263436237E-16
  148     58     90     1.96835876805031E-16   2.91317097671447E-14
  148     59     89     4.81561051715836E-16   7.12710356539438E-14
  148     60     88     4.29872535924349E-05   6.36211353168036E-03
  148     62     86     7.74463777025226E-13   1.14620638999733E-10
  149     55     94     1.83740564458583E-20   2.73773441043289E-18
  149     56     93     6.00061429631873E-19   8.94091530151491E-17
  149     57     92     3.12035422927269E-18   4.64932780161631E-16
  149     58     91     1.64525683249241E-17   2.45143268041369E-15
  149     59     90     4.22338813943603E-16   6.29284832775968E-14
  149     60     89     1.93179157382729E-14   2.87836944500266E-12
  149     61     88     5.95164018046348E-13   8.86794386889058E-11
  149     62     87     4.22204186610764E-05   6.29084238050038E-03
  150     56     94     2.59644113207623E-19   3.89466169811434E-17
  150     57     93     2.02407089091125E-18   3.03610633636688E-16
  150     58     92     1.06880172562619E-17   1.60320258843928E-15
  150     59     91     1.65832679641569E-17   2.48749019462354E-15
  150     60     90     3.88247837523186E-05   5.82371756284779E-03
  150     62     88     2.31812110289829E-09   3.47718165434743E-07
  151     56     95     7.43056033796461E-20   1.12201461103266E-17
  151     57     94     9.99262383363477E-19   1.50888619887885E-16
  151     58     93     4.19872060140805E-18   6.34006810812616E-16
  151     59     92     4.56717778104682E-17   6.89643844938070E-15
  151     60     91     1.80287676749201E-15   2.72234391891293E-13
  151     61     90     2.46939007835708E-13   3.72877901831919E-11
  151     62     89     4.76460237282529E-05   7.19454958296619E-03
  151     63     88     5.03256144479588E-07   7.59916778164178E-05
  152     56     96     1.23921678666213E-20   1.88360951572644E-18
  152     57     95     3.36275733834299E-19   5.11139115428135E-17
  152     58     94     2.13154125406057E-18   3.23994270617206E-16
  152     59     93     5.78238567058845E-18   8.78922621929445E-16
  152     60     92     1.10878041050409E-15   1.68534622396622E-13
  152     61     91     4.00395720144409E-16   6.08601494619501E-14
  152     62     90     3.20202192176815E-05   4.86707332108759E-03
  152     63     89     2.29956753926870E-18   3.49534265968842E-16
  152     64     88     4.65754552903864E-20   7.07946920413874E-18
  153     57     96     6.59718430256899E-20   1.00936919829305E-17
  153     58     95     1.32627311081254E-18   2.02919785954319E-16
  153     59     94     5.72090178565571E-18   8.75297973205324E-16
  153     60     93     4.24518162271183E-17   6.49512788274911E-15
  153     61     92     4.23186396108199E-16   6.47475186045545E-14
  153     62     91     2.25023490285138E-13   3.44285940136261E-11
  153     63     90     3.35913918649349E-05   5.13948295533505E-03
  154     57     97     1.92052955811200E-20   2.95761551949248E-18
  154     58     96     3.58242383460615E-19   5.51693270529346E-17
  154     59     95     2.38160609755144E-18   3.66767339022923E-16
  154     60     94     2.74601060642671E-17   4.22885633389713E-15
  154     61     93     1.70730445811805E-16   2.62924886550179E-14
  154     62     92     2.93130693373377E-05   4.51421267795001E-03
  154     63     91     3.10401127882589E-11   4.78017736939187E-09
  154     64     90     3.62485949346815E-12   5.58228361994095E-10
  155     58     97     1.78254886625883E-19   2.76295074270118E-17
  155     59     96     6.52721105124908E-19   1.01171771294361E-16
  155     60     95     7.47429372495890E-18   1.15851552736863E-15
  155     61     94     3.49012678991368E-17   5.40969652436620E-15
  155     62     93     1.12696223126153E-15   1.74679145845537E-13
  155     63     92     2.98675758199928E-05   4.62947425209889E-03
  155     64     91     6.59523291617162E-06   1.02226110200660E-03
  156     58     98     3.45236339454146E-20   5.38568689548468E-18
  156     59     97     3.90237252030566E-19   6.08770113167683E-17
  156     60     96     3.10496737297861E-18   4.84374910184664E-16
  156     61     95     3.67278601071478E-05   5.72954617671506E-03
  156     62     94     5.71719360645610E-19   8.91882202607151E-17
  156     63     93     3.99620038734851E-17   6.23407260426368E-15
  156     64     92     4.95675862544815E-08   7.73254345569911E-06
  157     59     98     8.51121559997293E-20   1.33626084919575E-17
  157     60     97     9.36087176511192E-19   1.46965686712257E-16
  157     61     96     4.34644409449611E-18   6.82391722835889E-16
  157     62     95     1.97715791278237E-16   3.10413792306833E-14
  157     63     94     2.24184409888422E-14   3.51969523524823E-12
  157     64     93     4.30609327945438E-05   6.76056644874337E-03
  158     59     99     3.13498721362218E-20   4.95327979752305E-18
  158     60     98     2.58698136076467E-19   4.08743055000818E-17
  158     61     97     1.32912070188683E-18   2.10001070898119E-16
  158     62     96     8.82886268148633E-17   1.39496030367484E-14
  158     63     95     7.63548492041779E-16   1.20640661742601E-13
  158     64     94     4.28202350323458E-05   6.76559713511063E-03
  159     60     99     1.53908651313925E-19   2.44714755589140E-17
  159     61     98     2.86053922090807E-19   4.54825736124383E-17
  159     62     97     2.20613300662034E-18   3.50775148052634E-16
  159     63     96     2.10945062493400E-16   3.35402649364507E-14
  159     64     95     1.28851101337016E-14   2.04873251125856E-12
  159     65     94     4.44012466302964E-05   7.05979821421713E-03
  160     60    100     3.72951366452730E-20   5.96722186324368E-18
  160     61     99     3.77376902191079E-19   6.03803043505726E-17
  160     62     98     1.25175122669897E-18   2.00280196271835E-16
  160     63     97     4.95615509539123E-18   7.92984815262596E-16
  160     64     96     4.01015128939820E-05   6.41624206303712E-03
  160     65     95     1.92819521495180E-13   3.08511234392289E-11
  160     66     94     2.18833876576257E-11   3.50134202522011E-09
  161     60    101     1.45310569644366E-20   2.33950017127429E-18
  161     61    100     1.09469090004649E-19   1.76245234907485E-17
  161     62     99     4.16804615644657E-19   6.71055431187897E-17
  161     63     98     2.26740058476342E-18   3.65051494146910E-16
  161     64     97     1.91859155791452E-17   3.08893240824238E-15
  161     65     96     5.24444650389961E-14   8.44355887127838E-12
  161     66     95     4.11429281602487E-05   6.62401143380003E-03
  162     61    101     4.40375739439056E-20   7.13408697891271E-18
  162     62    100     1.23324732245627E-19   1.99786066237916E-17
  162     63     99     5.57641419915066E-19   9.03379100262406E-17
  162     64     98     2.65149870201055E-17   4.29542789725710E-15
  162     65     97     2.39900487674119E-17   3.88638790032073E-15
  162     66     96     3.74683583464591E-05   6.06987405212637E-03
  163     62    101     7.37527422280628E-20   1.20216969831742E-17
  163     63    100     2.59355768818115E-19   4.22749903173527E-17
  163     64     99     2.29138341372900E-18   3.73495496437828E-16
  163     65     98     3.94262005130144E-17   6.42647068362134E-15
  163     66     97     3.96401567168716E-05   6.46134554485007E-03
  164     62    102     1.82125248397181E-20   2.98685407371377E-18
  164     63    101     7.89463278644911E-20   1.29471977697765E-17
  164     64    100     8.52326189134961E-19   1.39781495018134E-16
  164     65     99     3.40937452088840E-18   5.59137421425698E-16
  164     66     98     3.47713017386157E-05   5.70249348513298E-03
  165     63    102     2.43612963243524E-20   4.01961389351815E-18
  165     64    101     1.14245605379662E-19   1.88505248876442E-17
  165     65    100     1.40869078707386E-18   2.32433979867186E-16
  165     66     99     9.31873737485041E-17   1.53759166685032E-14
  165     67     98     2.43120986207442E-05   4.01149627242280E-03
  166     63    103     1.53496963473642E-20   2.54804959366247E-18
  166     64    102     3.15822952054972E-20   5.24266100411254E-18
  166     65    101     1.65154177086450E-19   2.74155933963506E-17
  166     66    100     1.94485395354629E-15   3.22845756288684E-13
  166     67     99     6.40070885122724E-16   1.06251766930372E-13
  166     68     98     2.41123345507768E-05   4.00264753542896E-03
  167     64    103     2.13033221320630E-20   3.55765479605452E-18
  167     65    102     7.15849936549213E-20   1.19546939403719E-17
  167     66    101     1.37268712770069E-18   2.29238750326016E-16
  167     67    100     3.98596505803688E-17   6.65656164692158E-15
  167     68     99     2.91649426197375E-05   4.87054541749616E-03
  168     65    103     1.22240169601793E-20   2.05363484931013E-18
  168     66    102     7.78192047684076E-19   1.30736264010925E-16
  168     67    101     2.66852629384181E-19   4.48312417365424E-17
  168     68    100     1.92337827720718E-05   3.23127550570807E-03
  169     66    103     3.08153901979222E-20   5.20780094344886E-18
  169     67    102     2.23609068347047E-19   3.77899325506509E-17
  169     68    101     6.50237375927586E-16   1.09890116531762E-13
  169     69    100     1.65630558090621E-05   2.79915643173149E-03
  170     67    103     6.31408575625281E-20   1.07339457856298E-17
  170     68    102     1.87031629668371E-05   3.17953770436231E-03
  170     69    101     1.06873317210022E-13   1.81684639257038E-11
  170     70    100     1.45217482888910E-12   2.46869720911146E-10
  171     68    103     4.07383638673051E-18   6.96626022130917E-16
  171     69    102     1.03890053943479E-05   1.77651992243348E-03
  171     70    101     6.62244999016295E-06   1.13243894831786E-03
  172     70    102     1.80347698481291E-05   3.10198041387820E-03
  173     70    103     1.50744282892410E-05   2.60787609403870E-03
  174     70    104     2.54232580490488E-05   4.42364690053450E-03
  175     71    104     1.50492701577661E-05   2.63362227760907E-03
  176     70    106     1.65178882952130E-05   2.90714833995749E-03
  176     71    105     6.68479197647617E-13   1.17652338785981E-10
  177     69    108     1.39234934393022E-05   2.46445833875649E-03
  177     72    105     3.36233154189024E-09   5.95132682914572E-07
  178     69    109     1.55344116449764E-05   2.76512527280580E-03
  178     72    106     1.22142929540520E-12   2.17414414582126E-10
  179     72    107     7.88640356026788E-06   1.41166623728795E-03
  180     72    108     6.62659670317084E-06   1.19278740657075E-03
  181     70    111     4.86169385616878E-06   8.79966587966550E-04
  181     72    109     1.26604115949914E-12   2.29153449869344E-10
  181     73    108     3.91073202160667E-09   7.07842495910807E-07
  182     72    110     3.68908272406981E-06   6.71413055780706E-04
  182     73    109     1.23638001331908E-13   2.25021162424072E-11
  182     74    108     2.69516255964817E-13   4.90519585855967E-11
  183     74    109     2.49557594336286E-06   4.56690397635403E-04
  184     74    110     3.58319420463787E-06   6.59307733653369E-04
  185     74    111     4.51567828755849E-08   8.35400483198321E-06
  185     75    110     4.29895881384348E-06   7.95307380561043E-04
  186     74    112     6.26623903356935E-06   1.16552046024390E-03
  186     76    110     1.79934872115514E-15   3.34678862134857E-13
  187     75    112     8.39684929588321E-06   1.57021081833016E-03
  187     76    111     1.82990253955616E-16   3.42191774897001E-14
  188     74    114     1.56487529578730E-07   2.94196555608013E-05
  188     75    113     1.60444350692993E-09   3.01635379302826E-07
  188     76    112     2.10990857843172E-05   3.96662812745164E-03
  189     76    113     5.21815878959565E-05   9.86232011233578E-03
  190     76    114     6.46177063804001E-05   1.22773642122760E-02
  191     74    117     1.01215972945253E-04   1.93322508325433E-02
  191     76    115     3.33313570906719E-18   6.36628920431834E-16
  191     77    114     7.03730613690337E-09   1.34412547214854E-06
  192     76    116     1.71967555515907E-04   3.30177706590542E-02
  192     77    115     2.18559445308584E-18   4.19634134992482E-16
  192     78    114     2.14466840830562E-16   4.11776334394679E-14
  193     75    118     3.44940640338742E-04   6.65735435853772E-02
  193     77    116     1.18446290516696E-07   2.28601340697224E-05
  194     75    119     2.68810317265705E-04   5.21492015495469E-02
  194     76    118     6.08468550375424E-11   1.18042898772832E-08
  194     77    117     2.23512597046121E-14   4.33614438269475E-12
  194     78    116     1.06228647092594E-11   2.06083575359633E-09
  195     78    117     4.45744394554686E-04   8.69201569381638E-02
  196     78    118     1.89145843680899E-04   3.70725853614563E-02
  197     79    118     1.93580269760512E-04   3.81353131428209E-02
  198     78    120     5.35943242861931E-05   1.06116762086662E-02
  198     80    118     5.33577890903060E-11   1.05648422398806E-08
  199     80    119     2.84891700750989E-05   5.66934484494468E-03
  200     77    123     3.60818508792167E-06   7.21637017584334E-04
  200     80    120     3.86024576331016E-08   7.72049152662033E-06
  201     80    121     2.49291824998970E-06   5.01076568247930E-04
  202     80    122     1.00511067109403E-06   2.03032355560995E-04
  203     80    123     7.51242308417971E-10   1.52502188608848E-07
  203     81    122     1.12246166825145E-06   2.27859718655043E-04
  204     80    124     1.40846547776967E-06   2.87326957465012E-04
  204     81    123     3.17906930592888E-15   6.48530138409492E-13
  204     82    122     8.82446017068697E-16   1.80018987482014E-13
  205     81    124     1.86203439533203E-06   3.81717051043067E-04
  206     79    127     1.30628758094448E-06   2.69095241674564E-04
  206     80    126     1.23986496892859E-19   2.55412183599290E-17
  206     81    125     4.34686773360181E-18   8.95454753121973E-16
  206     82    124     2.48777311034094E-07   5.12481260730234E-05
  207     81    126     3.46486512990929E-12   7.17227081891224E-10
  207     82    125     1.60342507036091E-05   3.31908989564709E-03
  208     81    127     1.07791254075581E-12   2.24205808477209E-10
  208     82    126     1.76416817768973E-05   3.66946980959465E-03
  209     81    128     1.80280254104315E-16   3.76785731078019E-14
  209     82    127     7.36382472749632E-13   1.53903936804673E-10
  209     83    126     1.58224995218120E-05   3.30690240005871E-03
  210     81    129     2.40562989515065E-18   5.05182277981637E-16
  210     82    128     9.16210142242180E-06   1.92404129870858E-03
  210     83    127     5.66292264078596E-09   1.18921375456505E-06
  210     84    126     1.44684289102641E-07   3.03837007115546E-05
  211     81    130     2.60359237457720E-06   5.49357991035790E-04
  211     82    129     2.63636385286711E-11   5.56272772954961E-09
  211     83    128     1.55993365686408E-12   3.29146001598320E-10
  211     84    127     1.76073750537957E-17   3.71515613635090E-15
  212     82    130     6.28079063713625E-10   1.33152761507288E-07
  212     83    129     5.95419179862523E-11   1.26228866130855E-08
  213     82    131     3.24863067042194E-18   6.91958332799873E-16
  213     83    130     1.72432752747082E-13   3.67281763351285E-11
  214     82    132     2.49065557397372E-13   5.33000292830376E-11
  214     83    131     1.84128982591857E-13   3.94036022746575E-11
  214     84    130     2.54172292815270E-20   5.43928706624679E-18
  215     83    132     4.43295906850419E-18   9.53086199728401E-16
  215     84    131     2.16373964900351E-17   4.65204024535755E-15
  216     84    132     2.37998960825874E-15   5.14077755383887E-13
  217     84    133     8.84174052245102E-20   1.91865769337187E-17
  217     85    132     2.03279106984146E-18   4.41115662155598E-16
  218     84    134     2.87611671281162E-14   6.26993443392934E-12
  218     85    133     4.63867644006837E-20   1.01123146393491E-17
  219     85    134     5.61272626823459E-19   1.22918705274338E-16
  219     86    133     4.81103368576362E-14   1.05361637718223E-11
  220     86    134     9.12607717204235E-13   2.00773697784932E-10
  221     86    135     3.61921977061901E-17   7.99847569306801E-15
  221     87    134     1.80169770929357E-14   3.98175193753879E-12
  222     86    136     5.10630279478820E-11   1.13359922044298E-08
  223     87    136     2.20508288142590E-13   4.91733482557977E-11
  223     88    135     1.20026381209649E-08   2.67658830097518E-06
  224     86    138     9.30350445211129E-18   2.08398499727293E-15
  224     87    137     1.42191035428858E-18   3.18507919360642E-16
  224     88    136     5.15412234280262E-09   1.15452340478779E-06
  225     88    137     8.11584596554939E-11   1.82606534224861E-08
  225     89    136     5.43557333813752E-11   1.22300400108094E-08
  226     88    138     7.81342828680269E-06   1.76583479281741E-03
  227     89    138     8.31555226974974E-06   1.88763036523319E-03
  227     90    137     1.92637564197755E-08   4.37287270728903E-06
  228     88    140     7.09034910139979E-06   1.61659959511915E-03
  228     89    139     8.65897990195511E-10   1.97424741764577E-07
  228     90    138     9.96963454920097E-07   2.27307667721782E-04
  229     90    139     1.57328408451240E-05   3.60282055353339E-03
  230     90    140     1.18405029657894E-05   2.72331568213156E-03
  231     90    141     1.18732025867546E-16   2.74270979754032E-14
  231     91    140     1.93216781338520E-05   4.46330764891981E-03
  232     90    142     1.41771463122715E-05   3.28909794444699E-03
  233     91    142     9.20438646061863E-11   2.14462204532414E-08
  233     92    141     2.41567181679543E-05   5.62851533313336E-03
  234     90    144     1.62669516863066E-11   3.80646669459574E-09
  234     91    143     1.90689179482856E-13   4.46212679989884E-11
  234     92    142     1.87321051415882E-05   4.38331260313164E-03
  235     92    143     2.86813829249848E-05   6.74012498737143E-03
  236     92    144     2.42630467961311E-05   5.72607904388694E-03
  237     92    145     2.12606248934221E-18   5.03876809974104E-16
  237     93    144     5.48894095180003E-05   1.30087900557661E-02
  238     92    146     3.55006814521318E-05   8.44916218560737E-03
  238     93    145     1.72818981614913E-20   4.11309176243492E-18
  238     94    144     5.84010300608356E-13   1.38994451544789E-10
  239     93    146     1.90387548978180E-11   4.55026242057851E-09
  239     94    145     6.63387871735262E-05   1.58549701344728E-02
  240     92    148     2.07118371555736E-16   4.97084091733767E-14
  240     93    147     1.51256272350152E-17   3.63015053640365E-15
  240     94    146     3.24894542741806E-05   7.79746902580334E-03
  241     92    149     4.26181175384220E-05   1.02709663267597E-02
  241     94    147     6.58085583097751E-11   1.58598625526558E-08
  241     95    146     4.48464056595031E-12   1.08079837639403E-09
  242     94    148     1.56683727702388E-05   3.79174621039779E-03
  242     95    147     2.88932267305784E-16   6.99216086879998E-14
  242     96    146     3.50465125947095E-14   8.48125604791969E-12
  243     94    149     4.38144550376976E-16   1.06469125741605E-13
  243     95    148     2.17445945534586E-05   5.28393647649043E-03
  244     92    152     1.83263690848624E-20   4.47163405670643E-18
  244     93    151     1.00760746817700E-18   2.45856222235187E-16
  244     94    150     1.02858519837210E-05   2.50974788402793E-03
  244     95    149     1.77958176711734E-19   4.34217951176631E-17
  244     96    148     7.04894051823219E-11   1.71994148644865E-08
  245     93    152     1.61372641930355E-05   3.95362972729369E-03
  245     96    149     4.44987094652758E-09   1.09021838189926E-06
  246     93    153     1.42173091932203E-17   3.49745806153219E-15
  246     94    152     1.14637595293481E-12   2.82008484421962E-10
  246     95    151     2.86274485043229E-15   7.04235233206343E-13
  246     96    150     8.18844170586596E-06   2.01435665964303E-03
  246     97    149     4.02258331341287E-13   9.89555495099567E-11
  247     93    154     9.61790467015097E-20   2.37562245352729E-17
  247     94    153     1.22657272095841E-14   3.02963462076726E-12
  247     95    152     8.63591053764924E-17   2.13306990279936E-14
  247     96    151     1.21099540591542E-05   2.99115865261109E-03
  248     94    154     6.17752410778073E-06   1.53202597872962E-03
  248     96    152     2.54885873813984E-11   6.32116967058681E-09
  248     97    151     2.81972860153099E-20   6.99292693179686E-18
  249     94    155     2.54133785968952E-19   6.32793127062692E-17
  249     95    154     1.20604467217508E-05   3.00305123371594E-03
  249     97    152     4.64315334924476E-16   1.15614518396194E-13
  249     98    151     8.58646041787180E-16   2.13802864405008E-13
  250     95    155     4.13899938267809E-06   1.03474984566952E-03
  250     96    154     7.24210141778944E-20   1.81052535444736E-17
  250     98    152     3.48570084074441E-20   8.71425210186103E-18
  251     95    156     9.89355098560102E-06   2.48328129738586E-03
  252     96    156     3.21915647609694E-06   8.11227431976429E-04
  253     96    157     7.50551774855048E-06   1.89889599038327E-03
  254     96    158     1.85504782176926E-06   4.71182146729393E-04
  255     97    158     2.32294493920643E-06   5.92350959497640E-04
  256     97    159     6.18564940029771E-07   1.58352624647621E-04
  257     97    160     4.31106407310921E-07   1.10794346678907E-04
  258     98    160     7.71206554040765E-15   1.98971290942518E-12
  259     98    161     3.31096990535699E-09   8.57541205487461E-07
  260     98    162     3.33701153600595E-10   8.67622999361548E-08
  262     99    163     3.04172784980524E-20   7.96932696648972E-18
