# 1:A 2:Y(A) 3:X(A)
    1     9.01219867315170E-09     9.01219867315170E-09
    2     8.30639138377112E-16     1.66127827675422E-15
    3     2.73615408973830E-09     8.20846226921489E-09
    4     2.72273025034860E-04     1.08909210013944E-03
    5     0.00000000000000E+00     0.00000000000000E+00
    6     6.91063926670979E-09     4.14638356002587E-08
    7     8.41624313898429E-10     5.89137019728900E-09
    8     0.00000000000000E+00     0.00000000000000E+00
    9     6.98375261021698E-07     6.28537734919529E-06
   10     6.21836824901839E-08     6.21836824901839E-07
   11     3.65075092631376E-09     4.01582601894514E-08
   12     4.61846686391951E-07     5.54216023670342E-06
   13     4.87304018787009E-08     6.33495224423112E-07
   14     7.09290083594964E-08     9.93006117032950E-07
   15     1.08915701025338E-05     1.63373551538007E-04
   16     2.08724124324681E-07     3.33958598919490E-06
   17     2.20506611428823E-09     3.74861239428999E-08
   18     8.28461537317735E-07     1.49123076717192E-05
   19     1.13139110271475E-06     2.14964309515802E-05
   20     6.22869760697372E-08     1.24573952139474E-06
   21     1.02673259286958E-07     2.15613844502612E-06
   22     2.88278294408264E-06     6.34212247698180E-05
   23     7.15685873738240E-10     1.64607750959795E-08
   24     1.61406045115016E-08     3.87374508276039E-07
   25     6.75008628365219E-08     1.68752157091305E-06
   26     2.98988378108657E-09     7.77369783082509E-08
   27     6.04825947981979E-10     1.63303005955134E-08
   28     1.67672276835104E-09     4.69482375138291E-08
   29     8.92793734450202E-10     2.58910182990558E-08
   30     1.82399550046626E-09     5.47198650139878E-08
   31     3.31805079329331E-09     1.02859574592093E-07
   32     1.10364005131633E-08     3.53164816421226E-07
   33     1.04677199488476E-08     3.45434758311972E-07
   34     1.33181275463980E-08     4.52816336577532E-07
   35     6.91515792960193E-09     2.42030527536068E-07
   36     2.21230222377907E-09     7.96428800560466E-08
   37     1.45404886639578E-08     5.37998080566439E-07
   38     2.27365457706641E-10     8.63988739285235E-09
   39     1.12319048592854E-10     4.38044289512132E-09
   40     2.82628249699588E-09     1.13051299879835E-07
   41     7.61939610434495E-09     3.12395240278143E-07
   42     6.74167208664327E-08     2.83150227639018E-06
   43     7.61302820203636E-09     3.27360212687563E-07
   44     1.85163016910568E-08     8.14717274406499E-07
   45     3.94467277104330E-08     1.77510274696949E-06
   46     1.62860854428959E-08     7.49159930373210E-07
   47     7.23728931207191E-09     3.40152597667380E-07
   48     1.13971986481155E-08     5.47065535109545E-07
   49     1.66546572867996E-09     8.16078207053178E-08
   50     2.52281119638395E-08     1.26140559819198E-06
   51     2.62764774164430E-08     1.34010034823859E-06
   52     9.61995391332090E-09     5.00237603492687E-07
   53     2.48186923685196E-09     1.31539069553154E-07
   54     2.18805572202037E-09     1.18155008989100E-07
   55     9.90332610406264E-10     5.44682935723445E-08
   56     5.80597295075758E-09     3.25134485242424E-07
   57     6.44372799962923E-09     3.67292495978866E-07
   58     3.53103056406808E-09     2.04799772715948E-07
   59     2.88980299031911E-09     1.70498376428827E-07
   60     2.37998830736885E-09     1.42799298442131E-07
   61     6.22369155513412E-09     3.79645184863182E-07
   62     1.56164081473395E-08     9.68217305135046E-07
   63     1.52045424765990E-08     9.57886176025738E-07
   64     5.63487258839216E-09     3.60631845657098E-07
   65     8.02729847794621E-09     5.21774401066503E-07
   66     6.28701561835121E-09     4.14943030811180E-07
   67     9.15206637315176E-09     6.13188447001168E-07
   68     1.35823894438510E-08     9.23602482181865E-07
   69     2.24138451969647E-08     1.54655531859056E-06
   70     2.55545010271118E-08     1.78881507189782E-06
   71     3.18144988000760E-08     2.25882941480539E-06
   72     4.37509234198904E-08     3.15006648623211E-06
   73     6.48542085452465E-08     4.73435722380300E-06
   74     8.02288571021824E-08     5.93693542556149E-06
   75     1.39717595238832E-07     1.04788196429124E-05
   76     2.53044875259323E-07     1.92314105197086E-05
   77     4.58271146051105E-07     3.52868782459351E-05
   78     3.66922189399249E-07     2.86199307731414E-05
   79     3.85305469342628E-07     3.04391320780676E-05
   80     6.53774167199545E-07     5.23019333759636E-05
   81     1.02039859327899E-06     8.26522860555978E-05
   82     1.49220476390578E-06     1.22360790640274E-04
   83     1.95692439320679E-06     1.62424724636164E-04
   84     2.48256983846125E-06     2.08535866430745E-04
   85     1.43945789799761E-06     1.22353921329797E-04
   86     2.60022358403558E-06     2.23619228227060E-04
   87     4.23582637389931E-06     3.68516894529240E-04
   88     6.02160201096277E-06     5.29900976964724E-04
   89     5.69156299075172E-06     5.06549106176903E-04
   90     5.25496279032678E-06     4.72946651129410E-04
   91     6.13472675648424E-06     5.58260134840066E-04
   92     9.98632835134308E-06     9.18742208323564E-04
   93     7.22121761116453E-06     6.71573237838301E-04
   94     7.07192299727100E-06     6.64760761743474E-04
   95     1.22918114434422E-05     1.16772208712701E-03
   96     1.06228768887353E-05     1.01979618131859E-03
   97     1.01651573031987E-05     9.86020258410270E-04
   98     1.17304280488592E-05     1.14958194878820E-03
   99     1.32642480264981E-05     1.31316055462332E-03
  100     1.64665252669968E-05     1.64665252669968E-03
  101     1.66199251735803E-05     1.67861244253161E-03
  102     1.97512465034693E-05     2.01462714335387E-03
  103     2.21267182889003E-05     2.27905198375673E-03
  104     2.25657317084282E-05     2.34683609767654E-03
  105     2.59300806180961E-05     2.72265846490009E-03
  106     2.73104718570275E-05     2.89491001684492E-03
  107     2.33262035541535E-05     2.49590378029442E-03
  108     2.50798028207459E-05     2.70861870464056E-03
  109     3.61717549283271E-05     3.94272128718765E-03
  110     3.79901128340140E-05     4.17891241174153E-03
  111     3.66267807986477E-05     4.06557266864989E-03
  112     1.99202839039095E-05     2.23107179723787E-03
  113     3.07323624796795E-05     3.47275696020378E-03
  114     2.66952895301198E-05     3.04326300643366E-03
  115     2.66375296739114E-05     3.06331591249981E-03
  116     2.95983725561144E-05     3.43341121650927E-03
  117     3.77118122492833E-05     4.41228203316614E-03
  118     2.72406593252823E-05     3.21439780038331E-03
  119     3.20996850443231E-05     3.81986252027444E-03
  120     2.66154691595738E-05     3.19385629914885E-03
  121     4.30062305688431E-05     5.20375389883002E-03
  122     2.19273267404134E-05     2.67513386233044E-03
  123     3.98525548520519E-05     4.90186424680239E-03
  124     2.67585356252302E-05     3.31805841752855E-03
  125     8.69542498121387E-05     1.08692812265173E-02
  126     1.02885993049830E-04     1.29636351242786E-02
  127     1.15845519000091E-04     1.47123809130116E-02
  128     9.74423345754322E-05     1.24726188256553E-02
  129     1.12265859500867E-04     1.44822958756118E-02
  130     6.90562479336373E-05     8.97731223137285E-03
  131     9.61086024456037E-05     1.25902269203741E-02
  132     1.18960800863172E-04     1.57028257139387E-02
  133     5.60502728458753E-05     7.45468628850142E-03
  134     1.06224074792759E-04     1.42340260222297E-02
  135     5.12001061751430E-05     6.91201433364431E-03
  136     1.28627711706391E-04     1.74933687920692E-02
  137     6.20014626030797E-05     8.49420037662191E-03
  138     7.49930387217110E-05     1.03490393435961E-02
  139     1.62075156871523E-05     2.25284468051417E-03
  140     7.35484676565701E-05     1.02967854719198E-02
  141     6.19796982934506E-05     8.73913745937654E-03
  142     4.40741780225260E-05     6.25853327919869E-03
  143     4.56783591602374E-05     6.53200535991395E-03
  144     4.24819351536683E-05     6.11739866212823E-03
  145     4.60447156040692E-05     6.67648376259003E-03
  146     4.79603017357473E-05     7.00220405341910E-03
  147     4.89850943061761E-05     7.20080886300789E-03
  148     4.29872543675831E-05     6.36211364640230E-03
  149     4.22204192760009E-05     6.29084247212413E-03
  150     3.88271018734511E-05     5.82406528101766E-03
  151     4.81492801215254E-05     7.27054129835033E-03
  152     3.20202192192013E-05     4.86707332131860E-03
  153     3.35913920904312E-05     5.13948298983597E-03
  154     2.93131040025109E-05     4.51421801638668E-03
  155     3.64628087373346E-05     5.65173535428687E-03
  156     3.67774276934464E-05     5.73727872017764E-03
  157     4.30609328171653E-05     6.76056645229495E-03
  158     4.28202350331992E-05     6.76559713524548E-03
  159     4.44012466433951E-05     7.05979821629982E-03
  160     4.01015349701958E-05     6.41624559523133E-03
  161     4.11429282127151E-05     6.62401144224713E-03
  162     3.74683583465103E-05     6.06987405213467E-03
  163     3.96401567169136E-05     6.46134554485692E-03
  164     3.47713017386201E-05     5.70249348513369E-03
  165     2.43120986208390E-05     4.01149627243843E-03
  166     2.41123345533620E-05     4.00264753585809E-03
  167     2.91649426197788E-05     4.87054541750306E-03
  168     1.92337827720729E-05     3.23127550570825E-03
  169     1.65630558097126E-05     2.79915643184143E-03
  170     1.87031645258853E-05     3.17953796940051E-03
  171     1.70114553845149E-05     2.90895887075204E-03
  172     1.80347698481291E-05     3.10198041387820E-03
  173     1.50744282892410E-05     2.60787609403870E-03
  174     2.54232580490488E-05     4.42364690053450E-03
  175     1.50492701577661E-05     2.63362227760907E-03
  176     1.65178889636922E-05     2.90714845760983E-03
  177     1.39268557708441E-05     2.46505347143940E-03
  178     1.55344128664057E-05     2.76512549022021E-03
  179     7.88640356026788E-06     1.41166623728795E-03
  180     6.62659670317084E-06     1.19278740657075E-03
  181     4.86560585423155E-06     8.80674659615910E-04
  182     3.68908311722407E-06     6.71413127334781E-04
  183     2.49557594336286E-06     4.56690397635403E-04
  184     3.58319420463787E-06     6.59307733653369E-04
  185     4.34411559671906E-06     8.03661385393027E-04
  186     6.26623903536870E-06     1.16552046057858E-03
  187     8.39684929606620E-06     1.57021081836438E-03
  188     2.12571777574029E-05     3.99634941839175E-03
  189     5.21815878959565E-05     9.86232011233578E-03
  190     6.46177063804001E-05     1.22773642122760E-02
  191     1.01223010251393E-04     1.93335949580161E-02
  192     1.71967555516124E-04     3.30177706590958E-02
  193     3.45059086629259E-04     6.65964037194469E-02
  194     2.68810388757776E-04     5.21492154190086E-02
  195     4.45744394554686E-04     8.69201569381638E-02
  196     1.89145843680899E-04     3.70725853614563E-02
  197     1.93580269760512E-04     3.81353131428209E-02
  198     5.35943776439821E-05     1.06116867735085E-02
  199     2.84891700750989E-05     5.66934484494468E-03
  200     3.64678754555477E-06     7.29357509110954E-04
  201     2.49291824998970E-06     5.01076568247930E-04
  202     1.00511067109403E-06     2.03032355560995E-04
  203     1.12321291055986E-06     2.28012220843652E-04
  204     1.40846548183118E-06     2.87326958293561E-04
  205     1.86203439533203E-06     3.81717051043067E-04
  206     1.55506489198305E-06     3.20343367748508E-04
  207     1.60342541684743E-05     3.31909061287417E-03
  208     1.76416828548099E-05     3.66947003380046E-03
  209     1.58225002583747E-05     3.30690255400032E-03
  210     9.31244863416763E-06     1.95561421317520E-03
  211     2.60362029816700E-06     5.49363882913236E-04
  212     6.87620981699877E-10     1.45775648120374E-07
  213     1.72436001377753E-13     3.67288682934613E-11
  214     4.33194565406459E-13     9.27036369969821E-11
  215     2.60703555585393E-17     5.60512644508595E-15
  216     2.37998960825874E-15     5.14077755383887E-13
  217     2.12120847506597E-18     4.60302239089316E-16
  218     2.87612135148806E-14     6.26994454624398E-12
  219     4.81108981302630E-14     1.05362866905276E-11
  220     9.12607717204235E-13     2.00773697784932E-10
  221     1.80531692906419E-14     3.98975041323186E-12
  222     5.10630279478820E-11     1.13359922044298E-08
  223     1.20028586292531E-08     2.67663747432344E-06
  224     5.15412235352803E-09     1.15452340719028E-06
  225     1.35514193036869E-10     3.04906934332955E-08
  226     7.81342828680269E-06     1.76583479281741E-03
  227     8.33481602616952E-06     1.89200323794048E-03
  228     8.08817845431008E-06     1.84410468758270E-03
  229     1.57328408451240E-05     3.60282055353339E-03
  230     1.18405029657894E-05     2.72331568213156E-03
  231     1.93216781339707E-05     4.46330764894724E-03
  232     1.41771463122715E-05     3.28909794444699E-03
  233     2.41568102118190E-05     5.62853677935382E-03
  234     1.87321215992291E-05     4.38331645421961E-03
  235     2.86813829249848E-05     6.74012498737143E-03
  236     2.42630467961311E-05     5.72607904388694E-03
  237     5.48894095180025E-05     1.30087900557666E-02
  238     3.55006820361421E-05     8.44916232460182E-03
  239     6.63388062122811E-05     1.58549746847352E-02
  240     3.24894542744028E-05     7.79746902585668E-03
  241     4.26181878316208E-05     1.02709832674206E-02
  242     1.56683728055742E-05     3.79174621894897E-03
  243     2.17445945538967E-05     5.28393647659690E-03
  244     1.02859224731274E-05     2.50976508344309E-03
  245     1.61417140639820E-05     3.95471994567559E-03
  246     8.18844325737721E-06     2.01435704131479E-03
  247     1.21099540715064E-05     2.99115865566207E-03
  248     6.17754959636814E-06     1.53203229989930E-03
  249     1.20604467230740E-05     3.00305123404543E-03
  250     4.13899938267820E-06     1.03474984566955E-03
  251     9.89355098560102E-06     2.48328129738586E-03
  252     3.21915647609694E-06     8.11227431976429E-04
  253     7.50551774855048E-06     1.89889599038327E-03
  254     1.85504782176926E-06     4.71182146729393E-04
  255     2.32294493920643E-06     5.92350959497640E-04
  256     6.18564940029771E-07     1.58352624647621E-04
  257     4.31106407310921E-07     1.10794346678907E-04
  258     7.71206554040765E-15     1.98971290942518E-12
  259     3.31096990535699E-09     8.57541205487461E-07
  260     3.33701153600595E-10     8.67622999361548E-08
  261     0.00000000000000E+00     0.00000000000000E+00
  262     3.04172784980524E-20     7.96932696648972E-18
  263     0.00000000000000E+00     0.00000000000000E+00
  264     0.00000000000000E+00     0.00000000000000E+00
  265     0.00000000000000E+00     0.00000000000000E+00
  266     0.00000000000000E+00     0.00000000000000E+00
  267     0.00000000000000E+00     0.00000000000000E+00
  268     0.00000000000000E+00     0.00000000000000E+00
  269     0.00000000000000E+00     0.00000000000000E+00
  270     0.00000000000000E+00     0.00000000000000E+00
  271     0.00000000000000E+00     0.00000000000000E+00
  272     0.00000000000000E+00     0.00000000000000E+00
  273     0.00000000000000E+00     0.00000000000000E+00
  274     0.00000000000000E+00     0.00000000000000E+00
  275     0.00000000000000E+00     0.00000000000000E+00
  276     0.00000000000000E+00     0.00000000000000E+00
  277     0.00000000000000E+00     0.00000000000000E+00
  278     0.00000000000000E+00     0.00000000000000E+00
  279     0.00000000000000E+00     0.00000000000000E+00
  280     0.00000000000000E+00     0.00000000000000E+00
  281     0.00000000000000E+00     0.00000000000000E+00
  282     0.00000000000000E+00     0.00000000000000E+00
  283     0.00000000000000E+00     0.00000000000000E+00
  284     0.00000000000000E+00     0.00000000000000E+00
  285     0.00000000000000E+00     0.00000000000000E+00
  286     0.00000000000000E+00     0.00000000000000E+00
  287     0.00000000000000E+00     0.00000000000000E+00
  288     0.00000000000000E+00     0.00000000000000E+00
  289     0.00000000000000E+00     0.00000000000000E+00
  290     0.00000000000000E+00     0.00000000000000E+00
  291     0.00000000000000E+00     0.00000000000000E+00
  292     0.00000000000000E+00     0.00000000000000E+00
  293     0.00000000000000E+00     0.00000000000000E+00
  294     0.00000000000000E+00     0.00000000000000E+00
  295     0.00000000000000E+00     0.00000000000000E+00
  296     0.00000000000000E+00     0.00000000000000E+00
  297     0.00000000000000E+00     0.00000000000000E+00
  298     0.00000000000000E+00     0.00000000000000E+00
  299     0.00000000000000E+00     0.00000000000000E+00
  300     0.00000000000000E+00     0.00000000000000E+00
  301     0.00000000000000E+00     0.00000000000000E+00
  302     0.00000000000000E+00     0.00000000000000E+00
  303     0.00000000000000E+00     0.00000000000000E+00
  304     0.00000000000000E+00     0.00000000000000E+00
  305     0.00000000000000E+00     0.00000000000000E+00
  306     0.00000000000000E+00     0.00000000000000E+00
  307     0.00000000000000E+00     0.00000000000000E+00
  308     0.00000000000000E+00     0.00000000000000E+00
  309     0.00000000000000E+00     0.00000000000000E+00
  310     0.00000000000000E+00     0.00000000000000E+00
  311     0.00000000000000E+00     0.00000000000000E+00
  312     0.00000000000000E+00     0.00000000000000E+00
  313     0.00000000000000E+00     0.00000000000000E+00
  314     0.00000000000000E+00     0.00000000000000E+00
  315     0.00000000000000E+00     0.00000000000000E+00
  316     0.00000000000000E+00     0.00000000000000E+00
  317     0.00000000000000E+00     0.00000000000000E+00
  318     0.00000000000000E+00     0.00000000000000E+00
  319     0.00000000000000E+00     0.00000000000000E+00
  320     0.00000000000000E+00     0.00000000000000E+00
  321     0.00000000000000E+00     0.00000000000000E+00
  322     0.00000000000000E+00     0.00000000000000E+00
  323     0.00000000000000E+00     0.00000000000000E+00
  324     0.00000000000000E+00     0.00000000000000E+00
  325     0.00000000000000E+00     0.00000000000000E+00
  326     0.00000000000000E+00     0.00000000000000E+00
  327     0.00000000000000E+00     0.00000000000000E+00
  328     0.00000000000000E+00     0.00000000000000E+00
  329     0.00000000000000E+00     0.00000000000000E+00
  330     0.00000000000000E+00     0.00000000000000E+00
  331     0.00000000000000E+00     0.00000000000000E+00
  332     0.00000000000000E+00     0.00000000000000E+00
  333     0.00000000000000E+00     0.00000000000000E+00
  334     0.00000000000000E+00     0.00000000000000E+00
  335     0.00000000000000E+00     0.00000000000000E+00
  336     0.00000000000000E+00     0.00000000000000E+00
  337     0.00000000000000E+00     0.00000000000000E+00
