# time[s], T9[GK], density[g/cm^3], R[km], Ye

0.0000e+00 1.2000e+01 1.0000e+13 5.0000e+01 0.30000
2.5000e-05 1.0869e+01 8.5114e+12 5.1250e+01 0.30000
5.0000e-05 9.7313e+00 7.2444e+12 5.2500e+01 0.30000
7.6000e-05 8.6531e+00 6.3096e+12 5.3800e+01 0.30000
1.0100e-04 7.8374e+00 5.4954e+12 5.5050e+01 0.30000
1.2600e-04 7.1150e+00 4.8978e+12 5.6300e+01 0.30000
1.5100e-04 6.5640e+00 4.2659e+12 5.7550e+01 0.30000
1.7700e-04 6.0978e+00 3.8019e+12 5.8850e+01 0.30000
2.0200e-04 5.6777e+00 3.3884e+12 6.0100e+01 0.30000
2.2700e-04 5.3477e+00 2.9512e+12 6.1350e+01 0.30000
2.5200e-04 5.0138e+00 2.6303e+12 6.2600e+01 0.30000
2.7700e-04 4.7225e+00 2.3442e+12 6.3850e+01 0.30000
3.0300e-04 4.4277e+00 2.0418e+12 6.5150e+01 0.30000
3.2800e-04 4.2089e+00 1.8197e+12 6.6400e+01 0.30000
3.5300e-04 3.9643e+00 1.6218e+12 6.7650e+01 0.30000
3.7800e-04 3.7685e+00 1.4791e+12 6.8900e+01 0.30000
4.0300e-04 3.5578e+00 1.3183e+12 7.0150e+01 0.30000
4.2900e-04 3.3976e+00 1.2022e+12 7.1450e+01 0.30000
4.5400e-04 3.2372e+00 1.0965e+12 7.2700e+01 0.30000
4.7900e-04 3.0844e+00 1.0000e+12 7.3950e+01 0.30000
5.0400e-04 2.9592e+00 9.1202e+11 7.5200e+01 0.30000
5.2900e-04 2.8130e+00 8.3177e+11 7.6450e+01 0.30000
5.5500e-04 2.6988e+00 7.5858e+11 7.7750e+01 0.30000
5.8000e-04 2.5952e+00 6.9183e+11 7.9000e+01 0.30000
6.0500e-04 2.4842e+00 6.4566e+11 8.0250e+01 0.30000
6.3000e-04 2.3887e+00 5.8884e+11 8.1500e+01 0.30000
6.5600e-04 2.2813e+00 5.4954e+11 8.2800e+01 0.30000
6.8100e-04 2.1786e+00 5.0119e+11 8.4050e+01 0.30000
7.0600e-04 2.0998e+00 4.6774e+11 8.5300e+01 0.30000
7.3100e-04 2.0098e+00 4.2659e+11 8.6550e+01 0.30000
7.5600e-04 1.9283e+00 3.9811e+11 8.7800e+01 0.30000
7.8200e-04 1.8542e+00 3.7153e+11 8.9100e+01 0.30000
8.0700e-04 1.7668e+00 3.3884e+11 9.0350e+01 0.30000
8.3200e-04 1.6912e+00 3.1623e+11 9.1600e+01 0.30000
8.5700e-04 1.6262e+00 2.9512e+11 9.2850e+01 0.30000
8.8200e-04 1.5531e+00 2.7542e+11 9.4100e+01 0.30000
9.0800e-04 1.4831e+00 2.5704e+11 9.5400e+01 0.30000
9.3300e-04 1.4229e+00 2.3988e+11 9.6650e+01 0.30000
9.5800e-04 1.3620e+00 2.2387e+11 9.7900e+01 0.30000
9.8300e-04 1.2977e+00 2.0893e+11 9.9150e+01 0.30000
1.0090e-03 1.2251e+00 1.9498e+11 1.0045e+02 0.30000
1.0340e-03 1.1459e+00 1.8621e+11 1.0170e+02 0.30000
1.0590e-03 1.0572e+00 1.7379e+11 1.0295e+02 0.30000
1.0840e-03 9.7987e-01 1.6218e+11 1.0420e+02 0.30000
1.1090e-03 9.1447e-01 1.5489e+11 1.0545e+02 0.30000
1.1350e-03 8.6332e-01 1.4454e+11 1.0675e+02 0.30000
1.1600e-03 7.9831e-01 1.3804e+11 1.0800e+02 0.30000
1.1850e-03 7.4503e-01 1.2882e+11 1.0925e+02 0.30000
1.2100e-03 7.0011e-01 1.2303e+11 1.1050e+02 0.30000
1.2350e-03 6.6401e-01 1.1749e+11 1.1175e+02 0.30000
1.2610e-03 6.2111e-01 1.0965e+11 1.1305e+02 0.30000
1.2860e-03 5.8234e-01 1.0471e+11 1.1430e+02 0.30000
1.3110e-03 5.4850e-01 1.0000e+11 1.1555e+02 0.30000
1.3360e-03 5.2260e-01 9.5499e+10 1.1680e+02 0.30000
1.3620e-03 4.9794e-01 9.1202e+10 1.1810e+02 0.30000
1.3870e-03 4.6792e-01 8.7097e+10 1.1935e+02 0.30000
1.4120e-03 4.4277e-01 8.3177e+10 1.2060e+02 0.30000
1.4370e-03 4.2187e-01 7.9433e+10 1.2185e+02 0.30000
1.4620e-03 4.0288e-01 7.5858e+10 1.2310e+02 0.30000
1.4880e-03 3.8830e-01 7.2444e+10 1.2440e+02 0.30000
1.5130e-03 3.6659e-01 6.9183e+10 1.2565e+02 0.30000
1.5380e-03 3.4768e-01 6.6070e+10 1.2690e+02 0.30000
1.5630e-03 3.3279e-01 6.4566e+10 1.2815e+02 0.30000
1.5880e-03 3.2002e-01 6.1660e+10 1.2940e+02 0.30000
1.6140e-03 3.0915e-01 5.8884e+10 1.3070e+02 0.30000
1.6390e-03 2.9728e-01 5.6234e+10 1.3195e+02 0.30000
1.6640e-03 2.8325e-01 5.4954e+10 1.3320e+02 0.30000
1.6890e-03 2.7112e-01 5.2481e+10 1.3445e+02 0.30000
1.7150e-03 2.6072e-01 5.1286e+10 1.3575e+02 0.30000
1.7400e-03 2.5128e-01 4.8978e+10 1.3700e+02 0.30000
1.7650e-03 2.4387e-01 4.6774e+10 1.3825e+02 0.30000
1.7900e-03 2.3723e-01 4.5709e+10 1.3950e+02 0.30000
1.8150e-03 2.2655e-01 4.3652e+10 1.4075e+02 0.30000
1.8410e-03 2.1736e-01 4.2659e+10 1.4205e+02 0.30000
1.8660e-03 2.0950e-01 4.0738e+10 1.4330e+02 0.30000
1.8910e-03 2.0239e-01 3.9811e+10 1.4455e+02 0.30000
1.9160e-03 1.9687e-01 3.8904e+10 1.4580e+02 0.30000
1.9410e-03 1.9195e-01 3.7153e+10 1.4705e+02 0.30000
1.9670e-03 1.8758e-01 3.6308e+10 1.4835e+02 0.30000
1.9920e-03 1.7996e-01 3.5482e+10 1.4960e+02 0.30000
2.0170e-03 1.7384e-01 3.3884e+10 1.5085e+02 0.30000
2.0420e-03 1.6834e-01 3.3113e+10 1.5210e+02 0.30000
2.0680e-03 1.6337e-01 3.2360e+10 1.5340e+02 0.30000
2.0930e-03 1.5929e-01 3.0903e+10 1.5465e+02 0.30000
2.1130e-03 1.5566e-01 3.0200e+10 1.5565e+02 0.30000
2.1430e-03 1.5282e-01 2.9512e+10 1.5715e+02 0.30000
2.1730e-03 1.4899e-01 2.8841e+10 1.5865e+02 0.30000
2.1930e-03 1.4427e-01 2.7542e+10 1.5965e+02 0.30000
2.2230e-03 1.4002e-01 2.6915e+10 1.6115e+02 0.30000
2.2430e-03 1.3620e-01 2.6303e+10 1.6215e+02 0.30000
2.2730e-03 1.3279e-01 2.5704e+10 1.6365e+02 0.30000
2.2930e-03 1.3007e-01 2.4548e+10 1.6465e+02 0.30000
2.3230e-03 1.2769e-01 2.3988e+10 1.6615e+02 0.30000
2.3430e-03 1.2566e-01 2.3442e+10 1.6715e+02 0.30000
2.3730e-03 1.2393e-01 2.2909e+10 1.6865e+02 0.30000
2.3930e-03 1.2055e-01 2.2387e+10 1.6965e+02 0.30000
2.4230e-03 1.1726e-01 2.1878e+10 1.7115e+02 0.30000
2.4430e-03 1.1459e-01 2.1380e+10 1.7215e+02 0.30000
2.4730e-03 1.1199e-01 2.0893e+10 1.7365e+02 0.30000
2.4930e-03 1.0994e-01 1.9953e+10 1.7465e+02 0.30000
2.5230e-03 1.0819e-01 1.9498e+10 1.7615e+02 0.30000
2.5430e-03 1.0646e-01 1.9055e+10 1.7715e+02 0.30000
2.5730e-03 1.0524e-01 1.8621e+10 1.7865e+02 0.30000
2.5930e-03 1.0427e-01 1.8197e+10 1.7965e+02 0.30000
2.6230e-03 1.0190e-01 1.7783e+10 1.8115e+02 0.30000
2.6430e-03 9.9351e-02 1.7379e+10 1.8215e+02 0.30000
2.6730e-03 9.7313e-02 1.6982e+10 1.8365e+02 0.30000
2.6930e-03 9.5317e-02 1.6595e+10 1.8465e+02 0.30000
2.7230e-03 9.3578e-02 1.6218e+10 1.8615e+02 0.30000
2.7530e-03 9.2082e-02 1.5849e+10 1.8765e+02 0.30000
2.7730e-03 9.0818e-02 1.5489e+10 1.8865e+02 0.30000
2.8030e-03 8.9572e-02 1.5136e+10 1.9015e+02 0.30000
2.8230e-03 8.8751e-02 1.4791e+10 1.9115e+02 0.30000
2.8530e-03 8.8140e-02 1.4454e+10 1.9265e+02 0.30000
2.8730e-03 8.6531e-02 1.4126e+10 1.9365e+02 0.30000
2.9030e-03 8.4756e-02 1.3804e+10 1.9515e+02 0.30000
2.9230e-03 8.3018e-02 1.3490e+10 1.9615e+02 0.30000
2.9530e-03 8.1503e-02 1.3490e+10 1.9765e+02 0.30000
2.9730e-03 8.0199e-02 1.3183e+10 1.9865e+02 0.30000
3.0030e-03 7.9099e-02 1.2882e+10 2.0015e+02 0.30000
3.0230e-03 7.8194e-02 1.2590e+10 2.0115e+02 0.30000
3.0530e-03 7.7477e-02 1.2303e+10 2.0265e+02 0.30000
3.0730e-03 7.6767e-02 1.2022e+10 2.0365e+02 0.30000
3.1030e-03 7.6239e-02 1.1749e+10 2.0515e+02 0.30000
3.1230e-03 7.5888e-02 1.1482e+10 2.0615e+02 0.30000
3.1530e-03 7.4847e-02 1.1298e+10 2.0765e+02 0.30000
3.1730e-03 7.3481e-02 1.1092e+10 2.0865e+02 0.30000
3.2030e-03 7.2473e-02 1.0864e+10 2.1015e+02 0.30000
3.2230e-03 7.1314e-02 1.0666e+10 2.1115e+02 0.30000
3.2530e-03 7.0335e-02 1.0447e+10 2.1265e+02 0.30000
3.2730e-03 6.9530e-02 1.0257e+10 2.1365e+02 0.30000
3.3030e-03 6.8893e-02 1.0046e+10 2.1515e+02 0.30000
3.3330e-03 6.8260e-02 9.8628e+09 2.1665e+02 0.30000
3.3530e-03 6.7791e-02 9.6828e+09 2.1765e+02 0.30000
3.3830e-03 6.7325e-02 9.5061e+09 2.1915e+02 0.30000
3.4030e-03 6.7015e-02 9.3111e+09 2.2015e+02 0.30000
3.4330e-03 6.6861e-02 9.1412e+09 2.2165e+02 0.30000
3.4530e-03 6.5944e-02 8.9744e+09 2.2265e+02 0.30000
3.4830e-03 6.5039e-02 8.8105e+09 2.2415e+02 0.30000
3.5030e-03 6.4147e-02 8.6498e+09 2.2515e+02 0.30000
3.5330e-03 6.3412e-02 8.5114e+09 2.2665e+02 0.30000
3.5530e-03 6.2687e-02 8.3561e+09 2.2765e+02 0.30000
3.5830e-03 6.2111e-02 8.2036e+09 2.2915e+02 0.30000
3.6030e-03 6.1542e-02 8.0539e+09 2.3015e+02 0.30000
3.6330e-03 6.1118e-02 7.9250e+09 2.3165e+02 0.30000
3.6530e-03 6.0698e-02 7.7804e+09 2.3265e+02 0.30000
3.6830e-03 6.0419e-02 7.6384e+09 2.3415e+02 0.30000
3.7030e-03 6.0141e-02 7.5163e+09 2.3515e+02 0.30000
3.7330e-03 6.0003e-02 7.3791e+09 2.3665e+02 0.30000
3.7530e-03 5.9865e-02 7.2611e+09 2.3765e+02 0.30000
3.7830e-03 5.9044e-02 7.1450e+09 2.3915e+02 0.30000
3.8030e-03 5.8367e-02 7.0146e+09 2.4015e+02 0.30000
3.8330e-03 5.7567e-02 6.9024e+09 2.4165e+02 0.30000
3.8530e-03 5.7039e-02 6.7920e+09 2.4265e+02 0.30000
3.8830e-03 5.6386e-02 6.6834e+09 2.4415e+02 0.30000
3.9130e-03 5.5869e-02 6.5767e+09 2.4565e+02 0.30000
3.9330e-03 5.5485e-02 6.4566e+09 2.4665e+02 0.30000
3.9630e-03 5.5103e-02 6.3533e+09 2.4815e+02 0.30000
3.9830e-03 5.4723e-02 6.2517e+09 2.4915e+02 0.30000
4.0130e-03 5.4472e-02 6.1518e+09 2.5065e+02 0.30000
4.0330e-03 5.4222e-02 6.0674e+09 2.5165e+02 0.30000
4.0630e-03 5.4097e-02 5.9704e+09 2.5315e+02 0.30000
4.0830e-03 5.3972e-02 5.8749e+09 2.5415e+02 0.30000
4.1130e-03 5.3972e-02 5.7810e+09 2.5565e+02 0.30000
4.1330e-03 5.3601e-02 5.6886e+09 2.5665e+02 0.30000
4.1630e-03 5.2987e-02 5.5976e+09 2.5815e+02 0.30000
4.1830e-03 5.2381e-02 5.5208e+09 2.5915e+02 0.30000
4.2130e-03 5.1900e-02 5.4325e+09 2.6065e+02 0.30000
4.2330e-03 5.1424e-02 5.3580e+09 2.6165e+02 0.30000
4.2630e-03 5.1071e-02 5.2723e+09 2.6315e+02 0.30000
4.2830e-03 5.0602e-02 5.1881e+09 2.6415e+02 0.30000
4.3130e-03 5.0370e-02 5.1169e+09 2.6565e+02 0.30000
4.3330e-03 5.0024e-02 5.0466e+09 2.6665e+02 0.30000
4.3630e-03 4.9794e-02 4.9659e+09 2.6815e+02 0.30000
4.3830e-03 4.9679e-02 4.8978e+09 2.6915e+02 0.30000
4.4130e-03 4.9565e-02 4.8195e+09 2.7065e+02 0.30000
4.4330e-03 4.9451e-02 4.7534e+09 2.7165e+02 0.30000
4.4630e-03 4.9337e-02 4.6882e+09 2.7315e+02 0.30000
4.4830e-03 4.9337e-02 4.6132e+09 2.7415e+02 0.30000
4.5130e-03 4.9224e-02 4.5499e+09 2.7565e+02 0.30000
4.5430e-03 4.8773e-02 4.4875e+09 2.7715e+02 0.30000
4.5630e-03 4.8325e-02 4.4259e+09 2.7815e+02 0.30000
4.5930e-03 4.7992e-02 4.3652e+09 2.7965e+02 0.30000
4.6130e-03 4.7552e-02 4.3052e+09 2.8065e+02 0.30000
4.6430e-03 4.7225e-02 4.2462e+09 2.8215e+02 0.30000
4.6630e-03 4.7008e-02 4.1879e+09 2.8315e+02 0.30000
4.6930e-03 4.6685e-02 4.1305e+09 2.8465e+02 0.30000
4.7130e-03 4.6470e-02 4.0738e+09 2.8565e+02 0.30000
4.7430e-03 4.6363e-02 4.0180e+09 2.8715e+02 0.30000
4.7630e-03 4.6150e-02 3.9628e+09 2.8815e+02 0.30000
4.7930e-03 4.6044e-02 3.9084e+09 2.8965e+02 0.30000
4.8130e-03 4.5938e-02 3.8548e+09 2.9065e+02 0.30000
4.8430e-03 4.5938e-02 3.8019e+09 2.9215e+02 0.30000
4.8630e-03 4.5938e-02 3.7498e+09 2.9315e+02 0.30000
4.8930e-03 4.5938e-02 3.7068e+09 2.9465e+02 0.30000
4.9130e-03 4.5938e-02 3.6560e+09 2.9565e+02 0.30000
4.9430e-03 4.5832e-02 3.6058e+09 2.9715e+02 0.30000
4.9630e-03 4.5412e-02 3.5646e+09 2.9815e+02 0.30000
4.9930e-03 4.5204e-02 3.5157e+09 2.9965e+02 0.30000
5.0130e-03 4.4892e-02 3.4674e+09 3.0065e+02 0.30000
5.0430e-03 4.4686e-02 3.4277e+09 3.0215e+02 0.30000
5.0630e-03 4.4480e-02 3.3806e+09 3.0315e+02 0.30000
5.0930e-03 4.4175e-02 3.3343e+09 3.0465e+02 0.30000
5.1230e-03 4.4073e-02 3.2961e+09 3.0615e+02 0.30000
5.1430e-03 4.3871e-02 3.2509e+09 3.0715e+02 0.30000
5.1730e-03 4.3769e-02 3.2137e+09 3.0865e+02 0.30000
5.1930e-03 4.3668e-02 3.1696e+09 3.0965e+02 0.30000
5.2230e-03 4.3569e-02 3.1333e+09 3.1115e+02 0.30000
5.2430e-03 4.3468e-02 3.0974e+09 3.1215e+02 0.30000
5.2730e-03 4.3369e-02 3.0549e+09 3.1365e+02 0.30000
5.2930e-03 4.3369e-02 3.0200e+09 3.1465e+02 0.30000
5.3230e-03 4.3369e-02 2.9854e+09 3.1615e+02 0.30000
5.3430e-03 4.3369e-02 2.9445e+09 3.1715e+02 0.30000
5.3730e-03 4.3369e-02 2.9107e+09 3.1865e+02 0.30000
5.3930e-03 4.3369e-02 2.8774e+09 3.1965e+02 0.30000
5.4230e-03 4.3169e-02 2.8444e+09 3.2115e+02 0.30000
