# time[s], T9[GK], density[g/cm^3], R[km], Ye

0.0000e+00 1.0000e+01 1.4000e+13 5.0000e+01 0.03000
2.5000e-05 9.0572e+00 1.1916e+13 5.1125e+01 0.03000
5.0000e-05 8.1094e+00 1.0142e+13 5.2250e+01 0.03000
7.6000e-05 7.2109e+00 8.8334e+12 5.3420e+01 0.03000
1.0100e-04 6.5311e+00 7.6936e+12 5.4545e+01 0.03000
1.2600e-04 5.9291e+00 6.8569e+12 5.5670e+01 0.03000
1.5100e-04 5.4700e+00 5.9722e+12 5.6795e+01 0.03000
1.7700e-04 5.0815e+00 5.3227e+12 5.7965e+01 0.03000
2.0200e-04 4.7314e+00 4.7438e+12 5.9090e+01 0.03000
2.2700e-04 4.4565e+00 4.1317e+12 6.0215e+01 0.03000
2.5200e-04 4.1782e+00 3.6824e+12 6.1340e+01 0.03000
2.7700e-04 3.9354e+00 3.2819e+12 6.2465e+01 0.03000
3.0300e-04 3.6897e+00 2.8585e+12 6.3635e+01 0.03000
3.2800e-04 3.5074e+00 2.5476e+12 6.4760e+01 0.03000
3.5300e-04 3.3036e+00 2.2705e+12 6.5885e+01 0.03000
3.7800e-04 3.1404e+00 2.0707e+12 6.7010e+01 0.03000
4.0300e-04 2.9648e+00 1.8456e+12 6.8135e+01 0.03000
4.2900e-04 2.8314e+00 1.6831e+12 6.9305e+01 0.03000
4.5400e-04 2.6977e+00 1.5351e+12 7.0430e+01 0.03000
4.7900e-04 2.5704e+00 1.4000e+12 7.1555e+01 0.03000
5.0400e-04 2.4660e+00 1.2768e+12 7.2680e+01 0.03000
5.2900e-04 2.3442e+00 1.1645e+12 7.3805e+01 0.03000
5.5500e-04 2.2490e+00 1.0620e+12 7.4975e+01 0.03000
5.8000e-04 2.1627e+00 9.6857e+11 7.6100e+01 0.03000
6.0500e-04 2.0701e+00 9.0392e+11 7.7225e+01 0.03000
6.3000e-04 1.9906e+00 8.2438e+11 7.8350e+01 0.03000
6.5600e-04 1.9010e+00 7.6936e+11 7.9520e+01 0.03000
6.8100e-04 1.8155e+00 7.0167e+11 8.0645e+01 0.03000
7.0600e-04 1.7498e+00 6.5483e+11 8.1770e+01 0.03000
7.3100e-04 1.6749e+00 5.9722e+11 8.2895e+01 0.03000
7.5600e-04 1.6069e+00 5.5736e+11 8.4020e+01 0.03000
7.8200e-04 1.5452e+00 5.2015e+11 8.5190e+01 0.03000
8.0700e-04 1.4723e+00 4.7438e+11 8.6315e+01 0.03000
8.3200e-04 1.4093e+00 4.4272e+11 8.7440e+01 0.03000
8.5700e-04 1.3551e+00 4.1317e+11 8.8565e+01 0.03000
8.8200e-04 1.2942e+00 3.8559e+11 8.9690e+01 0.03000
9.0800e-04 1.2359e+00 3.5985e+11 9.0860e+01 0.03000
9.3300e-04 1.1858e+00 3.3584e+11 9.1985e+01 0.03000
9.5800e-04 1.1350e+00 3.1342e+11 9.3110e+01 0.03000
9.8300e-04 1.0814e+00 2.9250e+11 9.4235e+01 0.03000
1.0090e-03 1.0209e+00 2.7297e+11 9.5405e+01 0.03000
1.0340e-03 9.5495e-01 2.6069e+11 9.6530e+01 0.03000
1.0590e-03 8.8103e-01 2.4330e+11 9.7655e+01 0.03000
1.0840e-03 8.1656e-01 2.2705e+11 9.8780e+01 0.03000
1.1090e-03 7.6206e-01 2.1684e+11 9.9905e+01 0.03000
1.1350e-03 7.1943e-01 2.0236e+11 1.0107e+02 0.03000
1.1600e-03 6.6526e-01 1.9326e+11 1.0220e+02 0.03000
1.1850e-03 6.2086e-01 1.8035e+11 1.0333e+02 0.03000
1.2100e-03 5.8343e-01 1.7224e+11 1.0445e+02 0.03000
1.2350e-03 5.5334e-01 1.6449e+11 1.0558e+02 0.03000
1.2610e-03 5.1759e-01 1.5351e+11 1.0675e+02 0.03000
1.2860e-03 4.8528e-01 1.4660e+11 1.0787e+02 0.03000
1.3110e-03 4.5708e-01 1.4000e+11 1.0900e+02 0.03000
1.3360e-03 4.3550e-01 1.3370e+11 1.1012e+02 0.03000
1.3620e-03 4.1495e-01 1.2768e+11 1.1129e+02 0.03000
1.3870e-03 3.8993e-01 1.2194e+11 1.1241e+02 0.03000
1.4120e-03 3.6897e-01 1.1645e+11 1.1354e+02 0.03000
1.4370e-03 3.5155e-01 1.1121e+11 1.1466e+02 0.03000
1.4620e-03 3.3573e-01 1.0620e+11 1.1579e+02 0.03000
1.4880e-03 3.2358e-01 1.0142e+11 1.1696e+02 0.03000
1.5130e-03 3.0549e-01 9.6857e+10 1.1809e+02 0.03000
1.5380e-03 2.8973e-01 9.2497e+10 1.1921e+02 0.03000
1.5630e-03 2.7733e-01 9.0392e+10 1.2033e+02 0.03000
1.5880e-03 2.6668e-01 8.6323e+10 1.2146e+02 0.03000
1.6140e-03 2.5763e-01 8.2438e+10 1.2263e+02 0.03000
1.6390e-03 2.4773e-01 7.8728e+10 1.2375e+02 0.03000
1.6640e-03 2.3604e-01 7.6936e+10 1.2488e+02 0.03000
1.6890e-03 2.2594e-01 7.3474e+10 1.2600e+02 0.03000
1.7150e-03 2.1726e-01 7.1800e+10 1.2717e+02 0.03000
1.7400e-03 2.0940e-01 6.8569e+10 1.2830e+02 0.03000
1.7650e-03 2.0323e-01 6.5483e+10 1.2943e+02 0.03000
1.7900e-03 1.9769e-01 6.3993e+10 1.3055e+02 0.03000
1.8150e-03 1.8879e-01 6.1113e+10 1.3168e+02 0.03000
1.8410e-03 1.8113e-01 5.9722e+10 1.3284e+02 0.03000
1.8660e-03 1.7458e-01 5.7033e+10 1.3397e+02 0.03000
1.8910e-03 1.6865e-01 5.5736e+10 1.3509e+02 0.03000
1.9160e-03 1.6406e-01 5.4466e+10 1.3622e+02 0.03000
1.9410e-03 1.5995e-01 5.2015e+10 1.3734e+02 0.03000
1.9670e-03 1.5632e-01 5.0831e+10 1.3851e+02 0.03000
1.9920e-03 1.4997e-01 4.9674e+10 1.3964e+02 0.03000
2.0170e-03 1.4487e-01 4.7438e+10 1.4076e+02 0.03000
2.0420e-03 1.4028e-01 4.6358e+10 1.4189e+02 0.03000
2.0680e-03 1.3614e-01 4.5304e+10 1.4306e+02 0.03000
2.0930e-03 1.3274e-01 4.3264e+10 1.4419e+02 0.03000
2.1130e-03 1.2971e-01 4.2280e+10 1.4508e+02 0.03000
2.1430e-03 1.2735e-01 4.1317e+10 1.4644e+02 0.03000
2.1730e-03 1.2416e-01 4.0377e+10 1.4778e+02 0.03000
2.1930e-03 1.2023e-01 3.8559e+10 1.4869e+02 0.03000
2.2230e-03 1.1668e-01 3.7681e+10 1.5004e+02 0.03000
2.2430e-03 1.1350e-01 3.6824e+10 1.5094e+02 0.03000
2.2730e-03 1.1066e-01 3.5985e+10 1.5228e+02 0.03000
2.2930e-03 1.0839e-01 3.4367e+10 1.5319e+02 0.03000
2.3230e-03 1.0641e-01 3.3584e+10 1.5453e+02 0.03000
2.3430e-03 1.0472e-01 3.2819e+10 1.5544e+02 0.03000
2.3730e-03 1.0327e-01 3.2073e+10 1.5679e+02 0.03000
2.3930e-03 1.0046e-01 3.1342e+10 1.5769e+02 0.03000
2.4230e-03 9.7720e-02 3.0629e+10 1.5903e+02 0.03000
2.4430e-03 9.5495e-02 2.9932e+10 1.5994e+02 0.03000
2.4730e-03 9.3324e-02 2.9250e+10 1.6128e+02 0.03000
2.4930e-03 9.1619e-02 2.7934e+10 1.6219e+02 0.03000
2.5230e-03 9.0155e-02 2.7297e+10 1.6353e+02 0.03000
2.5430e-03 8.8714e-02 2.6677e+10 1.6444e+02 0.03000
2.5730e-03 8.7698e-02 2.6069e+10 1.6579e+02 0.03000
2.5930e-03 8.6895e-02 2.5476e+10 1.6669e+02 0.03000
2.6230e-03 8.4917e-02 2.4896e+10 1.6803e+02 0.03000
2.6430e-03 8.2793e-02 2.4330e+10 1.6894e+02 0.03000
2.6730e-03 8.1094e-02 2.3775e+10 1.7028e+02 0.03000
2.6930e-03 7.9431e-02 2.3234e+10 1.7119e+02 0.03000
2.7230e-03 7.7982e-02 2.2705e+10 1.7254e+02 0.03000
2.7530e-03 7.6735e-02 2.2189e+10 1.7388e+02 0.03000
2.7730e-03 7.5682e-02 2.1684e+10 1.7478e+02 0.03000
2.8030e-03 7.4643e-02 2.1191e+10 1.7613e+02 0.03000
2.8230e-03 7.3959e-02 2.0707e+10 1.7703e+02 0.03000
2.8530e-03 7.3450e-02 2.0236e+10 1.7838e+02 0.03000
2.8730e-03 7.2109e-02 1.9776e+10 1.7928e+02 0.03000
2.9030e-03 7.0630e-02 1.9326e+10 1.8064e+02 0.03000
2.9230e-03 6.9182e-02 1.8886e+10 1.8153e+02 0.03000
2.9530e-03 6.7919e-02 1.8886e+10 1.8288e+02 0.03000
2.9730e-03 6.6833e-02 1.8456e+10 1.8378e+02 0.03000
3.0030e-03 6.5916e-02 1.8035e+10 1.8513e+02 0.03000
3.0230e-03 6.5162e-02 1.7625e+10 1.8603e+02 0.03000
3.0530e-03 6.4565e-02 1.7224e+10 1.8739e+02 0.03000
3.0730e-03 6.3973e-02 1.6831e+10 1.8828e+02 0.03000
3.1030e-03 6.3532e-02 1.6449e+10 1.8963e+02 0.03000
3.1230e-03 6.3240e-02 1.6074e+10 1.9053e+02 0.03000
3.1530e-03 6.2372e-02 1.5817e+10 1.9188e+02 0.03000
3.1730e-03 6.1234e-02 1.5528e+10 1.9278e+02 0.03000
3.2030e-03 6.0394e-02 1.5210e+10 1.9414e+02 0.03000
3.2230e-03 5.9428e-02 1.4932e+10 1.9503e+02 0.03000
3.2530e-03 5.8613e-02 1.4626e+10 1.9638e+02 0.03000
3.2730e-03 5.7942e-02 1.4359e+10 1.9728e+02 0.03000
3.3030e-03 5.7411e-02 1.4065e+10 1.9863e+02 0.03000
3.3330e-03 5.6884e-02 1.3808e+10 1.9999e+02 0.03000
3.3530e-03 5.6492e-02 1.3556e+10 2.0088e+02 0.03000
3.3830e-03 5.6104e-02 1.3308e+10 2.0224e+02 0.03000
3.4030e-03 5.5846e-02 1.3036e+10 2.0314e+02 0.03000
3.4330e-03 5.5717e-02 1.2798e+10 2.0448e+02 0.03000
3.4530e-03 5.4953e-02 1.2564e+10 2.0538e+02 0.03000
3.4830e-03 5.4199e-02 1.2335e+10 2.0673e+02 0.03000
3.5030e-03 5.3456e-02 1.2110e+10 2.0763e+02 0.03000
3.5330e-03 5.2844e-02 1.1916e+10 2.0899e+02 0.03000
3.5530e-03 5.2239e-02 1.1698e+10 2.0989e+02 0.03000
3.5830e-03 5.1759e-02 1.1485e+10 2.1123e+02 0.03000
3.6030e-03 5.1285e-02 1.1275e+10 2.1213e+02 0.03000
3.6330e-03 5.0932e-02 1.1095e+10 2.1348e+02 0.03000
3.6530e-03 5.0582e-02 1.0893e+10 2.1438e+02 0.03000
3.6830e-03 5.0349e-02 1.0694e+10 2.1574e+02 0.03000
3.7030e-03 5.0118e-02 1.0523e+10 2.1664e+02 0.03000
3.7330e-03 5.0003e-02 1.0331e+10 2.1799e+02 0.03000
3.7530e-03 4.9888e-02 1.0165e+10 2.1888e+02 0.03000
3.7830e-03 4.9203e-02 1.0003e+10 2.2023e+02 0.03000
3.8030e-03 4.8639e-02 9.8204e+09 2.2113e+02 0.03000
3.8330e-03 4.7973e-02 9.6633e+09 2.2249e+02 0.03000
3.8530e-03 4.7532e-02 9.5089e+09 2.2338e+02 0.03000
3.8830e-03 4.6989e-02 9.3568e+09 2.2474e+02 0.03000
3.9130e-03 4.6557e-02 9.2073e+09 2.2608e+02 0.03000
3.9330e-03 4.6237e-02 9.0392e+09 2.2698e+02 0.03000
3.9630e-03 4.5919e-02 8.8947e+09 2.2834e+02 0.03000
3.9830e-03 4.5602e-02 8.7524e+09 2.2924e+02 0.03000
4.0130e-03 4.5394e-02 8.6126e+09 2.3059e+02 0.03000
4.0330e-03 4.5185e-02 8.4944e+09 2.3149e+02 0.03000
4.0630e-03 4.5081e-02 8.3586e+09 2.3283e+02 0.03000
4.0830e-03 4.4977e-02 8.2249e+09 2.3373e+02 0.03000
4.1130e-03 4.4977e-02 8.0934e+09 2.3509e+02 0.03000
4.1330e-03 4.4668e-02 7.9640e+09 2.3599e+02 0.03000
4.1630e-03 4.4156e-02 7.8367e+09 2.3734e+02 0.03000
4.1830e-03 4.3651e-02 7.7291e+09 2.3824e+02 0.03000
4.2130e-03 4.3250e-02 7.6055e+09 2.3958e+02 0.03000
4.2330e-03 4.2854e-02 7.5012e+09 2.4048e+02 0.03000
4.2630e-03 4.2559e-02 7.3813e+09 2.4184e+02 0.03000
4.2830e-03 4.2169e-02 7.2633e+09 2.4274e+02 0.03000
4.3130e-03 4.1975e-02 7.1636e+09 2.4409e+02 0.03000
4.3330e-03 4.1686e-02 7.0653e+09 2.4499e+02 0.03000
4.3630e-03 4.1495e-02 6.9523e+09 2.4633e+02 0.03000
4.3830e-03 4.1399e-02 6.8569e+09 2.4723e+02 0.03000
4.4130e-03 4.1304e-02 6.7473e+09 2.4859e+02 0.03000
4.4330e-03 4.1209e-02 6.6547e+09 2.4949e+02 0.03000
4.4630e-03 4.1114e-02 6.5634e+09 2.5084e+02 0.03000
4.4830e-03 4.1114e-02 6.4585e+09 2.5174e+02 0.03000
4.5130e-03 4.1020e-02 6.3699e+09 2.5308e+02 0.03000
4.5430e-03 4.0644e-02 6.2824e+09 2.5444e+02 0.03000
4.5630e-03 4.0271e-02 6.1963e+09 2.5534e+02 0.03000
4.5930e-03 3.9994e-02 6.1113e+09 2.5669e+02 0.03000
4.6130e-03 3.9627e-02 6.0273e+09 2.5759e+02 0.03000
4.6430e-03 3.9354e-02 5.9447e+09 2.5894e+02 0.03000
4.6630e-03 3.9174e-02 5.8631e+09 2.5983e+02 0.03000
4.6930e-03 3.8904e-02 5.7827e+09 2.6119e+02 0.03000
4.7130e-03 3.8725e-02 5.7033e+09 2.6209e+02 0.03000
4.7430e-03 3.8636e-02 5.6252e+09 2.6344e+02 0.03000
4.7630e-03 3.8459e-02 5.5479e+09 2.6434e+02 0.03000
4.7930e-03 3.8370e-02 5.4718e+09 2.6569e+02 0.03000
4.8130e-03 3.8282e-02 5.3968e+09 2.6658e+02 0.03000
4.8430e-03 3.8282e-02 5.3227e+09 2.6794e+02 0.03000
4.8630e-03 3.8282e-02 5.2497e+09 2.6884e+02 0.03000
4.8930e-03 3.8282e-02 5.1896e+09 2.7019e+02 0.03000
4.9130e-03 3.8282e-02 5.1184e+09 2.7108e+02 0.03000
4.9430e-03 3.8193e-02 5.0481e+09 2.7244e+02 0.03000
4.9630e-03 3.7843e-02 4.9904e+09 2.7334e+02 0.03000
4.9930e-03 3.7670e-02 4.9219e+09 2.7469e+02 0.03000
5.0130e-03 3.7410e-02 4.8544e+09 2.7559e+02 0.03000
5.0430e-03 3.7238e-02 4.7988e+09 2.7694e+02 0.03000
5.0630e-03 3.7067e-02 4.7329e+09 2.7783e+02 0.03000
5.0930e-03 3.6813e-02 4.6680e+09 2.7919e+02 0.03000
5.1230e-03 3.6728e-02 4.6146e+09 2.8053e+02 0.03000
5.1430e-03 3.6559e-02 4.5513e+09 2.8144e+02 0.03000
5.1730e-03 3.6474e-02 4.4992e+09 2.8278e+02 0.03000
5.1930e-03 3.6390e-02 4.4374e+09 2.8368e+02 0.03000
5.2230e-03 3.6307e-02 4.3867e+09 2.8503e+02 0.03000
5.2430e-03 3.6223e-02 4.3363e+09 2.8594e+02 0.03000
5.2730e-03 3.6140e-02 4.2769e+09 2.8728e+02 0.03000
5.2930e-03 3.6140e-02 4.2280e+09 2.8819e+02 0.03000
5.3230e-03 3.6140e-02 4.1796e+09 2.8953e+02 0.03000
5.3430e-03 3.6140e-02 4.1222e+09 2.9043e+02 0.03000
5.3730e-03 3.6140e-02 4.0750e+09 2.9178e+02 0.03000
5.3930e-03 3.6140e-02 4.0284e+09 2.9269e+02 0.03000
5.4230e-03 3.5974e-02 3.9822e+09 2.9403e+02 0.03000
