# 1:A 2:Z 3:N 4:Yi 5:Xi
    1      1      0     7.95933260444232E-07   7.95933260444232E-07
    2      1      1     2.03275579876919E-10   4.06551159753838E-10
    3      2      1     2.70747418607962E-12   8.12242255823885E-12
    4      2      2     2.65398906204977E-03   1.06159562481991E-02
    6      3      3     1.44843958715137E-12   8.69063752290820E-12
    7      3      4     2.50400751669575E-10   1.75280526168702E-09
    7      4      3     8.37283309216251E-19   5.86098316451376E-18
    9      4      5     1.12832732673672E-06   1.01549459406305E-05
   10      5      5     7.29255194382463E-07   7.29255194382463E-06
   11      5      6     2.75431806942159E-10   3.02974987636375E-09
   12      6      6     4.04910820524981E-07   4.85892984629977E-06
   13      6      7     1.19809677187088E-08   1.55752580343215E-07
   14      7      7     8.25058995986995E-09   1.15508259438179E-07
   15      7      8     4.97310979461122E-06   7.45966469191682E-05
   16      8      8     1.04230997397978E-07   1.66769595836764E-06
   17      8      9     2.12837510632809E-09   3.61823768075775E-08
   18      8     10     1.32907426752816E-08   2.39233368155068E-07
   19      9     10     4.00441318414022E-07   7.60838504986642E-06
   20     10     10     6.79881569023213E-07   1.35976313804643E-05
   21     10     11     1.65030734731384E-07   3.46564542935907E-06
   22     10     12     4.99241675745577E-06   1.09833168664027E-04
   23     11     12     1.58465446918113E-09   3.64470527911661E-08
   24     12     12     1.16447518978492E-08   2.79474045548381E-07
   25     12     13     3.48326514665736E-08   8.70816286664341E-07
   26     12     14     2.98294410756127E-09   7.75565467965931E-08
   27     13     14     9.85191295030163E-10   2.66001649658144E-08
   28     14     14     7.59564771612202E-10   2.12678136051416E-08
   29     14     15     5.00352147224586E-10   1.45102122695130E-08
   30     14     16     1.25399776602104E-09   3.76199329806311E-08
   31     15     16     1.79708938362688E-09   5.57097708924331E-08
   32     16     16     6.89210918812739E-09   2.20547494020076E-07
   33     16     17     7.64047292992864E-09   2.52135606687645E-07
   34     16     18     1.17654709574471E-08   4.00026012553203E-07
   35     17     18     8.19712818739121E-09   2.86899486558692E-07
   36     16     20     2.25463303716030E-09   8.11667893377707E-08
   36     18     18     3.42033222119464E-18   1.23131959963007E-16
   37     17     20     7.68609103693216E-09   2.84385368366490E-07
   38     18     20     4.78222746910574E-09   1.81724643826018E-07
   39     19     20     1.49510152140842E-09   5.83089593349285E-08
   40     18     22     2.82335117657045E-09   1.12934047062818E-07
   41     19     22     5.84094555967036E-09   2.39478767946485E-07
   42     20     22     6.06401317971983E-08   2.54688553548233E-06
   43     20     23     1.12903119823757E-08   4.85483415242156E-07
   44     20     24     1.35132180595222E-08   5.94581594618978E-07
   45     21     24     3.14978400192804E-08   1.41740280086762E-06
   46     20     26     1.79784131075268E-08   8.27007002946235E-07
   46     22     24     1.10198924651363E-17   5.06915053396269E-16
   47     22     25     5.89521954280008E-09   2.77075318511604E-07
   48     22     26     7.13366260795821E-09   3.42415805181994E-07
   49     22     27     8.55390130488978E-10   4.19141163939599E-08
   50     22     28     3.29134536320629E-09   1.64567268160315E-07
   51     23     28     4.23613150829682E-09   2.16042706923138E-07
   52     24     28     6.63920999727069E-09   3.45238919858076E-07
   53     24     29     1.88191796573385E-09   9.97416521838942E-08
   54     24     30     1.53600380237549E-09   8.29442053282766E-08
   55     25     30     1.08444140898782E-09   5.96442774943302E-08
   56     26     30     2.04984089455463E-09   1.14791090095059E-07
   57     26     31     3.53802149923028E-09   2.01667225456126E-07
   58     26     32     2.51278917522393E-09   1.45741772162988E-07
   59     27     32     2.27828886418320E-09   1.34419042986809E-07
   60     28     32     1.59789106648898E-09   9.58734639893388E-08
   61     28     33     2.28940424306530E-09   1.39653658826983E-07
   62     28     34     5.82422249084921E-09   3.61101794432651E-07
   63     29     34     6.89533665354313E-09   4.34406209173217E-07
   64     28     36     3.98967154454804E-09   2.55338978851075E-07
   64     30     34     2.15585769772988E-20   1.37974892654713E-18
   65     29     36     7.44134132751429E-09   4.83687186288429E-07
   66     30     36     5.97965764765999E-09   3.94657404745559E-07
   67     30     37     8.45205547251165E-09   5.66287716658281E-07
   68     30     38     9.55497923496121E-09   6.49738587977362E-07
   69     31     38     1.48858281110857E-08   1.02712213966491E-06
   70     30     40     1.70299363493126E-08   1.19209554445188E-06
   70     32     38     7.99948630096581E-14   5.59964041067606E-12
   71     31     40     2.60554222349994E-08   1.84993497868495E-06
   72     32     40     3.50600695357316E-08   2.52432500657268E-06
   73     32     41     5.30375206121272E-08   3.87173900468529E-06
   74     32     42     6.59031277327833E-08   4.87683145222597E-06
   75     33     42     1.26921121078615E-07   9.51908408089614E-06
   76     32     44     2.05980850985910E-07   1.56545446749291E-05
   76     34     42     1.66429134240845E-12   1.26486142023042E-10
   77     34     43     4.05906372098299E-07   3.12547906515690E-05
   78     34     44     4.38815148439431E-07   3.42275815782756E-05
   79     34     45     3.54172577991597E-18   2.79796336613362E-16
   79     35     44     4.71804940462311E-07   3.72725902965226E-05
   80     34     46     7.85821980063157E-07   6.28657584050526E-05
   81     35     46     9.68589917111068E-07   7.84557832859965E-05
   82     34     48     1.30129851680922E-06   1.06706478378356E-04
   82     36     46     5.69217013775993E-11   4.66757951296314E-09
   83     36     47     1.62325947454505E-06   1.34730536387239E-04
   84     36     48     3.15153818999694E-06   2.64729207959743E-04
   85     37     48     1.33958717650992E-06   1.13864910003344E-04
   86     36     50     2.60476973123330E-06   2.24010196886064E-04
   86     38     48     1.92064213708994E-16   1.65175223789735E-14
   87     37     50     3.46980157796762E-06   3.01872737283183E-04
   87     38     49     5.02542222554047E-08   4.37211733622021E-06
   88     38     50     6.51438958632871E-06   5.73266283596927E-04
   89     39     50     3.57732920708514E-06   3.18382299430577E-04
   90     38     52     3.78695088116097E-20   3.40825579304488E-18
   90     40     50     6.57997389609179E-06   5.92197650648261E-04
   91     40     51     4.84018401590331E-06   4.40456745447201E-04
   92     40     52     9.36260221071744E-06   8.61359403386004E-04
   93     40     53     4.93893555244913E-15   4.59321006377769E-13
   93     41     52     6.55406263016629E-06   6.09527824605465E-04
   94     40     54     5.90990039577415E-06   5.55530637202770E-04
   95     42     53     1.12779547161828E-05   1.07140569803737E-03
   96     40     56     4.13259736449353E-20   3.96729346991379E-18
   96     42     54     1.10347616632719E-05   1.05933711967410E-03
   97     42     55     1.02338760388483E-05   9.92685975768283E-04
   98     42     56     8.77260084263348E-06   8.59714882578081E-04
   99     43     56     1.64851140216915E-15   1.63202628814746E-13
   99     44     55     1.11181550923351E-05   1.10069735414117E-03
  100     42     58     1.33847464380195E-05   1.33847464380195E-03
  100     44     56     1.52096591999794E-11   1.52096591999794E-09
  101     44     57     1.35106885688687E-05   1.36457954545574E-03
  102     44     58     1.71344243825872E-05   1.74771128702389E-03
  103     45     58     2.12204558746050E-05   2.18570695508432E-03
  104     44     60     1.95580804673086E-05   2.03404036860009E-03
  104     46     58     1.11040630547581E-12   1.15482255769484E-10
  105     46     59     2.54324938075116E-05   2.67041184978872E-03
  106     46     60     2.02006859567444E-05   2.14127271141491E-03
  107     46     61     5.08278357399844E-14   5.43857842417833E-12
  107     47     60     2.13090844666129E-05   2.28007203792758E-03
  108     46     62     1.75759958248884E-05   1.89820754908795E-03
  109     47     62     2.86466544942627E-05   3.12248533987463E-03
  110     46     64     2.65781799749333E-05   2.92359979724267E-03
  110     48     62     1.68504371169818E-10   1.85354808286800E-08
  111     48     63     3.22530869386033E-05   3.58009265018497E-03
  112     48     64     2.38401482083624E-05   2.67009659933659E-03
  113     48     65     2.50447599641108E-05   2.83005787594452E-03
  113     49     64     2.17249364707672E-12   2.45491782119669E-10
  114     48     66     2.57832913414100E-05   2.93929521292074E-03
  115     49     66     1.76221042349841E-05   2.02654198702318E-03
  115     50     65     2.77120333165634E-11   3.18688383140480E-09
  116     48     68     2.11126138416563E-05   2.44906320563213E-03
  116     50     66     4.95767154809538E-12   5.75089899579064E-10
  117     50     67     3.02990040094896E-05   3.54498346911028E-03
  118     50     68     2.18344049416848E-05   2.57645978311881E-03
  119     50     69     2.51986080568567E-05   2.99863435876595E-03
  120     50     70     1.88752157808711E-05   2.26502589370453E-03
  121     51     70     3.94381516322430E-05   4.77201634750140E-03
  122     50     72     1.91907666180515E-05   2.34127352740228E-03
  122     52     70     8.86143846100532E-11   1.08109549224265E-08
  123     51     72     3.22513051948561E-05   3.96691053896730E-03
  124     50     74     1.81925283872883E-05   2.25587352002375E-03
  124     52     72     2.54910228417758E-11   3.16088683238020E-09
  125     52     73     5.46114446331850E-05   6.82643057914812E-03
  126     50     76     1.31090295746551E-16   1.65173772640654E-14
  126     52     74     7.38546695204288E-05   9.30568835957402E-03
  127     53     74     1.02318236080555E-04   1.29944159822304E-02
  128     52     76     9.31594309665607E-05   1.19244071637198E-02
  128     54     74     3.66848094576121E-13   4.69565561057434E-11
  129     53     76     3.00598613810512E-14   3.87772211815560E-12
  129     54     75     2.16529423665701E-04   2.79322956528754E-02
  130     52     78     1.61937336969359E-04   2.10518538060166E-02
  130     54     76     3.96550047327039E-10   5.15515061525151E-08
  131     54     77     1.79176328752908E-04   2.34720990666310E-02
  132     54     78     1.62279116229354E-04   2.14208433422747E-02
  133     55     78     2.22875757541144E-04   2.96424757529721E-02
  134     54     80     2.97457046991091E-04   3.98592442968062E-02
  134     56     78     6.21597823749437E-11   8.32941083824246E-09
  135     55     80     1.41595808598934E-14   1.91154341608562E-12
  135     56     79     7.46967738237891E-05   1.00840644662115E-02
  136     54     82     9.94601185398530E-05   1.35265761214200E-02
  136     56     80     5.11386760354652E-09   6.95485994082326E-07
  137     55     82     2.30790528167580E-19   3.16183023589585E-17
  137     56     81     4.85575044042968E-05   6.65237810338866E-03
  138     56     82     6.54377511873287E-05   9.03040966385136E-03
  138     57     81     1.28662578527522E-12   1.77554358367980E-10
  138     58     80     3.01485866613707E-15   4.16050495926916E-13
  139     57     82     2.07558265385808E-05   2.88505988886273E-03
  140     58     82     5.45221100732362E-05   7.63309541025307E-03
  141     59     82     3.14207804246253E-05   4.43033003987216E-03
  142     58     84     4.11275431608997E-05   5.84011112884776E-03
  142     60     82     1.19727141108855E-13   1.70012540374575E-11
  143     60     83     2.28851174160141E-05   3.27257179049002E-03
  144     60     84     3.27087227558181E-05   4.71005607683781E-03
  145     60     85     3.53569642688504E-05   5.12675981898331E-03
  146     60     86     3.72316449025418E-05   5.43582015577111E-03
  147     61     86     1.58134519427200E-20   2.32457743557984E-18
  147     62     85     4.87778625690025E-05   7.17034579764337E-03
  148     60     88     4.93462376102450E-05   7.30324316631626E-03
  148     62     86     4.33928946432811E-12   6.42214840720560E-10
  149     62     87     3.03305829346361E-05   4.51925685726078E-03
  150     60     90     3.05874515343324E-05   4.58811773014986E-03
  150     62     88     3.41272873135002E-09   5.11909309702503E-07
  151     62     89     2.43153331239594E-19   3.67161530171787E-17
  151     63     88     3.87854938732418E-05   5.85660957485951E-03
  152     62     90     3.07421332817780E-05   4.67280425883026E-03
  152     64     88     1.24222289837109E-17   1.88817880552406E-15
  153     63     90     2.11177406605303E-05   3.23101432106113E-03
  154     62     92     2.85021212775602E-05   4.38932667674428E-03
  154     64     90     6.73423366530858E-11   1.03707198445752E-08
  155     64     91     2.27849180959729E-05   3.53166230487580E-03
  156     64     92     2.42282133729633E-05   3.77960128618227E-03
  157     64     93     2.26935456406620E-05   3.56288666558394E-03
  158     64     94     2.87494279772860E-05   4.54240962041119E-03
  159     65     94     2.79821714350994E-05   4.44916525818080E-03
  160     64     96     3.31803987015503E-05   5.30886379224805E-03
  160     66     94     5.53960329499045E-11   8.86336527198473E-09
  161     66     95     3.06805772842930E-05   4.93957294277117E-03
  162     66     96     3.53019652683315E-05   5.71891837346971E-03
  163     66     97     3.54803824699238E-05   5.78330234259759E-03
  164     66     98     3.70335203098946E-05   6.07349733082271E-03
  165     67     98     2.60960528401915E-05   4.30584871863159E-03
  166     68     98     2.02122064890050E-05   3.35522627717483E-03
  167     68     99     2.78553987987563E-05   4.65185159939229E-03
  168     68    100     3.09667937075771E-05   5.20242134287296E-03
  169     69    100     1.14078580885118E-05   1.92792801695850E-03
  170     68    102     1.73190759781206E-05   2.94424291628050E-03
  170     70    100     3.30074270974878E-12   5.61126260657293E-10
  171     70    101     1.62750327210116E-05   2.78303059529299E-03
  172     70    102     1.55553987460321E-05   2.67552858431753E-03
  173     70    103     1.57040940614710E-05   2.71680827263449E-03
  174     70    104     2.41655400892315E-05   4.20480397552629E-03
  175     71    104     9.51371936711231E-06   1.66490088924465E-03
  176     70    106     1.46965694650028E-05   2.58659622584049E-03
  176     71    105     2.31484260793722E-12   4.07412298996950E-10
  176     72    104     4.29109556189595E-14   7.55232818893687E-12
  177     72    105     1.09633694846281E-05   1.94051639877918E-03
  178     72    106     1.57447059420949E-05   2.80255765769290E-03
  179     72    107     9.87826874638322E-06   1.76821010560260E-03
  180     72    108     1.03584832255702E-05   1.86452698060263E-03
  180     74    106     5.62188863540885E-18   1.01193995437359E-15
  181     73    108     7.37391668547160E-06   1.33467892007036E-03
  182     74    108     1.11861711354837E-05   2.03588314665803E-03
  183     74    109     2.63442408738252E-06   4.82099607991001E-04
  184     74    110     7.98344923752315E-06   1.46895465970426E-03
  185     75    110     2.37453687796711E-06   4.39289322423915E-04
  186     74    112     9.15963135606792E-06   1.70369143222863E-03
  186     76    110     1.61580359436196E-14   3.00539468551324E-12
  187     75    112     2.67546796454105E-06   5.00312509369176E-04
  187     76    111     4.30261956710110E-08   8.04589859047905E-06
  188     76    112     9.17137819384706E-06   1.72421910044325E-03
  189     76    113     1.31553612454156E-05   2.48636327538355E-03
  190     76    114     3.68844693176741E-05   7.00804917035808E-03
  191     77    114     3.00894040385515E-05   5.74707617136333E-03
  192     76    116     7.34749144235111E-05   1.41071835693141E-02
  192     78    114     5.20396461124999E-12   9.99161205359999E-10
  193     77    116     1.23597260868520E-04   2.38542713476243E-02
  194     78    116     2.76981742714423E-04   5.37344580865980E-02
  195     78    117     5.13296264282907E-04   1.00092771535167E-01
  196     78    118     3.90215923999240E-04   7.64823211038510E-02
  196     80    116     1.48139684734592E-18   2.90353782079799E-16
  197     79    118     2.95760004087498E-04   5.82647208052370E-02
  198     78    120     9.04785202815636E-05   1.79147470157496E-02
  198     80    118     3.95929929665307E-10   7.83941260737307E-08
  199     80    119     1.69977076356479E-05   3.38254381949394E-03
  200     80    120     6.15942320181331E-07   1.23188464036266E-04
  201     80    121     1.03063401028442E-07   2.07157436067169E-05
  202     80    122     2.46128287407939E-07   4.97179140564037E-05
  203     81    122     4.80441773495994E-07   9.75296800196868E-05
  204     80    124     8.44547742819139E-07   1.72287739535104E-04
  204     82    122     2.81042092087637E-15   5.73325867858779E-13
  205     81    124     7.94616982422013E-08   1.62896481396513E-05
  206     82    124     6.76179038819457E-05   1.39292881996808E-02
  207     81    126     4.37606113743681E-19   9.05844655449420E-17
  207     82    125     8.47513327881366E-05   1.75435258871443E-02
  208     81    127     1.96496336317705E-20   4.08712379540827E-18
  208     82    126     3.95708397625749E-05   8.23073467061558E-03
  209     83    126     1.18583904518815E-04   2.47840360444323E-02
  210     82    128     3.64907362961037E-13   7.66305462218178E-11
  210     83    127     2.25404710619187E-16   4.73349892300293E-14
  210     84    126     6.22356081610687E-15   1.30694777138244E-12
  211     82    129     3.32968121874075E-18   7.02562737154297E-16
  211     83    128     1.97016842909930E-19   4.15705538539951E-17
  212     82    130     1.14484570878821E-17   2.42707290263101E-15
  212     83    129     1.08540524446851E-18   2.30105911827324E-16
  214     82    132     8.37946475340337E-19   1.79320545722832E-16
  214     83    131     6.19476374272861E-19   1.32567944094392E-16
  218     84    134     9.67629551721063E-20   2.10943242275192E-17
  220     86    134     1.66200574774622E-20   3.65641264504168E-18
  222     86    136     1.71794471339294E-16   3.81383726373233E-14
  223     87    136     2.79543966329314E-20   6.23383044914371E-18
  223     88    135     1.51591688760920E-15   3.38049465936852E-13
  224     88    136     9.38647549182340E-17   2.10257051016844E-14
  226     88    138     2.62873614452928E-11   5.94094368663617E-09
  227     89    138     1.05418573730632E-12   2.39300162368534E-10
  227     90    137     2.43640583523792E-15   5.53064124599007E-13
  228     88    140     5.41035432437320E-14   1.23356078595709E-11
  228     89    139     6.60650616933343E-18   1.50628340660802E-15
  228     90    138     1.80257207382730E-14   4.10986432832624E-12
  230     90    140     1.23891083298036E-09   2.84949491585482E-07
  231     90    141     1.41009905726544E-16   3.25732882228317E-14
  231     91    140     1.58045171427964E-09   3.65084345998596E-07
  232     90    142     1.32123072061166E-04   3.06525527181905E-02
  234     90    144     1.08271453278933E-15   2.53355200672703E-13
  234     91    143     1.25450557392918E-17   2.93554304299429E-15
  234     92    142     4.03423121036776E-09   9.44010103226055E-07
  235     92    143     3.40629071492652E-05   8.00478318007732E-03
  236     92    144     3.90952503800009E-09   9.22647908968022E-07
  238     92    146     7.33913078549255E-05   1.74671312694723E-02
  240     92    148     1.89609152650100E-19   4.55061966360240E-17
  240     93    147     1.38469482047955E-20   3.32326756915091E-18
  240     94    146     7.73584554030328E-13   1.85660292967279E-10
  244     94    150     9.41631427573291E-09   2.29758068327883E-06
  244     96    148     2.55565471708400E-18   6.23579750968496E-16
