               WinNet - Nuclear reaction network
              ===================================
 
 
Option                                   :      Value     Unit
--------------------------------------------------------------
Release                                  :    Unknown         
Git hash                                 :    Unknown         
Network size                             :       6757         
Amount reaclib rates                     :      72724         
Amount fission rates                     :       5833         
Total number of fission neutrons         :      27813         
Amount weak (ffn) rates                  :        212         
Total reactions after merge              :      78557         
Thermodynamic trajectory                 :  from file         
Starting index                           :          2         
Expansion velocity:                      :   5.00E+04   [km/s]
Evolution mode                           :        NSE         
Initial abundance source                 :        NSE         
Initial entropy                          :   8.83E-03 [kB/nuc]

#-- 1:it 2:time[s] 3:T9[GK] 4:rho[g/cm3] 5:entropy[kB/baryon]
       0  4.3935899E-05 10.0000000  6.0149275E+12    0.0088337
       1  4.3935901E-05  9.9999999  6.0149274E+12    0.0088337
       2  4.3935905E-05  9.9999997  6.0149272E+12    0.0088337
       3  4.3935913E-05  9.9999994  6.0149269E+12    0.0088337
       4  4.3935929E-05  9.9999987  6.0149263E+12    0.0088337
       5  4.3935961E-05  9.9999972  6.0149251E+12    0.0088337
       6  4.3936025E-05  9.9999943  6.0149227E+12    0.0088337
       7  4.3936153E-05  9.9999886  6.0149178E+12    0.0088337
       8  4.3936409E-05  9.9999770  6.0149080E+12    0.0088336
       9  4.3936921E-05  9.9999540  6.0148885E+12    0.0088336
      10  4.3937945E-05  9.9999079  6.0148495E+12    0.0088336
      11  4.3939993E-05  9.9998156  6.0147715E+12    0.0088336
      12  4.3944089E-05  9.9996312  6.0146155E+12    0.0088335
      13  4.3952281E-05  9.9992623  6.0143035E+12    0.0088333
      14  4.3968665E-05  9.9985245  6.0136797E+12    0.0088330
      15  4.4001433E-05  9.9970490  6.0124325E+12    0.0088323
      16  4.4066969E-05  9.9940989  6.0099401E+12    0.0088309
      17  4.4198041E-05  9.9882013  6.0049627E+12    0.0088282
      18  4.4460185E-05  9.9764169  5.9950382E+12    0.0088227
      19  4.4984473E-05  9.9528929  5.9753121E+12    0.0088116
      20  4.6033049E-05  9.9060319  5.9363633E+12    0.0087895
      21  4.8130201E-05  9.8131234  5.8605713E+12    0.0087448
      22  5.0000000E-05  9.7313000  5.7955000E+12    0.0087045
      23  5.3739598E-05  9.5683241  5.6727694E+12    0.0086207
      24  6.1218793E-05  9.2448875  5.4503248E+12    0.0084424
      25  7.1187309E-05  8.8355467  5.1780711E+12    0.0082092
      26  7.6000000E-05  8.6531000  5.0477000E+12    0.0081091
      27  8.5167863E-05  8.3353745  4.7954444E+12    0.0079475
      28  9.4273816E-05  8.0447454  4.5558768E+12    0.0078041
      29  1.0100000E-04  7.8374000  4.3963000E+12    0.0076950
      30  1.1205863E-04  7.5014365  4.1766861E+12    0.0074938
      31  1.2282164E-04  7.1972823  3.9798548E+12    0.0073082
      32  1.2600000E-04  7.1150000  3.9183000E+12    0.0072628
 Evolution mode: switching to network
      33  1.3070188E-04  6.9999994  3.8217835E+12    0.0072058
      34  1.3070188E-04  6.9999994  3.8217835E+12    0.0072058
      35  1.3070188E-04  6.9999994  3.8217835E+12    0.0072058
      36  1.3070188E-04  6.9999994  3.8217835E+12    0.0072058
      37  1.3070188E-04  6.9999994  3.8217835E+12    0.0072058
      38  1.3070188E-04  6.9999994  3.8217835E+12    0.0072058
      39  1.3070188E-04  6.9999994  3.8217835E+12    0.0072058
      40  1.3070188E-04  6.9999994  3.8217835E+12    0.0072058
      41  1.3070188E-04  6.9999994  3.8217835E+12    0.0072058
      42  1.3070188E-04  6.9999994  3.8217835E+12    0.0072058
      43  1.3070188E-04  6.9999994  3.8217835E+12    0.0072058
      44  1.3070188E-04  6.9999994  3.8217835E+12    0.0072058
      45  1.3070188E-04  6.9999994  3.8217835E+12    0.0072058
      46  1.3070188E-04  6.9999994  3.8217835E+12    0.0072058
      47  1.3070188E-04  6.9999994  3.8217835E+12    0.0072058
      48  1.3070188E-04  6.9999994  3.8217835E+12    0.0072058
      49  1.3070188E-04  6.9999994  3.8217835E+12    0.0072058

#-- 1:it 2:time[s] 3:T9[GK] 4:rho[g/cm3] 5:entropy[kB/baryon]
      50  1.3070188E-04  6.9999994  3.8217835E+12    0.0072058
      51  1.3070188E-04  6.9999994  3.8217835E+12    0.0072058
      52  1.3070188E-04  6.9999994  3.8217835E+12    0.0072058
      53  1.3070188E-04  6.9999994  3.8217835E+12    0.0072058
      54  1.3070188E-04  6.9999994  3.8217835E+12    0.0072058
      55  1.3070188E-04  6.9999994  3.8217835E+12    0.0072058
      56  1.3070188E-04  6.9999993  3.8217834E+12    0.0072058
      57  1.3070188E-04  6.9999993  3.8217834E+12    0.0072058
      58  1.3070189E-04  6.9999992  3.8217833E+12    0.0072058
      59  1.3070190E-04  6.9999989  3.8217831E+12    0.0072058
      60  1.3070191E-04  6.9999985  3.8217827E+12    0.0072058
      61  1.3070195E-04  6.9999977  3.8217820E+12    0.0072058
      62  1.3070202E-04  6.9999960  3.8217805E+12    0.0072058
      63  1.3070217E-04  6.9999926  3.8217774E+12    0.0072058
      64  1.3070245E-04  6.9999857  3.8217714E+12    0.0072058
      65  1.3070303E-04  6.9999721  3.8217593E+12    0.0072058
      66  1.3070418E-04  6.9999448  3.8217350E+12    0.0072058
      67  1.3070648E-04  6.9998902  3.8216866E+12    0.0072058
      68  1.3071108E-04  6.9997810  3.8215897E+12    0.0072057
      69  1.3072028E-04  6.9995627  3.8213960E+12    0.0072056
      70  1.3073869E-04  6.9991261  3.8210085E+12    0.0072054
      71  1.3077550E-04  6.9982533  3.8202333E+12    0.0072050
      72  1.3084912E-04  6.9965088  3.8186822E+12    0.0072042
      73  1.3098399E-04  6.9933169  3.8158385E+12    0.0072027
      74  1.3113234E-04  6.9898121  3.8127076E+12    0.0072011
      75  1.3129550E-04  6.9859647  3.8092604E+12    0.0071994
      76  1.3147495E-04  6.9817420  3.8054651E+12    0.0071974
      77  1.3167231E-04  6.9771084  3.8012862E+12    0.0071953
      78  1.3188936E-04  6.9720252  3.7966850E+12    0.0071930
      79  1.3212805E-04  6.9664501  3.7916190E+12    0.0071905
      80  1.3239055E-04  6.9603375  3.7860412E+12    0.0071878
      81  1.3267921E-04  6.9536375  3.7799004E+12    0.0071848
      82  1.3299661E-04  6.9462961  3.7731403E+12    0.0071815
      83  1.3334562E-04  6.9382550  3.7656995E+12    0.0071780
      84  1.3372934E-04  6.9294509  3.7575110E+12    0.0071742
      85  1.3415121E-04  6.9198158  3.7485020E+12    0.0071700
      86  1.3461497E-04  6.9092760  3.7385936E+12    0.0071655
      87  1.3512476E-04  6.8977525  3.7277008E+12    0.0071606
      88  1.3568506E-04  6.8851601  3.7157326E+12    0.0071552
      89  1.3630083E-04  6.8714075  3.7025923E+12    0.0071495
      90  1.3697746E-04  6.8563970  3.6881778E+12    0.0071433
      91  1.3772088E-04  6.8400236  3.6723834E+12    0.0071365
      92  1.3853756E-04  6.8221752  3.6551009E+12    0.0071292
      93  1.3943458E-04  6.8027315  3.6362221E+12    0.0071214
      94  1.4041969E-04  6.7815636  3.6156429E+12    0.0071128
      95  1.4150141E-04  6.7585326  3.5932674E+12    0.0071035
      96  1.4266188E-04  6.7340584  3.5695657E+12    0.0070936
      97  1.4388034E-04  6.7086056  3.5450699E+12    0.0070833
      98  1.4507189E-04  6.6839403  3.5215535E+12    0.0070731
      99  1.4631070E-04  6.6585161  3.4976185E+12    0.0070624

#-- 1:it 2:time[s] 3:T9[GK] 4:rho[g/cm3] 5:entropy[kB/baryon]
     100  1.4760018E-04  6.6322707  3.4733196E+12    0.0070512
     101  1.4894212E-04  6.6051740  3.4487627E+12    0.0070392
     102  1.5033865E-04  6.5771860  3.4240677E+12    0.0070264
     103  1.5100000E-04  6.5640000  3.4127000E+12    0.0070202
     104  1.5232271E-04  6.5378974  3.3905249E+12    0.0070077
     105  1.5385402E-04  6.5082188  3.3656569E+12    0.0069933
     106  1.5545020E-04  6.4778488  3.3405665E+12    0.0069783
     107  1.5705224E-04  6.4478926  3.3161435E+12    0.0069633
     108  1.5869231E-04  6.4177132  3.2918335E+12    0.0069480
     109  1.6037170E-04  6.3872611  3.2675674E+12    0.0069324
     110  1.6209073E-04  6.3564996  3.2432824E+12    0.0069164
     111  1.6384935E-04  6.3253912  3.2189102E+12    0.0069002
     112  1.6564721E-04  6.2938968  3.1943761E+12    0.0068836
     113  1.6748360E-04  6.2619758  3.1695995E+12    0.0068668
     114  1.6935742E-04  6.2295864  3.1444934E+12    0.0068497
     115  1.7126719E-04  6.1966857  3.1189656E+12    0.0068324
     116  1.7321104E-04  6.1632296  3.0929189E+12    0.0068148
     117  1.7518674E-04  6.1291737  3.0662524E+12    0.0067971
     118  1.7700000E-04  6.0978000  3.0415000E+12    0.0067809
     119  1.7890637E-04  6.0646163  3.0155284E+12    0.0067636
     120  1.8084109E-04  6.0307724  2.9895776E+12    0.0067455
     121  1.8280949E-04  5.9962750  2.9635096E+12    0.0067268
     122  1.8481239E-04  5.9612176  2.9372434E+12    0.0067077
     123  1.8685672E-04  5.9255969  2.9106132E+12    0.0066882
     124  1.8893381E-04  5.8896912  2.8836504E+12    0.0066686
     125  1.9104287E-04  5.8536491  2.8562776E+12    0.0066492
     126  1.9291167E-04  5.8221602  2.8319544E+12    0.0066326
     127  1.9478780E-04  5.7910572  2.8074071E+12    0.0066167
     128  1.9668039E-04  5.7602812  2.7824538E+12    0.0066014
     129  1.9858926E-04  5.7299337  2.7570327E+12    0.0065870
     130  2.0051391E-04  5.7001236  2.7310862E+12    0.0065737
     131  2.0200000E-04  5.6777000  2.7108000E+12    0.0065644
     132  2.0393296E-04  5.6494067  2.6838617E+12    0.0065538
     133  2.0589388E-04  5.6216669  2.6558594E+12    0.0065448
     134  2.0786381E-04  5.5946325  2.6272479E+12    0.0065372
     135  2.0984578E-04  5.5681315  2.5981751E+12    0.0065307
     136  2.1184382E-04  5.5419809  2.5687719E+12    0.0065250
     137  2.1386206E-04  5.5159973  2.5391678E+12    0.0065199
     138  2.1590476E-04  5.4899929  2.5094944E+12    0.0065150
     139  2.1797637E-04  5.4637727  2.4798875E+12    0.0065099
     140  2.2008160E-04  5.4371298  2.4504907E+12    0.0065043
     141  2.2222546E-04  5.4098417  2.4214587E+12    0.0064978
     142  2.2430148E-04  5.3831166  2.3943883E+12    0.0064903
     143  2.2642506E-04  5.3553234  2.3679284E+12    0.0064811
     144  2.2700000E-04  5.3477000  2.3610000E+12    0.0064782
     145  2.2814988E-04  5.3323530  2.3474006E+12    0.0064723
     146  2.3035584E-04  5.3026528  2.3221076E+12    0.0064598
     147  2.3265277E-04  5.2714648  2.2967599E+12    0.0064457
     148  2.3501080E-04  5.2392914  2.2716328E+12    0.0064303
     149  2.3742808E-04  5.2062766  2.2466554E+12    0.0064137

#-- 1:it 2:time[s] 3:T9[GK] 4:rho[g/cm3] 5:entropy[kB/baryon]
     150  2.3990303E-04  5.1725765  2.2217366E+12    0.0063963
     151  2.4243348E-04  5.1383712  2.1967747E+12    0.0063783
     152  2.4501654E-04  5.1038645  2.1716590E+12    0.0063602
     153  2.4764863E-04  5.0692822  2.1462712E+12    0.0063423
     154  2.5032547E-04  5.0348693  2.1204875E+12    0.0063251
     155  2.5200000E-04  5.0138000  2.1043000E+12    0.0063150
     156  2.5469975E-04  4.9805621  2.0784851E+12    0.0062994
     157  2.5749716E-04  4.9469093  2.0523622E+12    0.0062836
     158  2.6010650E-04  4.9161093  2.0284278E+12    0.0062694
     159  2.6272547E-04  4.8856452  2.0046946E+12    0.0062554
     160  2.6535388E-04  4.8554053  1.9810453E+12    0.0062417
     161  2.6798191E-04  4.8253879  1.9574518E+12    0.0062283
     162  2.7059922E-04  4.7955969  1.9338959E+12    0.0062153
     163  2.7305865E-04  4.7675994  1.9116138E+12    0.0062033
     164  2.7551822E-04  4.7395064  1.8891037E+12    0.0061915
     165  2.7700000E-04  4.7225000  1.8754000E+12    0.0061845
     166  2.7941369E-04  4.6945092  1.8526906E+12    0.0061732
     167  2.8185844E-04  4.6658146  1.8292328E+12    0.0061619
     168  2.8425400E-04  4.6375284  1.8059881E+12    0.0061511
     169  2.8661085E-04  4.6096911  1.7830390E+12    0.0061406
     170  2.8894440E-04  4.5822670  1.7603945E+12    0.0061305
     171  2.9126881E-04  4.5552268  1.7380613E+12    0.0061206
     172  2.9359738E-04  4.5285503  1.7160482E+12    0.0061110
     173  2.9594341E-04  4.5022258  1.6943671E+12    0.0061016
     174  2.9818712E-04  4.4776892  1.6742146E+12    0.0060930
     175  3.0048289E-04  4.4533515  1.6542965E+12    0.0060844
     176  3.0283747E-04  4.4293208  1.6347170E+12    0.0060760
     177  3.0300000E-04  4.4277000  1.6334000E+12    0.0060754
     178  3.0332505E-04  4.4244764  1.6307776E+12    0.0060743
     179  3.0397516E-04  4.4181040  1.6255734E+12    0.0060721
     180  3.0527537E-04  4.4056410  1.6153209E+12    0.0060679
     181  3.0775003E-04  4.3828320  1.5963351E+12    0.0060607
     182  3.0996582E-04  4.3632349  1.5798543E+12    0.0060549
     183  3.1221982E-04  4.3438929  1.5635186E+12    0.0060493
     184  3.1451850E-04  4.3245776  1.5472339E+12    0.0060438
     185  3.1685562E-04  4.3051504  1.5309925E+12    0.0060382
     186  3.1922307E-04  4.2854692  1.5147923E+12    0.0060322
     187  3.2161152E-04  4.2653895  1.4986334E+12    0.0060258
     188  3.2401074E-04  4.2447703  1.4825183E+12    0.0060187
     189  3.2641008E-04  4.2234811  1.4664515E+12    0.0060106
     190  3.2800000E-04  4.2089000  1.4558000E+12    0.0060047
     191  3.3033169E-04  4.1867858  1.4401167E+12    0.0059951
     192  3.3268011E-04  4.1638086  1.4242820E+12    0.0059845
     193  3.3501175E-04  4.1404958  1.4086067E+12    0.0059733
     194  3.3733803E-04  4.1169342  1.3930940E+12    0.0059616
     195  3.3967225E-04  4.0931788  1.3777325E+12    0.0059495
     196  3.4202782E-04  4.0692803  1.3625132E+12    0.0059370
     197  3.4441876E-04  4.0452911  1.3474300E+12    0.0059243
     198  3.4686044E-04  4.0212694  1.3324809E+12    0.0059113
     199  3.4937047E-04  3.9972849  1.3176688E+12    0.0058984

#-- 1:it 2:time[s] 3:T9[GK] 4:rho[g/cm3] 5:entropy[kB/baryon]
     200  3.5197135E-04  3.9734147  1.3029957E+12    0.0058854
     201  3.5300000E-04  3.9643000  1.2974000E+12    0.0058805
     202  3.5505730E-04  3.9466334  1.2866629E+12    0.0058708
     203  3.5795605E-04  3.9228125  1.2725045E+12    0.0058573
     204  3.6106754E-04  3.8983135  1.2582568E+12    0.0058430
     205  3.6436965E-04  3.8731116  1.2438199E+12    0.0058280
     206  3.6782763E-04  3.8471287  1.2290181E+12    0.0058125
     207  3.7138488E-04  3.8203229  1.2136629E+12    0.0057967
     208  3.7496905E-04  3.7927094  1.1975923E+12    0.0057809
     209  3.7800000E-04  3.7685000  1.1832000E+12    0.0057676
     210  3.8117681E-04  3.7419533  1.1671175E+12    0.0057536
     211  3.8404490E-04  3.7171460  1.1519306E+12    0.0057408
     212  3.8670018E-04  3.6937840  1.1375583E+12    0.0057290
     213  3.8922100E-04  3.6715066  1.1238339E+12    0.0057179
     214  3.9166345E-04  3.6500476  1.1106282E+12    0.0057072
     215  3.9406764E-04  3.6292431  1.0978646E+12    0.0056969
     216  3.9646728E-04  3.6089804  1.0854945E+12    0.0056869
     217  3.9892931E-04  3.5889034  1.0733218E+12    0.0062386
     218  4.0145378E-04  3.5692663  1.0615246E+12    0.0087774
     219  4.0300000E-04  3.5578000  1.0547000E+12    0.0102376
     220  4.0581246E-04  3.5380559  1.0429994E+12    0.0127639
     221  4.0872157E-04  3.5188899  1.0316560E+12    0.0152720
     222  4.1180816E-04  3.4996327  1.0202914E+12    0.0178329
     223  4.1504609E-04  3.4802629  1.0089194E+12    0.0204275
     224  4.1841440E-04  3.4606135  9.9747743E+11    0.0230487
     225  4.2182581E-04  3.4408097  9.8607703E+11    0.0256459
     226  4.2519932E-04  3.4209066  9.7478289E+11    0.0281809
     227  4.2845364E-04  3.4010281  9.6368489E+11    0.0306168
     228  4.2900000E-04  3.3976000  9.6179000E+11    0.0310263
     229  4.3009271E-04  3.3906955  9.5799083E+11    0.0318413
     230  4.3227814E-04  3.3767878  9.5040424E+11    0.0334463
     231  4.3519223E-04  3.3580810  9.4032261E+11    0.0355414
     232  4.3800712E-04  3.3398929  9.3063505E+11    0.0375264
     233  4.4081417E-04  3.3217003  9.2103809E+11    0.0394782
     234  4.4355572E-04  3.3039343  9.1173876E+11    0.0413676
     235  4.4624486E-04  3.2865616  9.0269932E+11    0.0432141
     236  4.4889070E-04  3.2695680  8.9389499E+11    0.0450331
     237  4.5150148E-04  3.2529409  8.8530381E+11    0.0468385
     238  4.5400000E-04  3.2372000  8.7718000E+11    0.0485838
     239  4.5656689E-04  3.2210621  8.6892467E+11    0.0503439
     240  4.5909901E-04  3.2050635  8.6085705E+11    0.0520132
     241  4.6159140E-04  3.1893078  8.5298897E+11    0.0536201
     242  4.6405102E-04  3.1738162  8.4529469E+11    0.0551978
     243  4.6648382E-04  3.1586103  8.3775248E+11    0.0567770
     244  4.6889538E-04  3.1437103  8.3034246E+11    0.0583864
     245  4.7129104E-04  3.1291349  8.2304619E+11    0.0600534
     246  4.7367595E-04  3.1149031  8.1584632E+11    0.0618053
     247  4.7605522E-04  3.1010339  8.0872626E+11    0.0636691
     248  4.7843400E-04  3.0875475  8.0166988E+11    0.0656727
     249  4.7900000E-04  3.0844000  8.0000000E+11    0.0661728

#-- 1:it 2:time[s] 3:T9[GK] 4:rho[g/cm3] 5:entropy[kB/baryon]
     250  4.8013200E-04  3.0782067  7.9667066E+11    0.0672136
     251  4.8239601E-04  3.0662371  7.9005345E+11    0.0694639
     252  4.8553654E-04  3.0503693  7.8096516E+11    0.0728797
     253  4.8865375E-04  3.0351936  7.7204770E+11    0.0764914
     254  4.9177676E-04  3.0202703  7.6321577E+11    0.0802022
     255  4.9488423E-04  3.0054156  7.5452811E+11    0.0838590
     256  4.9795641E-04  2.9904521  7.4603644E+11    0.0873152
     257  5.0096619E-04  2.9752712  7.3781008E+11    0.0904294
     258  5.0392603E-04  2.9596029  7.2980884E+11    0.0931174
     259  5.0400000E-04  2.9592000  7.2961000E+11    0.0931788
     260  5.0414794E-04  2.9583922  7.2921244E+11    0.0933008
     261  5.0444381E-04  2.9567683  7.2841771E+11    0.0935410
     262  5.0503557E-04  2.9534888  7.2682988E+11    0.0940068
     263  5.0621907E-04  2.9468112  7.2366103E+11    0.0948829
     264  5.0858608E-04  2.9330508  7.1735340E+11    0.0964404
     265  5.1125959E-04  2.9170226  7.1028366E+11    0.0979515
     266  5.1382157E-04  2.9013757  7.0357086E+11    0.0992305
     267  5.1631787E-04  2.8860433  6.9709550E+11    0.1003922
     268  5.1877449E-04  2.8710399  6.9079232E+11    0.1015239
     269  5.2127787E-04  2.8560054  6.8444596E+11    0.1027363
     270  5.2378450E-04  2.8413745  6.7817497E+11    0.1040816
     271  5.2632056E-04  2.8271701  6.7192138E+11    0.1056502
     272  5.2889979E-04  2.8135122  6.6566111E+11    0.1075365
     273  5.2900000E-04  2.8130000  6.6542000E+11    0.1076167
     274  5.2920041E-04  2.8119790  6.6493834E+11    0.1077785
     275  5.2960124E-04  2.8099492  6.6397735E+11    0.1081054
     276  5.3040288E-04  2.8059364  6.6206453E+11    0.1087732
     277  5.3200618E-04  2.7980887  6.5827369E+11    0.1101617
     278  5.3476762E-04  2.7850703  6.5184334E+11    0.1127049
     279  5.3763776E-04  2.7721011  6.4527417E+11    0.1155256
     280  5.4057215E-04  2.7593032  6.3865645E+11    0.1185637
     281  5.4355552E-04  2.7466338  6.3200783E+11    0.1217778
     282  5.4656628E-04  2.7340595  6.2535712E+11    0.1251136
     283  5.4957972E-04  2.7215484  6.1873795E+11    0.1285085
     284  5.5256966E-04  2.7090743  6.1218673E+11    0.1318964
     285  5.5500000E-04  2.6988000  6.0686000E+11    0.1346397
     286  5.5790182E-04  2.6865545  6.0041926E+11    0.1381136
     287  5.6073132E-04  2.6748112  5.9404488E+11    0.1418178
     288  5.6353913E-04  2.6632877  5.8769901E+11    0.1456685
     289  5.6632741E-04  2.6519122  5.8144396E+11    0.1495338
     290  5.6926037E-04  2.6399553  5.7498410E+11    0.1535018
     291  5.7226144E-04  2.6276619  5.6857350E+11    0.1573034
     292  5.7535909E-04  2.6148366  5.6224383E+11    0.1607834
     293  5.7859286E-04  2.6012193  5.5602856E+11    0.1637449
     294  5.8000000E-04  2.5952000  5.5347000E+11    0.1647691
     295  5.8281427E-04  2.5829185  5.4869324E+11    0.1661639
     296  5.8603443E-04  2.5685202  5.4372346E+11    0.1667972
     297  5.8921453E-04  2.5540851  5.3917350E+11    0.1667384
     298  5.9237297E-04  2.5396814  5.3484788E+11    0.1663377
     299  5.9550786E-04  2.5254584  5.3059508E+11    0.1659256

#-- 1:it 2:time[s] 3:T9[GK] 4:rho[g/cm3] 5:entropy[kB/baryon]
     300  5.9861903E-04  2.5115482  5.2627244E+11    0.1658182
     301  6.0170696E-04  2.4980715  5.2174739E+11    0.1663175
     302  6.0477579E-04  2.4851251  5.1689202E+11    0.1677143
     303  6.0500000E-04  2.4842000  5.1652000E+11    0.1678597
     304  6.0544841E-04  2.4823590  5.1576808E+11    0.1681702
     305  6.0634523E-04  2.4787127  5.1423394E+11    0.1688678
     306  6.0813887E-04  2.4715518  5.1105773E+11    0.1705419
     307  6.1123973E-04  2.4595163  5.0530304E+11    0.1741548
     308  6.1426215E-04  2.4480924  4.9949565E+11    0.1782880
     309  6.1727066E-04  2.4368962  4.9365474E+11    0.1827027
     310  6.2026296E-04  2.4258131  4.8791109E+11    0.1870984
     311  6.2323924E-04  2.4147247  4.8238106E+11    0.1911871
     312  6.2619904E-04  2.4035214  4.7717314E+11    0.1946896
     313  6.2914140E-04  2.3921010  4.7238813E+11    0.1973361
     314  6.3000000E-04  2.3887000  4.7108000E+11    0.1979114
     315  6.3171719E-04  2.3818288  4.6859388E+11    0.1987839
     316  6.3468967E-04  2.3697884  4.6464786E+11    0.1995468
     317  6.3761131E-04  2.3578060  4.6110854E+11    0.1995744
     318  6.4053468E-04  2.3457066  4.5778972E+11    0.1991162
     319  6.4344182E-04  2.3336011  4.5460140E+11    0.1984059
     320  6.4753294E-04  2.3165090  4.5010222E+11    0.1974116
     321  6.5147263E-04  2.3000665  4.4551840E+11    0.1969901
     322  6.5524920E-04  2.2843979  4.4066627E+11    0.1976070
     323  6.5600000E-04  2.2813000  4.3963000E+11    0.1978928
     324  6.5750160E-04  2.2750696  4.3748007E+11    0.1986114
     325  6.6050480E-04  2.2624111  4.3292258E+11    0.2005035
     326  6.6342893E-04  2.2499385  4.2824923E+11    0.2028108
     327  6.6613560E-04  2.2383707  4.2380938E+11    0.2052350
     328  6.6871490E-04  2.2274155  4.1955276E+11    0.2077010
     329  6.7122322E-04  2.2169030  4.1545440E+11    0.2101540
     330  6.7370307E-04  2.2067181  4.1150131E+11    0.2125468
     331  6.7619202E-04  2.1967731  4.0768837E+11    0.2148315
     332  6.7872864E-04  2.1869939  4.0401762E+11    0.2169521
     333  6.8100000E-04  2.1786000  4.0096000E+11    0.2185999
     334  6.8378748E-04  2.1688723  3.9753111E+11    0.2202894
     335  6.8676429E-04  2.1591209  3.9418955E+11    0.2218035
     336  6.8997108E-04  2.1491446  3.9084887E+11    0.2232107
     337  6.9336705E-04  2.1389316  3.8747477E+11    0.2245825
     338  6.9686626E-04  2.1285131  3.8403250E+11    0.2260213
     339  7.0033897E-04  2.1180023  3.8050997E+11    0.2276320
     340  7.0364833E-04  2.1075782  3.7692979E+11    0.2294811
     341  7.0600000E-04  2.0998000  3.7419000E+11    0.2310576
     342  7.0943380E-04  2.0879058  3.6985194E+11    0.2338895
     343  7.1254071E-04  2.0767764  3.6566907E+11    0.2369184
     344  7.1545257E-04  2.0661373  3.6162315E+11    0.2400063
     345  7.1824673E-04  2.0558286  3.5770515E+11    0.2430664
     346  7.2097336E-04  2.0457548  3.5391631E+11    0.2460266
     347  7.2379853E-04  2.0353829  3.5009367E+11    0.2489459
     348  7.2663298E-04  2.0251256  3.4643009E+11    0.2515991
     349  7.2978874E-04  2.0139794  3.4263193E+11    0.2540740

#-- 1:it 2:time[s] 3:T9[GK] 4:rho[g/cm3] 5:entropy[kB/baryon]
     350  7.3100000E-04  2.0098000  3.4127000E+11    0.2548548
     351  7.3342252E-04  2.0015325  3.3868132E+11    0.2561427
     352  7.3685866E-04  1.9899149  3.3524096E+11    0.2574699
     353  7.4024792E-04  1.9785967  3.3206059E+11    0.2583428
     354  7.4368281E-04  1.9672857  3.2899604E+11    0.2589406
     355  7.4715629E-04  1.9560282  3.2600296E+11    0.2594108
     356  7.5065816E-04  1.9448795  3.2303715E+11    0.2599120
     357  7.5417742E-04  1.9338959  3.2005383E+11    0.2606105
     358  7.5600000E-04  1.9283000  3.1849000E+11    0.2611045
     359  7.5960402E-04  1.9176440  3.1547998E+11    0.2621662
     360  7.6322852E-04  1.9074600  3.1260470E+11    0.2632148
     361  7.6702142E-04  1.8971121  3.0967289E+11    0.2643491
     362  7.7087914E-04  1.8866357  3.0668289E+11    0.2656033
     363  7.7551297E-04  1.8737246  3.0295657E+11    0.2673336
     364  7.7990493E-04  1.8607546  2.9916389E+11    0.2692938
     365  7.8200000E-04  1.8542000  2.9723000E+11    0.2703668
     366  7.8586543E-04  1.8413820  2.9336721E+11    0.2727764
     367  7.8935190E-04  1.8291973  2.8961894E+11    0.2753899
     368  7.9259461E-04  1.8175466  2.8601941E+11    0.2780232
     369  7.9570255E-04  1.8062666  2.8255635E+11    0.2805857
     370  7.9874334E-04  1.7952764  2.7923263E+11    0.2829989
     371  8.0176914E-04  1.7845294  2.7605897E+11    0.2851827
     372  8.0482803E-04  1.7739980  2.7305382E+11    0.2870432
     373  8.0700000E-04  1.7668000  2.7108000E+11    0.2880827
     374  8.1031201E-04  1.7561343  2.6830187E+11    0.2891753
     375  8.1367138E-04  1.7455244  2.6568818E+11    0.2897979
     376  8.1709452E-04  1.7349259  2.6318550E+11    0.2900849
     377  8.2057166E-04  1.7243766  2.6075800E+11    0.2901810
     378  8.2409273E-04  1.7139129  2.5836607E+11    0.2902480
     379  8.2764602E-04  1.7035733  2.5596856E+11    0.2904608
     380  8.3121853E-04  1.6933970  2.5352411E+11    0.2910018
     381  8.3200000E-04  1.6912000  2.5298000E+11    0.2911817
     382  8.3356293E-04  1.6868719  2.5188988E+11    0.2916072
     383  8.3668880E-04  1.6785057  2.4972403E+11    0.2926652
     384  8.4039360E-04  1.6689557  2.4718156E+11    0.2941720
     385  8.4415038E-04  1.6594923  2.4463010E+11    0.2958342
     386  8.4793691E-04  1.6499829  2.4208516E+11    0.2974885
     387  8.5169081E-04  1.6403942  2.3958818E+11    0.2989507
     388  8.5535232E-04  1.6307098  2.3717716E+11    0.3000568
     389  8.5700000E-04  1.6262000  2.3610000E+11    0.3004125
     390  8.6029536E-04  1.6168974  2.3395554E+11    0.3008730
     391  8.6358369E-04  1.6073366  2.3182857E+11    0.3010778
     392  8.6675115E-04  1.5979556  2.2979585E+11    0.3010924
     393  8.6983747E-04  1.5887352  2.2783378E+11    0.3009876
     394  8.7287009E-04  1.5796738  2.2592681E+11    0.3008203
     395  8.7587235E-04  1.5707724  2.2406226E+11    0.3006398
     396  8.7886544E-04  1.5620341  2.2222922E+11    0.3004920
     397  8.8187003E-04  1.5534651  2.2041768E+11    0.3004233
     398  8.8200000E-04  1.5531000  2.2034000E+11    0.3004228
     399  8.8225995E-04  1.5523705  2.2018484E+11    0.3004218

#-- 1:it 2:time[s] 3:T9[GK] 4:rho[g/cm3] 5:entropy[kB/baryon]
     400  8.8277985E-04  1.5509128  2.1987540E+11    0.3004177
     401  8.8381965E-04  1.5480024  2.1925985E+11    0.3004021
     402  8.8589924E-04  1.5422037  2.1804124E+11    0.3003453
     403  8.8900307E-04  1.5336087  2.1624959E+11    0.3002170
     404  8.9205224E-04  1.5252433  2.1451541E+11    0.3000701
     405  8.9509976E-04  1.5169689  2.1280167E+11    0.2999362
     406  8.9814461E-04  1.5087969  2.1110296E+11    0.2998484
     407  9.0118845E-04  1.5007313  2.0941261E+11    0.2998397
     408  9.0423286E-04  1.4927762  2.0772417E+11    0.2999430
     409  9.0724075E-04  1.4850346  2.0605293E+11    0.3001875
     410  9.0800000E-04  1.4831000  2.0563000E+11    0.3002754
     411  9.0951849E-04  1.4792648  2.0478346E+11    0.3004900
     412  9.1255548E-04  1.4717342  2.0309083E+11    0.3010655
     413  9.1560184E-04  1.4643314  2.0139601E+11    0.3017968
     414  9.1866866E-04  1.4569886  1.9969578E+11    0.3026380
     415  9.2174210E-04  1.4496976  1.9800069E+11    0.3035355
     416  9.2480883E-04  1.4424481  1.9632081E+11    0.3044339
     417  9.2785524E-04  1.4352315  1.9466604E+11    0.3052787
     418  9.3086813E-04  1.4280407  1.9304561E+11    0.3060180
     419  9.3300000E-04  1.4229000  1.9191000E+11    0.3064567
     420  9.3690144E-04  1.4134679  1.8985126E+11    0.3071797
     421  9.4066900E-04  1.4043844  1.8788338E+11    0.3078481
     422  9.4439417E-04  1.3953945  1.8595727E+11    0.3084469
     423  9.4806610E-04  1.3864944  1.8407791E+11    0.3089445
     424  9.5167896E-04  1.3776721  1.8224752E+11    0.3093140
     425  9.5560306E-04  1.3679848  1.8028058E+11    0.3095452
     426  9.5800000E-04  1.3620000  1.7909000E+11    0.3095835
     427  9.6181101E-04  1.3524293  1.7720935E+11    0.3095545
     428  9.6548868E-04  1.3431569  1.7540829E+11    0.3094505
     429  9.6910540E-04  1.3339768  1.7365429E+11    0.3092258
     430  9.7265264E-04  1.3248896  1.7195416E+11    0.3088408
     431  9.7612616E-04  1.3158893  1.7031199E+11    0.3082621
     432  9.7952250E-04  1.3069713  1.6873087E+11    0.3074621
     433  9.8283913E-04  1.2981323  1.6721293E+11    0.3064189
     434  9.8300000E-04  1.2977000  1.6714000E+11    0.3063611
     435  9.8332174E-04  1.2968351  1.6699407E+11    0.3062455
     436  9.8396522E-04  1.2951052  1.6670142E+11    0.3060190
     437  9.8525219E-04  1.2916446  1.6611352E+11    0.3055802
     438  9.8782612E-04  1.2847119  1.6493144E+11    0.3047299
     439  9.9098234E-04  1.2761691  1.6348205E+11    0.3036516
     440  9.9405303E-04  1.2677864  1.6208694E+11    0.3024520
     441  9.9706338E-04  1.2594731  1.6074808E+11    0.3010184
     442  1.0000114E-03  1.2512164  1.5947771E+11    0.2992608
     443  1.0028964E-03  1.2430031  1.5828550E+11    0.2971022
     444  1.0057179E-03  1.2348233  1.5717914E+11    0.2944779
     445  1.0084757E-03  1.2266693  1.5616461E+11    0.2913352
     446  1.0090000E-03  1.2251000  1.5598000E+11    0.2906661
     447  1.0100485E-03  1.2219495  1.5562239E+11    0.2892443
     448  1.0121456E-03  1.2156139  1.5495537E+11    0.2860676
     449  1.0148070E-03  1.2075013  1.5418472E+11    0.2814807

#-- 1:it 2:time[s] 3:T9[GK] 4:rho[g/cm3] 5:entropy[kB/baryon]
     450  1.0174104E-03  1.1994800  1.5349052E+11    0.2765077
     451  1.0199715E-03  1.1914987  1.5284255E+11    0.2712644
     452  1.0224800E-03  1.1835883  1.5222062E+11    0.2659030
     453  1.0249282E-03  1.1757725  1.5160654E+11    0.2605587
     454  1.0273105E-03  1.1680713  1.5098475E+11    0.2553486
     455  1.0296232E-03  1.1605001  1.5034249E+11    0.2503704
     456  1.0318641E-03  1.1530705  1.4966970E+11    0.2457023
     457  1.0340000E-03  1.1459000  1.4897000E+11    0.2414667
     458  1.0360983E-03  1.1387111  1.4822952E+11    0.2374251
     459  1.0381698E-03  1.1314435  1.4746105E+11    0.2334289
     460  1.0401612E-03  1.1243337  1.4669319E+11    0.2295883
     461  1.0420912E-03  1.1173598  1.4592705E+11    0.2258728
     462  1.0439729E-03  1.1105114  1.4516418E+11    0.2222625
     463  1.0458165E-03  1.1037805  1.4440584E+11    0.2187418
     464  1.0476309E-03  1.0971606  1.4365309E+11    0.2152980
     465  1.0494237E-03  1.0906468  1.4290688E+11    0.2119202
     466  1.0512018E-03  1.0842348  1.4216807E+11    0.2085993
     467  1.0529716E-03  1.0779214  1.4143745E+11    0.2053272
     468  1.0547394E-03  1.0717038  1.4071583E+11    0.2020965
     469  1.0565113E-03  1.0655802  1.4000401E+11    0.1989002
     470  1.0582939E-03  1.0595489  1.3930285E+11    0.1957317
     471  1.0590000E-03  1.0572000  1.3903000E+11    0.1944907
     472  1.0604121E-03  1.0525409  1.3848348E+11    0.1920543
     473  1.0622493E-03  1.0465240  1.3776316E+11    0.1889847
     474  1.0640581E-03  1.0406511  1.3704724E+11    0.1860541
     475  1.0658610E-03  1.0348502  1.3633078E+11    0.1832029
     476  1.0676585E-03  1.0291214  1.3561725E+11    0.1804097
     477  1.0694520E-03  1.0234617  1.3490960E+11    0.1776520
     478  1.0712427E-03  1.0178687  1.3421070E+11    0.1749076
     479  1.0730322E-03  1.0123399  1.3352333E+11    0.1721547
     480  1.0748217E-03  1.0068727  1.3285024E+11    0.1693713
     481  1.0766126E-03  1.0014649  1.3219413E+11    0.1665356
     482  1.0784063E-03  0.9961144  1.3155771E+11    0.1636251
     483  1.0801911E-03  0.9908574  1.3094812E+11    0.1606396
     484  1.0825995E-03  0.9838726  1.3016829E+11    0.1564348
     485  1.0840000E-03  0.9798700  1.2974000E+11    0.1538796
     486  1.0864326E-03  0.9729846  1.2905334E+11    0.1491027
     487  1.0888018E-03  0.9663443  1.2845109E+11    0.1440334
     488  1.0911529E-03  0.9598349  1.2790345E+11    0.1387187
     489  1.0934934E-03  0.9534479  1.2739340E+11    0.1332658
     490  1.0958323E-03  0.9471724  1.2690478E+11    0.1277735
     491  1.0981786E-03  0.9409985  1.2642207E+11    0.1223398
     492  1.1005413E-03  0.9349176  1.2592971E+11    0.1170651
     493  1.1029305E-03  0.9289215  1.2541158E+11    0.1120570
     494  1.1053571E-03  0.9230024  1.2485021E+11    0.1074344
     495  1.1078339E-03  0.9171528  1.2422599E+11    0.1033347
     496  1.1090000E-03  0.9144700  1.2391000E+11    0.1016607
     497  1.1113321E-03  0.9093497  1.2323354E+11    0.0989882
     498  1.1140703E-03  0.9037677  1.2237755E+11    0.0969327
     499  1.1170066E-03  0.8981564  1.2140718E+11    0.0956776

#-- 1:it 2:time[s] 3:T9[GK] 4:rho[g/cm3] 5:entropy[kB/baryon]
     500  1.1201315E-03  0.8924384  1.2034116E+11    0.0949837
     501  1.1233738E-03  0.8865890  1.1922824E+11    0.0944598
     502  1.1266221E-03  0.8806153  1.1813624E+11    0.0936037
     503  1.1297493E-03  0.8745742  1.1713410E+11    0.0919634
     504  1.1326562E-03  0.8685526  1.1626823E+11    0.0892939
     505  1.1350000E-03  0.8633200  1.1563000E+11    0.0860679
     506  1.1374079E-03  0.8575599  1.1503891E+11    0.0816137
     507  1.1395932E-03  0.8520552  1.1455209E+11    0.0767054
     508  1.1419615E-03  0.8458633  1.1406536E+11    0.0706532
     509  1.1442043E-03  0.8398474  1.1363208E+11    0.0644036
     510  1.1463628E-03  0.8339757  1.1323018E+11    0.0580818
     511  1.1484615E-03  0.8282406  1.1284440E+11    0.0517988
     512  1.1505248E-03  0.8226237  1.1246146E+11    0.0456336
     513  1.1525673E-03  0.8171273  1.1207079E+11    0.0396785
     514  1.1546189E-03  0.8117126  1.1165895E+11    0.0339811
     515  1.1566921E-03  0.8063900  1.1121508E+11    0.0286514
     516  1.1588081E-03  0.8011552  1.1072531E+11    0.0238008
     517  1.1600000E-03  0.7983100  1.1043000E+11    0.0213860
     518  1.1623034E-03  0.7929471  1.0981584E+11    0.0172789
     519  1.1645588E-03  0.7878015  1.0916707E+11    0.0137995
     520  1.1668087E-03  0.7827669  1.0848505E+11    0.0107640
     521  1.1690553E-03  0.7778325  1.0778084E+11    0.0080690
     522  1.1713025E-03  0.7729841  1.0706453E+11    0.0056116
     523  1.1737361E-03  0.7678261  1.0628806E+11    0.0031059
     524  1.1763000E-03  0.7624894  1.0548373E+11    0.0026449
     525  1.1789066E-03  0.7571588  1.0469600E+11    0.0026329
     526  1.1815579E-03  0.7518274  1.0394190E+11    0.0026207
     527  1.1842570E-03  0.7464862  1.0323958E+11    0.0026079
     528  1.1850000E-03  0.7450300  1.0306000E+11    0.0026043
     529  1.1864861E-03  0.7421352  1.0271602E+11    0.0025970
     530  1.1892603E-03  0.7367966  1.0211620E+11    0.0025833
     531  1.1920999E-03  0.7314256  1.0155014E+11    0.0025691
     532  1.1950057E-03  0.7260331  1.0100963E+11    0.0025546
     533  1.1979815E-03  0.7206263  1.0048488E+11    0.0025399
 Evolution mode: switching on heating
     534  1.2008231E-03  0.7155786  9.9999999E+10    0.0025261
     535  1.2038142E-03  0.7346834  9.9495223E+10    0.0029597
     536  1.2051663E-03  0.7336598  9.9265830E+10    0.0031560
     537  1.2078707E-03  0.7315710  9.8799229E+10    0.0035494
     538  1.2100000E-03  0.7298648  9.8420000E+10    0.0038599
     539  1.2142586E-03  0.7265095  9.7674692E+10    0.0044837
     540  1.2214847E-03  0.7210936  9.6470757E+10    0.0055501
     541  1.2281776E-03  0.7158645  9.5318356E+10    0.0065453
     542  1.2345581E-03  0.7101802  9.4085560E+10    0.0075021
     543  1.2350000E-03  0.7097491  9.3993000E+10    0.0075684
     544  1.2358839E-03  0.7088647  9.3803549E+10    0.0077012
     545  1.2376517E-03  0.7070031  9.3406673E+10    0.0079676
     546  1.2411872E-03  0.7029799  9.2555373E+10    0.0085037
     547  1.2451834E-03  0.6981181  9.1534695E+10    0.0091144
     548  1.2489608E-03  0.6934109  9.0551859E+10    0.0096960
     549  1.2526179E-03  0.6889283  8.9618656E+10    0.0102632

#-- 1:it 2:time[s] 3:T9[GK] 4:rho[g/cm3] 5:entropy[kB/baryon]
     550  1.2562759E-03  0.6846835  8.8735311E+10    0.0108345
     551  1.2600550E-03  0.6807186  8.7907681E+10    0.0114285
     552  1.2610000E-03  0.6798138  8.7718000E+10    0.0115772
     553  1.2628900E-03  0.6780956  8.7356781E+10    0.0118755
     554  1.2666700E-03  0.6749354  8.6689260E+10    0.0124751
     555  1.2714621E-03  0.6713282  8.5922546E+10    0.0132394
     556  1.2767101E-03  0.6676742  8.5142741E+10    0.0140811
     557  1.2823122E-03  0.6638411  8.4326322E+10    0.0149848
     558  1.2860000E-03  0.6612145  8.3771000E+10    0.0155821
     559  1.2915104E-03  0.6571898  8.2924938E+10    0.0164801
     560  1.2969329E-03  0.6532553  8.2100588E+10    0.0173692
     561  1.3023384E-03  0.6493588  8.1286944E+10    0.0182608
     562  1.3077413E-03  0.6454901  8.0481755E+10    0.0191574
     563  1.3110000E-03  0.6431689  8.0000000E+10    0.0197001
     564  1.3163409E-03  0.6393720  7.9214206E+10    0.0205949
     565  1.3217217E-03  0.6355598  7.8428098E+10    0.0215018
     566  1.3271104E-03  0.6317771  7.7650458E+10    0.0224155
     567  1.3325155E-03  0.6280400  7.6884078E+10    0.0233374
     568  1.3360000E-03  0.6256707  7.6399000E+10    0.0239339
     569  1.3414322E-03  0.6220617  7.5660650E+10    0.0248693
     570  1.3469761E-03  0.6184633  7.4925532E+10    0.0258293
     571  1.3526179E-03  0.6148420  7.4187794E+10    0.0268120
     572  1.3583202E-03  0.6111753  7.3443996E+10    0.0278110
     573  1.3620000E-03  0.6087832  7.2961000E+10    0.0284582
     574  1.3676493E-03  0.6050684  7.2214340E+10    0.0294578
     575  1.3732811E-03  0.6013438  7.1469292E+10    0.0304604
     576  1.3788936E-03  0.5976349  7.0730430E+10    0.0314658
     577  1.3845021E-03  0.5939549  6.9999850E+10    0.0324766
     578  1.3870000E-03  0.5923300  6.9678000E+10    0.0329280
     579  1.3919959E-03  0.5891016  6.9039786E+10    0.0338357
     580  1.3976417E-03  0.5854770  6.8325549E+10    0.0348678
     581  1.4033473E-03  0.5818391  6.7611213E+10    0.0359173
     582  1.4091089E-03  0.5781909  6.6897381E+10    0.0369837
     583  1.4120000E-03  0.5763694  6.6542000E+10    0.0375205
     584  1.4177823E-03  0.5727460  6.5836789E+10    0.0386008
     585  1.4236693E-03  0.5690826  6.5126379E+10    0.0397076
     586  1.4296287E-03  0.5654009  6.4415018E+10    0.0408353
     587  1.4356636E-03  0.5617004  6.3702662E+10    0.0419846
     588  1.4370000E-03  0.5608845  6.3546000E+10    0.0422395
     589  1.4396728E-03  0.5592537  6.3233291E+10    0.0427508
     590  1.4450185E-03  0.5559964  6.2610404E+10    0.0437792
     591  1.4512241E-03  0.5522424  6.1895054E+10    0.0449811
     592  1.4575322E-03  0.5484843  6.1181063E+10    0.0462111
     593  1.4620000E-03  0.5458736  6.0686000E+10    0.0470863
     594  1.4685092E-03  0.5421753  5.9985138E+10    0.0483700
     595  1.4751848E-03  0.5384772  5.9285551E+10    0.0496952
     596  1.4820315E-03  0.5347117  5.8576091E+10    0.0510638
     597  1.4880000E-03  0.5313951  5.7955000E+10    0.0522640
     598  1.4950405E-03  0.5274197  5.7215566E+10    0.0536904
     599  1.5020264E-03  0.5234538  5.6482319E+10    0.0551162

#-- 1:it 2:time[s] 3:T9[GK] 4:rho[g/cm3] 5:entropy[kB/baryon]
     600  1.5088705E-03  0.5195864  5.5770675E+10    0.0565233
     601  1.5130000E-03  0.5172766  5.5347000E+10    0.0573761
     602  1.5199037E-03  0.5132362  5.4612942E+10    0.0588130
     603  1.5262733E-03  0.5094381  5.3928096E+10    0.0601486
     604  1.5324545E-03  0.5060639  5.3316244E+10    0.0614532
     605  1.5380000E-03  0.5035832  5.2856000E+10    0.0626290
     606  1.5457866E-03  0.5014786  5.2429196E+10    0.0642851
     607  1.5542997E-03  0.5001007  5.2109140E+10    0.0660976
     608  1.5630000E-03  0.4978510  5.1652000E+10    0.0679559
     609  1.5731145E-03  0.4930120  5.0778261E+10    0.0701366
     610  1.5801566E-03  0.4890214  5.0078144E+10    0.0716673
     611  1.5861093E-03  0.4857186  4.9500298E+10    0.0729700
     612  1.5880000E-03  0.4847389  4.9328000E+10    0.0733845
     613  1.5917815E-03  0.4828491  4.8994711E+10    0.0742169
     614  1.5984911E-03  0.4795764  4.8417828E+10    0.0757035
     615  1.6051452E-03  0.4763788  4.7855848E+10    0.0771874
     616  1.6118143E-03  0.4731616  4.7293562E+10    0.0786844
     617  1.6140000E-03  0.4720941  4.7108000E+10    0.0791762
     618  1.6183715E-03  0.4698503  4.6721487E+10    0.0801642
     619  1.6245297E-03  0.4665219  4.6154295E+10    0.0815661
     620  1.6302197E-03  0.4635422  4.5646976E+10    0.0828697
     621  1.6360405E-03  0.4608750  4.5186549E+10    0.0842106
     622  1.6390000E-03  0.4597551  4.4988000E+10    0.0848939
     623  1.6449190E-03  0.4582129  4.4694246E+10    0.0862639
     624  1.6537952E-03  0.4568972  4.4401155E+10    0.0883209
     625  1.6632577E-03  0.4549224  4.4006802E+10    0.0905199
     626  1.6640000E-03  0.4546782  4.3963000E+10    0.0906925
     627  1.6654847E-03  0.4541367  4.3867756E+10    0.0910380
     628  1.6684540E-03  0.4528700  4.3650918E+10    0.0917310
     629  1.6743926E-03  0.4498544  4.3149029E+10    0.0931260
     630  1.6800199E-03  0.4468308  4.2651902E+10    0.0944569
     631  1.6852781E-03  0.4442853  4.2229541E+10    0.0957075
     632  1.6890000E-03  0.4428579  4.1985000E+10    0.0965954
     633  1.6964438E-03  0.4411673  4.1662934E+10    0.0983759
     634  1.7061045E-03  0.4399910  4.1390845E+10    0.1006885
     635  1.7150000E-03  0.4381100  4.1029000E+10    0.1028241
     636  1.7256882E-03  0.4336995  4.0295495E+10    0.1054147
     637  1.7348143E-03  0.4292195  3.9574832E+10    0.1076496
     638  1.7400000E-03  0.4267831  3.9183000E+10    0.1089266
     639  1.7474706E-03  0.4232601  3.8619558E+10    0.1107814
     640  1.7549392E-03  0.4197116  3.8056154E+10    0.1126512
     641  1.7622942E-03  0.4166891  3.7568775E+10    0.1145052
     642  1.7650000E-03  0.4157900  3.7419000E+10    0.1151886
     643  1.7704117E-03  0.4145218  3.7191682E+10    0.1165585
     644  1.7799005E-03  0.4132932  3.6928472E+10    0.1189635
     645  1.7899632E-03  0.4113786  3.6568859E+10    0.1215218
     646  1.7900000E-03  0.4113675  3.6567000E+10    0.1215311
     647  1.7900737E-03  0.4113451  3.6563266E+10    0.1215499
     648  1.7902211E-03  0.4113000  3.6555733E+10    0.1215873
     649  1.7905158E-03  0.4112077  3.6540414E+10    0.1216623

#-- 1:it 2:time[s] 3:T9[GK] 4:rho[g/cm3] 5:entropy[kB/baryon]
     650  1.7911053E-03  0.4110158  3.6508787E+10    0.1218123
     651  1.7922842E-03  0.4106039  3.6441831E+10    0.1221125
     652  1.7946422E-03  0.4096822  3.6295068E+10    0.1227143
     653  1.7993581E-03  0.4075626  3.5965632E+10    0.1239239
     654  1.8069799E-03  0.4039243  3.5407786E+10    0.1258963
     655  1.8140581E-03  0.4011162  3.4967876E+10    0.1277403
     656  1.8150000E-03  0.4008301  3.4921000E+10    0.1279858
     657  1.8168837E-03  0.4003351  3.4837438E+10    0.1284774
     658  1.8206512E-03  0.3996051  3.4704492E+10    0.1294617
     659  1.8281860E-03  0.3987463  3.4517663E+10    0.1314319
     660  1.8385046E-03  0.3973385  3.4232905E+10    0.1341345
     661  1.8410000E-03  0.3967095  3.4127000E+10    0.1347889
     662  1.8459907E-03  0.3949642  3.3852866E+10    0.1361030
     663  1.8559722E-03  0.3904812  3.3180482E+10    0.1387609
     664  1.8635977E-03  0.3873507  3.2708193E+10    0.1408074
     665  1.8660000E-03  0.3866007  3.2590000E+10    0.1414532
     666  1.8708046E-03  0.3854586  3.2399364E+10    0.1427480
     667  1.8804137E-03  0.3839912  3.2122482E+10    0.1453433
     668  1.8909737E-03  0.3826173  3.1849772E+10    0.1482004
     669  1.8910000E-03  0.3826131  3.1849000E+10    0.1482075
     670  1.8910527E-03  0.3826047  3.1847456E+10    0.1482217
     671  1.8911580E-03  0.3825881  3.1844379E+10    0.1482502
     672  1.8913687E-03  0.3825552  3.1838263E+10    0.1483072
     673  1.8917900E-03  0.3824904  3.1826182E+10    0.1484213
     674  1.8926327E-03  0.3823654  3.1802583E+10    0.1486493
     675  1.8943181E-03  0.3821308  3.1757342E+10    0.1491056
     676  1.8976889E-03  0.3817045  3.1672312E+10    0.1500187
     677  1.9044304E-03  0.3808727  3.1505293E+10    0.1518467
     678  1.9160000E-03  0.3786615  3.1123000E+10    0.1549969
     679  1.9281439E-03  0.3739935  3.0436513E+10    0.1583429
     680  1.9373738E-03  0.3702124  2.9891116E+10    0.1609113
     681  1.9410000E-03  0.3690979  2.9723000E+10    0.1619230
     682  1.9482524E-03  0.3676273  2.9479454E+10    0.1639528
     683  1.9574687E-03  0.3665254  2.9263555E+10    0.1665358
     684  1.9670000E-03  0.3654326  2.9047000E+10    0.1692107
     685  1.9786933E-03  0.3640319  2.8775674E+10    0.1724982
     686  1.9911902E-03  0.3619306  2.8416116E+10    0.1760254
     687  1.9920000E-03  0.3617273  2.8385000E+10    0.1762541
     688  1.9936195E-03  0.3612764  2.8317635E+10    0.1767119
     689  1.9968585E-03  0.3602049  2.8163159E+10    0.1776300
     690  2.0012086E-03  0.3585192  2.7927429E+10    0.1788686
     691  2.0048897E-03  0.3569911  2.7716789E+10    0.1799211
     692  2.0082499E-03  0.3556098  2.7526709E+10    0.1808855
     693  2.0115437E-03  0.3543468  2.7351501E+10    0.1818340
     694  2.0149633E-03  0.3532099  2.7190281E+10    0.1828218
     695  2.0170000E-03  0.3526499  2.7108000E+10    0.1834109
     696  2.0210734E-03  0.3517633  2.6970663E+10    0.1845916
     697  2.0264293E-03  0.3509141  2.6826996E+10    0.1861465
     698  2.0337232E-03  0.3500775  2.6668703E+10    0.1882666
     699  2.0420000E-03  0.3491296  2.6490000E+10    0.1906756

#-- 1:it 2:time[s] 3:T9[GK] 4:rho[g/cm3] 5:entropy[kB/baryon]
     700  2.0528035E-03  0.3479981  2.6269972E+10    0.1938242
     701  2.0645884E-03  0.3464745  2.5998729E+10    0.1972673
     702  2.0680000E-03  0.3457440  2.5888000E+10    0.1982657
     703  2.0748233E-03  0.3436332  2.5594451E+10    0.2002737
     704  2.0796338E-03  0.3418007  2.5350072E+10    0.2016966
     705  2.0835152E-03  0.3402806  2.5149063E+10    0.2028496
     706  2.0870990E-03  0.3389461  2.4971739E+10    0.2039183
     707  2.0906473E-03  0.3377752  2.4813328E+10    0.2049798
     708  2.0930000E-03  0.3371209  2.4722000E+10    0.2056848
     709  2.0969256E-03  0.3362033  2.4589107E+10    0.2068640
     710  2.1013495E-03  0.3353250  2.4456835E+10    0.2081955
     711  2.1064027E-03  0.3344661  2.4321996E+10    0.2097193
     712  2.1122247E-03  0.3335822  2.4178683E+10    0.2114781
     713  2.1130000E-03  0.3334678  2.4160000E+10    0.2117124
     714  2.1145506E-03  0.3332472  2.4123547E+10    0.2121811
     715  2.1176518E-03  0.3328503  2.4055565E+10    0.2131193
     716  2.1238543E-03  0.3321983  2.3935289E+10    0.2149973
     717  2.1326410E-03  0.3314613  2.3785750E+10    0.2176596
     718  2.1430000E-03  0.3305890  2.3610000E+10    0.2208007
     719  2.1553985E-03  0.3299127  2.3440270E+10    0.2245591
     720  2.1688877E-03  0.3286380  2.3199541E+10    0.2286543
     721  2.1730000E-03  0.3277341  2.3072000E+10    0.2299055
     722  2.1812246E-03  0.3243700  2.2654230E+10    0.2324333
     723  2.1875433E-03  0.3212690  2.2281713E+10    0.2343941
     724  2.1927613E-03  0.3193461  2.2042227E+10    0.2360227
     725  2.1930000E-03  0.3192842  2.2034000E+10    0.2360973
     726  2.1934775E-03  0.3191659  2.2018134E+10    0.2362464
     727  2.1944324E-03  0.3189461  2.1988143E+10    0.2365447
     728  2.1963423E-03  0.3185686  2.1934643E+10    0.2371421
     729  2.2001621E-03  0.3180266  2.1849832E+10    0.2383381
     730  2.2061075E-03  0.3175861  2.1759723E+10    0.2402003
     731  2.2129612E-03  0.3173436  2.1683454E+10    0.2423457
     732  2.2210795E-03  0.3168287  2.1570167E+10    0.2448874
     733  2.2230000E-03  0.3165949  2.1532000E+10    0.2454889
     734  2.2268411E-03  0.3160064  2.1443453E+10    0.2466936
     735  2.2345232E-03  0.3146278  2.1246504E+10    0.2491111
     736  2.2430000E-03  0.3132318  2.1043000E+10    0.2517874
     737  2.2531860E-03  0.3124934  2.0894347E+10    0.2550051
     738  2.2646896E-03  0.3119468  2.0756252E+10    0.2586375
     739  2.2730000E-03  0.3106087  2.0563000E+10    0.2612698
     740  2.2862718E-03  0.3050817  1.9922025E+10    0.2655489
     741  2.2930000E-03  0.3026626  1.9638000E+10    0.2677349
     742  2.3009243E-03  0.3014204  1.9461660E+10    0.2703172
     743  2.3111755E-03  0.3009359  1.9343378E+10    0.2736568
     744  2.3230000E-03  0.3002029  1.9191000E+10    0.2775100
     745  2.3375596E-03  0.2978553  1.8866646E+10    0.2822827
     746  2.3430000E-03  0.2970590  1.8754000E+10    0.2840695
     747  2.3538808E-03  0.2961019  1.8589887E+10    0.2876480
     748  2.3692038E-03  0.2950791  1.8391042E+10    0.2926913
     749  2.3730000E-03  0.2946647  1.8327000E+10    0.2939417

#-- 1:it 2:time[s] 3:T9[GK] 4:rho[g/cm3] 5:entropy[kB/baryon]
     750  2.3805923E-03  0.2935242  1.8170320E+10    0.2964497
     751  2.3930000E-03  0.2915861  1.7909000E+10    0.3005686
     752  2.4095504E-03  0.2903443  1.7687008E+10    0.3060707
     753  2.4230000E-03  0.2892783  1.7503000E+10    0.3105481
     754  2.4406892E-03  0.2865743  1.7145498E+10    0.3164785
     755  2.4430000E-03  0.2862750  1.7104000E+10    0.3172537
     756  2.4476215E-03  0.2858668  1.7038233E+10    0.3188052
     757  2.4568646E-03  0.2855504  1.6951863E+10    0.3219061
     758  2.4730000E-03  0.2840052  1.6714000E+10    0.3273348
     759  2.4922206E-03  0.2770052  1.5982228E+10    0.3339615
     760  2.4930000E-03  0.2768263  1.5962000E+10    0.3342304
     761  2.4945588E-03  0.2765194  1.5925990E+10    0.3347686
     762  2.4976765E-03  0.2760462  1.5866225E+10    0.3358465
     763  2.5039118E-03  0.2755290  1.5784013E+10    0.3380040
     764  2.5163825E-03  0.2751671  1.5678185E+10    0.3423145
     765  2.5230000E-03  0.2746903  1.5598000E+10    0.3446032
     766  2.5362350E-03  0.2728050  1.5359435E+10    0.3492042
     767  2.5430000E-03  0.2719080  1.5244000E+10    0.3515614
     768  2.5557968E-03  0.2709790  1.5091382E+10    0.3560262
     769  2.5730000E-03  0.2698379  1.4897000E+10    0.3620362
     770  2.5930000E-03  0.2671098  1.4558000E+10    0.3690759
     771  2.6061797E-03  0.2661823  1.4408166E+10    0.3737207
     772  2.6204682E-03  0.2653361  1.4259972E+10    0.3787599
     773  2.6230000E-03  0.2650888  1.4226000E+10    0.3796533
     774  2.6280637E-03  0.2644614  1.4147525E+10    0.3814431
     775  2.6381910E-03  0.2630145  1.3975966E+10    0.3850377
     776  2.6430000E-03  0.2624285  1.3903000E+10    0.3867472
     777  2.6517148E-03  0.2617542  1.3802100E+10    0.3898489
     778  2.6618713E-03  0.2612647  1.3708588E+10    0.3934639
     779  2.6730000E-03  0.2604642  1.3586000E+10    0.3974300
     780  2.6863545E-03  0.2586718  1.3375116E+10    0.4022141
     781  2.6930000E-03  0.2578450  1.3276000E+10    0.4046002
     782  2.7027132E-03  0.2570513  1.3163867E+10    0.4080932
     783  2.7133377E-03  0.2564714  1.3064097E+10    0.4119157
     784  2.7230000E-03  0.2559452  1.2974000E+10    0.4153934
     785  2.7367988E-03  0.2552113  1.2847553E+10    0.4203627
     786  2.7521395E-03  0.2541503  1.2689729E+10    0.4258967
     787  2.7530000E-03  0.2540651  1.2679000E+10    0.4262071
     788  2.7547210E-03  0.2538803  1.2656476E+10    0.4268284
     789  2.7581629E-03  0.2534583  1.2607592E+10    0.4280723
     790  2.7650469E-03  0.2525165  1.2502869E+10    0.4305675
     791  2.7730000E-03  0.2515431  1.2391000E+10    0.4334582
     792  2.7846819E-03  0.2507701  1.2276152E+10    0.4377094
     793  2.7974447E-03  0.2501613  1.2168889E+10    0.4423552
     794  2.8030000E-03  0.2497117  1.2109000E+10    0.4443793
     795  2.8141107E-03  0.2483091  1.1953293E+10    0.4484447
     796  2.8230000E-03  0.2472201  1.1832000E+10    0.4517079
     797  2.8359375E-03  0.2464099  1.1712211E+10    0.4564628
     798  2.8500093E-03  0.2457003  1.1595207E+10    0.4616376
     799  2.8530000E-03  0.2454440  1.1563000E+10    0.4627380

#-- 1:it 2:time[s] 3:T9[GK] 4:rho[g/cm3] 5:entropy[kB/baryon]
     800  2.8589814E-03  0.2447642  1.1486969E+10    0.4649432
     801  2.8709442E-03  0.2432532  1.1325161E+10    0.4693746
     802  2.8730000E-03  0.2430435  1.1301000E+10    0.4701366
     803  2.8771116E-03  0.2427099  1.1258752E+10    0.4716616
     804  2.8853349E-03  0.2422791  1.1191011E+10    0.4747132
     805  2.9012477E-03  0.2414559  1.1061581E+10    0.4806230
     806  2.9030000E-03  0.2413011  1.1043000E+10    0.4812741
     807  2.9065047E-03  0.2408499  1.0996177E+10    0.4825781
     808  2.9135140E-03  0.2396334  1.0881407E+10    0.4851975
     809  2.9230000E-03  0.2389429  1.0792000E+10    0.4887476
     810  2.9392883E-03  0.2400079  1.0792000E+10    0.4947943
     811  2.9530000E-03  0.2409020  1.0792000E+10    0.4998502
     812  2.9730000E-03  0.2385445  1.0547000E+10    0.5072797
     813  2.9953063E-03  0.2373723  1.0373828E+10    0.5155774
     814  3.0030000E-03  0.2368357  1.0306000E+10    0.5184424
     815  3.0183874E-03  0.2350132  1.0122561E+10    0.5242062
     816  3.0230000E-03  0.2345288  1.0072000E+10    0.5259365
     817  3.0322253E-03  0.2339307  9.9951636E+09    0.5294012
     818  3.0506758E-03  0.2330627  9.8637248E+09    0.5363361
     819  3.0530000E-03  0.2328703  9.8420000E+09    0.5372101
     820  3.0576485E-03  0.2323852  9.7922945E+09    0.5389607
