# 1:A 2:Y(A) 3:X(A)
    1     5.36033897954228E-07     5.36033897954228E-07
    2     6.21737034543100E-16     1.24347406908620E-15
    3     1.90462133981437E-08     5.71386401944312E-08
    4     3.43776749622658E-04     1.37510699849063E-03
    5     0.00000000000000E+00     0.00000000000000E+00
    6     1.92183090202903E-08     1.15309854121742E-07
    7     1.67447768726056E-09     1.17213438108240E-08
    8     0.00000000000000E+00     0.00000000000000E+00
    9     8.75568980376537E-07     7.88012082338883E-06
   10     3.64223952942515E-07     3.64223952942515E-06
   11     2.20430818311180E-08     2.42473900142298E-07
   12     6.55595922045504E-07     7.86715106454604E-06
   13     6.78413330095455E-08     8.81937329124092E-07
   14     5.00783140162777E-08     7.01096396227888E-07
   15     1.00295106067785E-05     1.50442659101677E-04
   16     1.84178205808180E-07     2.94685129293088E-06
   17     2.29972369331738E-09     3.90953027863954E-08
   18     1.99007931388282E-07     3.58214276498908E-06
   19     8.16238763003374E-07     1.55085364970641E-05
   20     9.04399079741574E-07     1.80879815948315E-05
   21     1.42370296397731E-07     2.98977622435235E-06
   22     4.16538442049060E-06     9.16384572507932E-05
   23     1.08006884316648E-09     2.48415833928291E-08
   24     2.38511006963167E-08     5.72426416711601E-07
   25     8.39085132841869E-08     2.09771283210467E-06
   26     3.80685201670672E-09     9.89781524343747E-08
   27     9.90214697842883E-10     2.67357968417578E-08
   28     1.14455082071136E-09     3.20474229799181E-08
   29     6.64043997408324E-10     1.92572759248414E-08
   30     1.63138389857892E-09     4.89415169573677E-08
   31     2.78873134480224E-09     8.64506716888694E-08
   32     9.87058665405419E-09     3.15858772929734E-07
   33     8.80287958094934E-09     2.90495026171328E-07
   34     1.10270798953659E-08     3.74920716442439E-07
   35     6.66303876387455E-09     2.33206356735609E-07
   36     1.81910117506341E-09     6.54876423022829E-08
   37     6.91877815361735E-09     2.55994791683842E-07
   38     3.61918025727126E-09     1.37528849776308E-07
   39     5.80345430844840E-10     2.26334718029488E-08
   40     1.73887094805078E-09     6.95548379220313E-08
   41     4.61814479032402E-09     1.89343936403285E-07
   42     4.29037284040720E-08     1.80195659297102E-06
   43     6.46352586766384E-09     2.77931612309545E-07
   44     1.02833133170244E-08     4.52465785949071E-07
   45     2.31207197683149E-08     1.04043238957417E-06
   46     1.05459369873775E-08     4.85113101419366E-07
   47     1.48623684352867E-09     6.98531316458474E-08
   48     2.56539445920284E-09     1.23138934041736E-07
   49     9.02893716663861E-10     4.42417921165292E-08
   50     3.05918273777574E-09     1.52959136888787E-07
   51     2.96696144493379E-09     1.51315033691623E-07
   52     4.45508280427859E-09     2.31664305822487E-07
   53     1.13665040333334E-09     6.02424713766670E-08
   54     5.21860995807755E-10     2.81804937736188E-08
   55     2.54697085982219E-10     1.40083397290221E-08
   56     1.13530297279699E-09     6.35769664766315E-08
   57     1.78633344025234E-09     1.01821006094383E-07
   58     1.07227599136512E-09     6.21920074991768E-08
   59     1.04571836548372E-09     6.16973835635394E-08
   60     7.39854131596727E-10     4.43912478958036E-08
   61     1.71733204642719E-09     1.04757254832058E-07
   62     4.74306137630017E-09     2.94069805330611E-07
   63     6.32250768424547E-09     3.98317984107464E-07
   64     3.61823634106171E-09     2.31567125827950E-07
   65     6.11653960280566E-09     3.97575074182368E-07
   66     5.85650612214584E-09     3.86529404061626E-07
   67     8.27434472832297E-09     5.54381096797639E-07
   68     1.17441842252968E-08     7.98604527320179E-07
   69     1.84809692078617E-08     1.27518687534246E-06
   70     2.39835747920482E-08     1.67885023544337E-06
   71     2.97786783748426E-08     2.11428616461382E-06
   72     4.23137369496015E-08     3.04658906037131E-06
   73     6.52079195391412E-08     4.76017812635730E-06
   74     7.45576475958256E-08     5.51726592209109E-06
   75     1.36405461739005E-07     1.02304096304254E-05
   76     2.47674358851344E-07     1.88232512727021E-05
   77     4.44482373838514E-07     3.42251427855656E-05
   78     3.26120085070345E-07     2.54373666354869E-05
   79     4.11564642247540E-07     3.25136067375556E-05
   80     6.30796794930463E-07     5.04637435944370E-05
   81     1.03595399285984E-06     8.39122734216467E-05
   82     1.67292935365100E-06     1.37180206999382E-04
   83     2.17302139578267E-06     1.80360775849961E-04
   84     2.24942673610263E-06     1.88951845832621E-04
   85     1.57527500986755E-06     1.33898375838742E-04
   86     3.05001616106048E-06     2.62301389851201E-04
   87     4.21684789924769E-06     3.66865767234549E-04
   88     6.48712110975802E-06     5.70866657658706E-04
   89     6.44350888239636E-06     5.73472290533276E-04
   90     5.91894901429221E-06     5.32705411286299E-04
   91     6.59729496530352E-06     6.00353841842621E-04
   92     1.12328110771053E-05     1.03341861909369E-03
   93     7.95807430123837E-06     7.40100910015168E-04
   94     6.26566012535455E-06     5.88972051783328E-04
   95     1.43490725474352E-05     1.36316189200634E-03
   96     1.13836776052554E-05     1.09283305010452E-03
   97     1.23972487883847E-05     1.20253313247332E-03
   98     1.16329445535297E-05     1.14002856624591E-03
   99     1.52226028333946E-05     1.50703768050606E-03
  100     1.72011860331054E-05     1.72011860331054E-03
  101     1.75062954815699E-05     1.76813584363856E-03
  102     2.06015984167687E-05     2.10136303851040E-03
  103     2.63919084724632E-05     2.71836657266371E-03
  104     2.35679187861379E-05     2.45106355375834E-03
  105     3.08828598645996E-05     3.24270028578296E-03
  106     2.57579307181962E-05     2.73034065612879E-03
  107     2.53075856877164E-05     2.70791166858565E-03
  108     2.23387109291017E-05     2.41258078034298E-03
  109     3.66423311766623E-05     3.99401409825619E-03
  110     3.46822209353273E-05     3.81504430288600E-03
  111     4.05460193010711E-05     4.50060814241889E-03
  112     2.59605316511519E-05     2.90757954492901E-03
  113     3.53861975446484E-05     3.99864032254527E-03
  114     3.35800363802536E-05     3.82812414734891E-03
  115     2.63163751907997E-05     3.02638314694196E-03
  116     3.10751802444970E-05     3.60472090836165E-03
  117     4.38267495246314E-05     5.12772969438188E-03
  118     3.14571683168875E-05     3.71194586139272E-03
  119     3.40992933518720E-05     4.05781590887276E-03
  120     2.72476870608753E-05     3.26972244730504E-03
  121     5.32830681031920E-05     6.44725124048623E-03
  122     2.64487348992835E-05     3.22674565771259E-03
  123     4.49036026245794E-05     5.52314312282326E-03
  124     2.55440214549442E-05     3.16745866041308E-03
  125     7.54621869322951E-05     9.43277336653689E-03
  126     9.98684439252389E-05     1.25834239345801E-02
  127     1.07003904790273E-04     1.35894959083647E-02
  128     8.94812947622831E-05     1.14536057295722E-02
  129     1.08134467727361E-04     1.39493463368296E-02
  130     6.83380003855346E-05     8.88394005011950E-03
  131     1.04810763723903E-04     1.37302100478313E-02
  132     9.17651098716575E-05     1.21129945030588E-02
  133     6.90349890105964E-05     9.18165353840932E-03
  134     1.14612149888154E-04     1.53580280850126E-02
  135     5.52914106614106E-05     7.46434043929043E-03
  136     1.19937746884559E-04     1.63115335763000E-02
  137     6.26079403167097E-05     8.57728782338923E-03
  138     6.97267269901829E-05     9.62228832464524E-03
  139     2.32061235129729E-05     3.22565116830324E-03
  140     8.48141251200499E-05     1.18739775168070E-02
  141     7.25841880845726E-05     1.02343705199247E-02
  142     5.41424081840728E-05     7.68822196213833E-03
  143     4.62522045142985E-05     6.61406524554469E-03
  144     4.28916546466256E-05     6.17639826911409E-03
  145     4.95189622251762E-05     7.18024952265056E-03
  146     4.65979009697279E-05     6.80329354158027E-03
  147     6.17098459883492E-05     9.07134736028733E-03
  148     4.45349228212185E-05     6.59116857754034E-03
  149     3.84639432722420E-05     5.73112754756406E-03
  150     3.86346061850431E-05     5.79519092775647E-03
  151     4.83685998641505E-05     7.30365857948672E-03
  152     3.69567608624615E-05     5.61742765109415E-03
  153     3.27212783118511E-05     5.00635558171322E-03
  154     3.25777525212250E-05     5.01697388826865E-03
  155     2.94194080612851E-05     4.56000824949919E-03
  156     3.07467150863806E-05     4.79648755347537E-03
  157     2.91193933353479E-05     4.57174475364962E-03
  158     3.58374522109834E-05     5.66231744933537E-03
  159     2.81694517634181E-05     4.47894283038347E-03
  160     3.54061728726617E-05     5.66498765962587E-03
  161     3.20019294046420E-05     5.15231063414737E-03
  162     3.37078501861334E-05     5.46067173015360E-03
  163     3.28628777672195E-05     5.35664907605678E-03
  164     3.16359155082265E-05     5.18829014334915E-03
  165     2.14528350138476E-05     3.53971777728486E-03
  166     1.94191405107325E-05     3.22357732478160E-03
  167     2.20072012172221E-05     3.67520260327609E-03
  168     1.92433487213664E-05     3.23288258518956E-03
  169     1.29284106007523E-05     2.18490139152715E-03
  170     1.81319288557420E-05     3.08242790547613E-03
  171     1.42422594836296E-05     2.43542637170065E-03
  172     1.56026874053450E-05     2.68366223371935E-03
  173     1.14365909450106E-05     1.97853023348683E-03
  174     1.87195954103821E-05     3.25720960140648E-03
  175     1.07663888331115E-05     1.88411804579452E-03
  176     1.60686166941600E-05     2.82807653817216E-03
  177     1.37564007506035E-05     2.43488293285682E-03
  178     1.98224368118933E-05     3.52839375251700E-03
  179     1.15547989779101E-05     2.06830901704590E-03
  180     1.29302181984150E-05     2.32743927571470E-03
  181     1.06507329706128E-05     1.92778266768092E-03
  182     1.14512638322065E-05     2.08413001746158E-03
  183     5.82463850769086E-06     1.06590884690743E-03
  184     6.02951823850736E-06     1.10943135588535E-03
  185     3.64338726722351E-06     6.74026644436349E-04
  186     4.17512556959411E-06     7.76573355944504E-04
  187     3.16026925507482E-06     5.90970350698991E-04
  188     7.60962385224624E-06     1.43060928422229E-03
  189     1.36942528423960E-05     2.58821378721284E-03
  190     3.54056027498981E-05     6.72706452248063E-03
  191     3.73595449404006E-05     7.13567308361651E-03
  192     1.14233665590908E-04     2.19328637934543E-02
  193     2.00562036220467E-04     3.87084729905501E-02
  194     2.91635636276547E-04     5.65773134376502E-02
  195     3.94294450270143E-04     7.68874178026779E-02
  196     2.53193657979028E-04     4.96259569638894E-02
  197     1.86869505933688E-04     3.68132926689365E-02
  198     8.25773925276167E-05     1.63503237204681E-02
  199     4.94521331169798E-05     9.84097449027898E-03
  200     6.84371786222586E-06     1.36874357244517E-03
  201     2.38521392648301E-06     4.79427999223084E-04
  202     4.71792611948856E-07     9.53021076136689E-05
  203     4.35704258328367E-07     8.84479644406585E-05
  204     5.00616636220727E-07     1.02125793789028E-04
  205     3.63099696747143E-07     7.44354378331644E-05
  206     6.44881259610399E-07     1.32845539479742E-04
  207     1.33166823215745E-05     2.75655324056592E-03
  208     1.84757775569188E-05     3.84296173183912E-03
  209     1.27406004348985E-05     2.66278549089380E-03
  210     1.16563504735669E-05     2.44783359944906E-03
  211     3.12041315567308E-11     6.58407175847021E-09
  212     1.37260591615901E-09     2.90992454225710E-07
  213     1.48064193465669E-13     3.15376732081875E-11
  214     2.20292371156701E-14     4.71425674275340E-12
  215     2.91322562982297E-17     6.26343510411939E-15
  216     4.75085440760711E-15     1.02618455204314E-12
  217     1.74565996357869E-18     3.78808212096577E-16
  218     1.45953764416444E-15     3.18179206427847E-13
  219     5.37630960860374E-14     1.17741180428422E-11
  220     1.82171652373931E-12     4.00777635222649E-10
  221     1.54727051722613E-14     3.41946784306975E-12
  222     2.79726278328294E-12     6.20992337888812E-10
  223     1.34130136245258E-08     2.99110203826924E-06
  224     1.02884839334459E-08     2.30462040109187E-06
  225     1.16454956703095E-10     2.62023652581964E-08
  226     1.29907699983664E-05     2.93591401963081E-03
  227     9.31401487057315E-06     2.11428137562011E-03
  228     1.61435219945042E-05     3.68072301474695E-03
  229     1.35148530089056E-05     3.09490133903938E-03
  230     1.99581796135001E-05     4.59038131110502E-03
  231     1.50261419854773E-05     3.47103879864526E-03
  232     2.57740462140416E-05     5.97957872165766E-03
  233     1.84764989320932E-05     4.30502425117771E-03
  234     3.05912917192644E-05     7.15836226230787E-03
  235     2.76539398177379E-05     6.49867585716842E-03
  236     6.59546787862029E-05     1.55653041935439E-02
  237     5.51726694149744E-05     1.30759226513489E-02
  238     7.14022338105809E-05     1.69937316469183E-02
  239     6.38222243447594E-05     1.52535116183975E-02
  240     5.98523136035389E-05     1.43645552648493E-02
  241     3.54251061814925E-05     8.53745058973969E-03
  242     2.81310435413486E-05     6.80771253700637E-03
  243     1.94904016033206E-05     4.73616758960690E-03
  244     1.88800581629222E-05     4.60673419175301E-03
  245     1.50713065492598E-05     3.69247010456866E-03
  246     1.97845862880033E-05     4.86700822684882E-03
  247     9.88719284570474E-06     2.44213663288907E-03
  248     2.42332940809185E-05     6.00985693206778E-03
  249     2.95485550678904E-05     7.35759021190471E-03
  250     2.48999492234489E-05     6.22498730586222E-03
  251     2.52656939323244E-05     6.34168917701344E-03
  252     1.84067871662744E-05     4.63851036590114E-03
  253     3.12028957479108E-11     7.89433262422143E-09
  254     2.73285051536069E-07     6.94144030901615E-05
  255     1.85799788728026E-09     4.73789461256466E-07
  256     0.00000000000000E+00     0.00000000000000E+00
  257     4.16921518979970E-11     1.07148830377852E-08
  258     0.00000000000000E+00     0.00000000000000E+00
  259     0.00000000000000E+00     0.00000000000000E+00
  260     0.00000000000000E+00     0.00000000000000E+00
  261     0.00000000000000E+00     0.00000000000000E+00
  262     0.00000000000000E+00     0.00000000000000E+00
  263     0.00000000000000E+00     0.00000000000000E+00
  264     0.00000000000000E+00     0.00000000000000E+00
  265     0.00000000000000E+00     0.00000000000000E+00
  266     0.00000000000000E+00     0.00000000000000E+00
  267     0.00000000000000E+00     0.00000000000000E+00
  268     0.00000000000000E+00     0.00000000000000E+00
  269     0.00000000000000E+00     0.00000000000000E+00
  270     0.00000000000000E+00     0.00000000000000E+00
  271     0.00000000000000E+00     0.00000000000000E+00
  272     0.00000000000000E+00     0.00000000000000E+00
  273     0.00000000000000E+00     0.00000000000000E+00
  274     0.00000000000000E+00     0.00000000000000E+00
  275     0.00000000000000E+00     0.00000000000000E+00
  276     0.00000000000000E+00     0.00000000000000E+00
  277     0.00000000000000E+00     0.00000000000000E+00
  278     0.00000000000000E+00     0.00000000000000E+00
  279     0.00000000000000E+00     0.00000000000000E+00
  280     0.00000000000000E+00     0.00000000000000E+00
  281     0.00000000000000E+00     0.00000000000000E+00
  282     0.00000000000000E+00     0.00000000000000E+00
  283     0.00000000000000E+00     0.00000000000000E+00
  284     0.00000000000000E+00     0.00000000000000E+00
  285     0.00000000000000E+00     0.00000000000000E+00
  286     0.00000000000000E+00     0.00000000000000E+00
  287     0.00000000000000E+00     0.00000000000000E+00
  288     0.00000000000000E+00     0.00000000000000E+00
  289     0.00000000000000E+00     0.00000000000000E+00
  290     0.00000000000000E+00     0.00000000000000E+00
  291     0.00000000000000E+00     0.00000000000000E+00
  292     0.00000000000000E+00     0.00000000000000E+00
  293     0.00000000000000E+00     0.00000000000000E+00
  294     0.00000000000000E+00     0.00000000000000E+00
  295     0.00000000000000E+00     0.00000000000000E+00
  296     0.00000000000000E+00     0.00000000000000E+00
  297     0.00000000000000E+00     0.00000000000000E+00
  298     0.00000000000000E+00     0.00000000000000E+00
  299     0.00000000000000E+00     0.00000000000000E+00
  300     0.00000000000000E+00     0.00000000000000E+00
  301     0.00000000000000E+00     0.00000000000000E+00
  302     0.00000000000000E+00     0.00000000000000E+00
  303     0.00000000000000E+00     0.00000000000000E+00
  304     0.00000000000000E+00     0.00000000000000E+00
  305     0.00000000000000E+00     0.00000000000000E+00
  306     0.00000000000000E+00     0.00000000000000E+00
  307     0.00000000000000E+00     0.00000000000000E+00
  308     0.00000000000000E+00     0.00000000000000E+00
  309     0.00000000000000E+00     0.00000000000000E+00
  310     0.00000000000000E+00     0.00000000000000E+00
  311     0.00000000000000E+00     0.00000000000000E+00
  312     0.00000000000000E+00     0.00000000000000E+00
  313     0.00000000000000E+00     0.00000000000000E+00
  314     0.00000000000000E+00     0.00000000000000E+00
  315     0.00000000000000E+00     0.00000000000000E+00
  316     0.00000000000000E+00     0.00000000000000E+00
  317     0.00000000000000E+00     0.00000000000000E+00
  318     0.00000000000000E+00     0.00000000000000E+00
  319     0.00000000000000E+00     0.00000000000000E+00
  320     0.00000000000000E+00     0.00000000000000E+00
  321     0.00000000000000E+00     0.00000000000000E+00
  322     0.00000000000000E+00     0.00000000000000E+00
  323     0.00000000000000E+00     0.00000000000000E+00
  324     0.00000000000000E+00     0.00000000000000E+00
  325     0.00000000000000E+00     0.00000000000000E+00
  326     0.00000000000000E+00     0.00000000000000E+00
  327     0.00000000000000E+00     0.00000000000000E+00
  328     0.00000000000000E+00     0.00000000000000E+00
  329     0.00000000000000E+00     0.00000000000000E+00
  330     0.00000000000000E+00     0.00000000000000E+00
  331     0.00000000000000E+00     0.00000000000000E+00
  332     0.00000000000000E+00     0.00000000000000E+00
  333     0.00000000000000E+00     0.00000000000000E+00
  334     0.00000000000000E+00     0.00000000000000E+00
  335     0.00000000000000E+00     0.00000000000000E+00
  336     0.00000000000000E+00     0.00000000000000E+00
  337     0.00000000000000E+00     0.00000000000000E+00
