# 1:A 2:Z 3:N 4:Yi 5:Xi
    1      0      1     1.33364085199088E-13   1.33364085199088E-13
    1      1      0     5.36033764590143E-07   5.36033764590143E-07
    2      1      1     6.21737034543100E-16   1.24347406908620E-15
    3      1      2     1.76353280553998E-08   5.29059841661995E-08
    3      2      1     1.41088534274390E-09   4.23265602823169E-09
    4      2      2     3.43776749622658E-04   1.37510699849063E-03
    6      3      3     1.92183090202903E-08   1.15309854121742E-07
    7      3      4     1.67447768719387E-09   1.17213438103571E-08
    7      4      3     6.66956424847450E-20   4.66869497393215E-19
    9      4      5     8.75568980376537E-07   7.88012082338883E-06
   10      4      6     3.64223641414011E-07   3.64223641414011E-06
   10      5      5     3.11528504183358E-13   3.11528504183358E-12
   11      5      6     2.20430818311180E-08   2.42473900142298E-07
   12      6      6     6.55595922045504E-07   7.86715106454604E-06
   13      6      7     6.78413330095455E-08   8.81937329124092E-07
   14      6      8     4.96025264061649E-08   6.94435369686308E-07
   14      7      7     4.75787610112854E-10   6.66102654157995E-09
   15      7      8     1.00295106067785E-05   1.50442659101677E-04
   16      8      8     1.84178205808180E-07   2.94685129293088E-06
   17      8      9     2.29972369331738E-09   3.90953027863954E-08
   18      8     10     1.99007931388282E-07   3.58214276498908E-06
   19      9     10     8.16238763003374E-07   1.55085364970641E-05
   20     10     10     9.04399079741574E-07   1.80879815948315E-05
   21     10     11     1.42370296397731E-07   2.98977622435235E-06
   22     10     12     4.16538442049060E-06   9.16384572507932E-05
   23     11     12     1.08006884316648E-09   2.48415833928291E-08
   24     12     12     2.38511006963167E-08   5.72426416711601E-07
   25     12     13     8.39085132841869E-08   2.09771283210467E-06
   26     12     14     3.80685201670672E-09   9.89781524343747E-08
   27     13     14     9.90214697842883E-10   2.67357968417578E-08
   28     14     14     1.14455082071136E-09   3.20474229799181E-08
   29     14     15     6.64043997408324E-10   1.92572759248414E-08
   30     14     16     1.63138389857892E-09   4.89415169573677E-08
   31     15     16     2.78873134480224E-09   8.64506716888694E-08
   32     14     18     9.80958093213906E-09   3.13906589828450E-07
   32     15     17     2.49869731176808E-12   7.99583139765785E-11
   32     16     16     5.85070246033585E-11   1.87222478730747E-09
   33     15     18     1.49464963351113E-14   4.93234379058672E-13
   33     16     17     8.80286463445301E-09   2.90494532936949E-07
   34     16     18     1.10270798953659E-08   3.74920716442439E-07
   35     16     19     1.30595703343439E-10   4.57084961702038E-09
   35     17     18     6.53244306053111E-09   2.28635507118589E-07
   36     16     20     1.81910117123299E-09   6.54876421643877E-08
   36     17     19     3.83042325003747E-18   1.37895237001349E-16
   37     17     20     6.91877815361735E-09   2.55994791683842E-07
   38     18     20     3.61918025727126E-09   1.37528849776308E-07
   39     18     21     5.78302488279947E-10   2.25537970429179E-08
   39     19     20     2.04294256489326E-12   7.96747600308371E-11
   40     18     22     1.73887094805078E-09   6.95548379220313E-08
   41     19     22     4.61814479032402E-09   1.89343936403285E-07
   42     18     24     4.16861122547246E-08   1.75081671469843E-06
   42     19     23     1.77973772106491E-12   7.47489842847260E-11
   42     20     22     1.21583641162631E-09   5.10651292883050E-08
   43     20     23     6.46352586766384E-09   2.77931612309545E-07
   44     20     24     1.02833133170244E-08   4.52465785949071E-07
   45     20     25     2.75075155378858E-09   1.23783819920486E-07
   45     21     24     2.03699682145263E-08   9.16648569653685E-07
   46     20     26     1.05459369721441E-08   4.85113100718631E-07
   46     21     25     2.52684665230533E-19   1.16234946006045E-17
   46     22     24     1.49806910751798E-17   6.89111789458272E-16
   47     22     25     1.48623684352867E-09   6.98531316458474E-08
   48     22     26     2.56539445920284E-09   1.23138934041736E-07
   49     22     27     9.02893716663861E-10   4.42417921165292E-08
   50     22     28     3.05918273777574E-09   1.52959136888787E-07
   51     23     28     2.96696144493379E-09   1.51315033691623E-07
   52     24     28     4.45508280427859E-09   2.31664305822487E-07
   53     24     29     1.13665040333334E-09   6.02424713766670E-08
   54     24     30     5.21860995807755E-10   2.81804937736188E-08
   55     25     30     2.54697085982219E-10   1.40083397290221E-08
   56     26     30     1.13530297279699E-09   6.35769664766315E-08
   57     26     31     1.78633344025234E-09   1.01821006094383E-07
   58     26     32     1.07227599136512E-09   6.21920074991768E-08
   59     26     33     4.88318537113083E-13   2.88107936896719E-11
   59     27     32     1.04523004694660E-09   6.16685727698497E-08
   60     26     34     7.39853861215871E-10   4.43912316729523E-08
   60     27     33     2.47108409547228E-16   1.48265045728337E-14
   60     28     32     2.32724461351606E-17   1.39634676810964E-15
   61     28     33     1.71733204642719E-09   1.04757254832058E-07
   62     28     34     4.74306137630017E-09   2.94069805330611E-07
   63     28     35     6.26343841201312E-09   3.94596619956827E-07
   63     29     34     5.90692722323431E-11   3.72136415063761E-09
   64     28     36     3.61823634103617E-09   2.31567125826315E-07
   64     30     34     2.55411655330357E-20   1.63463459411429E-18
   65     29     36     6.11653960280566E-09   3.97575074182368E-07
   66     30     36     5.85650612214584E-09   3.86529404061626E-07
   67     30     37     8.27434472832297E-09   5.54381096797639E-07
   68     30     38     1.17441842252968E-08   7.98604527320179E-07
   69     31     38     1.84809692078617E-08   1.27518687534246E-06
   70     30     40     2.39834122129138E-08   1.67883885490397E-06
   70     32     38     1.62579134337386E-13   1.13805394036170E-11
   71     31     40     2.97786783748426E-08   2.11428616461382E-06
   72     32     40     4.23137369496015E-08   3.04658906037131E-06
   73     32     41     6.52079195391412E-08   4.76017812635730E-06
   74     32     42     7.45576475958256E-08   5.51726592209109E-06
   75     33     42     1.36405461739005E-07   1.02304096304254E-05
   76     32     44     2.47671529208404E-07   1.88230362198387E-05
   76     34     42     2.82964293987869E-12   2.15052863430780E-10
   77     34     43     4.44482373838514E-07   3.42251427855656E-05
   78     34     44     3.26120085070345E-07   2.54373666354869E-05
   79     34     45     4.11563318519735E-07   3.25135021630591E-05
   79     35     44     1.32372780450287E-12   1.04574496555727E-10
   80     34     46     6.30796794930463E-07   5.04637435944370E-05
   81     32     49     1.43102028726284E-20   1.15912643268290E-18
   81     33     48     6.27060451338300E-20   5.07918965584023E-18
   81     34     47     2.09020592494528E-18   1.69306679920568E-16
   81     35     46     1.03595399285767E-06   8.39122734214712E-05
   82     32     50     6.85373439333364E-20   5.62006220253358E-18
   82     33     49     3.18691540767228E-19   2.61327063429127E-17
   82     34     48     1.67285338161554E-06   1.37173977292474E-04
   82     36     46     7.59720350782233E-11   6.22970687641431E-09
   83     32     51     5.81404950047799E-20   4.82566108539673E-18
   83     33     50     7.64678631619874E-19   6.34683264244496E-17
   83     34     49     7.67521630167686E-17   6.37042953039180E-15
   83     35     48     4.94916436015781E-16   4.10780641893098E-14
   83     36     47     2.17302139521018E-06   1.80360775802445E-04
   84     32     52     3.54503875204160E-20   2.97783255171494E-18
   84     33     51     4.46161084555742E-19   3.74775311026823E-17
   84     34     50     4.17565785373907E-17   3.50755259714082E-15
   84     35     49     4.06919647844522E-16   3.41812504189398E-14
   84     36     48     2.24942673565348E-06   1.88951845794892E-04
   85     32     53     1.75703126555838E-20   1.49347657572463E-18
   85     33     52     3.21871255679837E-19   2.73590567327861E-17
   85     34     51     5.66206698597413E-18   4.81275693807801E-16
   85     35     50     2.99509939388113E-17   2.54583448479896E-15
   85     36     49     1.44212187641008E-06   1.22580359494857E-04
   85     37     48     1.33153133421516E-07   1.13180163408288E-05
   86     33     53     1.83210326914808E-19   1.57560881146735E-17
   86     34     52     5.32725050765054E-18   4.58143543657946E-16
   86     35     51     2.18167920439364E-17   1.87624411577853E-15
   86     36     50     3.05001616063217E-06   2.62301389814367E-04
   86     38     48     4.00977779871916E-16   3.44840890689848E-14
   87     33     54     9.80100795331306E-20   8.52687691938236E-18
   87     34     53     3.36263406234334E-18   2.92549163423871E-16
   87     35     52     4.15222659651554E-17   3.61243713896852E-15
   87     36     51     3.74446023271075E-15   3.25768040245835E-13
   87     37     50     4.21684789537520E-06   3.66865766897642E-04
   87     38     49     8.30544188353625E-17   7.22573443867654E-15
   88     33     55     1.72988975970689E-20   1.52230298854207E-18
   88     34     54     1.27183514239343E-18   1.11921492530622E-16
   88     35     53     2.23404903719455E-17   1.96596315273120E-15
   88     36     52     1.62076232534220E-14   1.42627084630113E-12
   88     37     51     1.70022849109429E-15   1.49620107216298E-13
   88     38     50     6.48712109182654E-06   5.70866656080736E-04
   89     34     55     3.40391522413330E-19   3.02948454947864E-17
   89     35     54     8.82257935093856E-18   7.85209562233532E-16
   89     36     53     5.06169823668189E-16   4.50491143064688E-14
   89     37     52     2.43562803010672E-15   2.16770894679498E-13
   89     38     51     7.54217975052331E-09   6.71253997796574E-07
   89     39     50     6.43596669969488E-06   5.72801036272844E-04
   90     34     56     4.01787005119474E-19   3.61608304607526E-17
   90     35     55     5.58315076707430E-18   5.02483569036687E-16
   90     36     54     1.20401954417667E-16   1.08361758975900E-14
   90     37     53     5.94678751199296E-16   5.35210876079366E-14
   90     38     52     5.72779414714399E-06   5.15501473242959E-04
   90     39     51     1.45112473303388E-09   1.30601225973049E-07
   90     40     50     1.89703741694123E-07   1.70733367524710E-05
   91     34     57     9.38514974145590E-20   8.54048626472486E-18
   91     35     56     1.68855286783594E-18   1.53658310973071E-16
   91     36     55     5.25282411912627E-17   4.78006994840491E-15
   91     37     54     3.74504000725161E-16   3.40798640659897E-14
   91     38     53     2.22638779397602E-13   2.02601289251818E-11
   91     39     52     1.93049541044741E-08   1.75675082350714E-06
   91     40     51     6.57798978813145E-06   5.98597070719962E-04
   92     34     58     2.10227261770590E-20   1.93409080828943E-18
   92     35     57     9.36403350975317E-19   8.61491082897292E-17
   92     36     56     1.59240985583078E-17   1.46501706736432E-15
   92     37     55     4.59844564418504E-17   4.23056999265024E-15
   92     38     54     1.00315357366182E-13   9.22901287768876E-12
   92     39     53     1.33003297729861E-13   1.22363033911472E-11
   92     40     52     1.12328108437238E-05   1.03341859762259E-03
   93     35     58     1.71664939897694E-19   1.59648394104855E-17
   93     36     57     1.20998739524892E-17   1.12528827758149E-15
   93     37     56     8.26553718670324E-17   7.68694958363401E-15
   93     38     55     7.33059910995745E-15   6.81745717226043E-13
   93     39     54     6.01796281186957E-13   5.59670541503870E-11
   93     40     53     7.95806900735904E-06   7.40100417684391E-04
   93     41     52     4.68465752458430E-12   4.35673149786340E-10
   94     35     59     5.24755475697210E-20   4.93270147155377E-18
   94     36     58     1.91526115146440E-18   1.80034548237654E-16
   94     37     57     5.61328976459107E-17   5.27649237871560E-15
   94     38     56     1.70339427607697E-15   1.60119061951235E-13
   94     39     55     2.53634967356266E-14   2.38416869314890E-12
   94     40     54     6.26566009822956E-06   5.88972049233578E-04
   95     36     59     7.50466930392165E-19   7.12943583872557E-17
   95     37     58     9.91307346958405E-18   9.41741979610485E-16
   95     38     57     8.23980199695933E-16   7.82781189711136E-14
   95     39     56     2.14617417925640E-14   2.03886547029358E-12
   95     40     55     6.82546074908060E-08   6.48418771162657E-06
   95     41     54     8.09434908372905E-08   7.68963162954260E-06
   95     42     53     1.41998744268107E-05   1.34898807054701E-03
   96     36     60     2.71619523128721E-19   2.60754742203572E-17
   96     37     59     5.46775698879890E-18   5.24904670924694E-16
   96     38     58     5.14616365565016E-17   4.94031710942415E-15
   96     39     57     2.66122743003108E-16   2.55477833282984E-14
   96     40     56     5.08821966041683E-12   4.88469087400015E-10
   96     41     55     4.20431657939558E-12   4.03614391621975E-10
   96     42     54     1.13836683123958E-05   1.09283215799000E-03
   97     36     61     7.81415492534422E-20   7.57973027758389E-18
   97     37     60     3.58929244593747E-18   3.48161367255934E-16
   97     38     59     2.36515370584061E-17   2.29419909466539E-15
   97     39     58     2.37212485465086E-16   2.30096110901134E-14
   97     40     57     3.84229607814049E-12   3.72702719579628E-10
   97     41     56     2.75920594330606E-13   2.67642976500688E-11
   97     42     55     1.23972446699035E-05   1.20253273298064E-03
   98     36     62     1.46379456270254E-20   1.43451867144849E-18
   98     37     61     1.26529816902058E-18   1.23999220564017E-16
   98     38     60     4.12817724697215E-17   4.04561370203271E-15
   98     39     59     4.87020054594730E-17   4.77279653502836E-15
   98     40     58     2.82009802750993E-15   2.76369606695973E-13
   98     41     57     2.62726965503613E-16   2.57472426193541E-14
   98     42     56     1.16329445503556E-05   1.14002856593485E-03
   99     37     62     2.80051581135468E-19   2.77251065324113E-17
   99     38     61     1.47856281727068E-17   1.46377718909798E-15
   99     39     60     1.67323778372618E-16   1.65650540588891E-14
   99     40     59     2.51368094915438E-16   2.48854413966284E-14
   99     41     58     1.79683936130220E-15   1.77887096768918E-13
   99     42     57     2.85861530708734E-11   2.83002915401647E-09
   99     43     56     1.52225063880198E-05   1.50702813241396E-03
   99     44     55     6.78569911098089E-11   6.71784211987108E-09
  100     37     63     7.78695261177235E-20   7.78695261177235E-18
  100     38     62     7.38339835772401E-18   7.38339835772401E-16
  100     39     61     9.42267838660467E-17   9.42267838660467E-15
  100     40     60     1.11448671561792E-15   1.11448671561792E-13
  100     41     59     2.36750198227848E-16   2.36750198227848E-14
  100     42     58     1.72011592397117E-05   1.72011592397117E-03
  100     44     56     2.67919407608505E-11   2.67919407608505E-09
  101     37     64     1.00786114452723E-20   1.01793975597250E-18
  101     38     63     2.05269046542625E-18   2.07321737008052E-16
  101     39     62     5.39841868468293E-17   5.45240287152976E-15
  101     40     61     4.43394812552335E-16   4.47828760677858E-14
  101     41     60     1.40763035419272E-15   1.42170665773465E-13
  101     42     59     1.73907809331188E-13   1.75646887424500E-11
  101     43     58     1.66771561977556E-13   1.68439277597332E-11
  101     44     57     1.75062951389835E-05   1.76813580903733E-03
  102     38     64     4.09057824046995E-19   4.17238980527935E-17
  102     39     63     3.03094536218137E-17   3.09156426942500E-15
  102     40     62     6.33834170091002E-16   6.46510853492822E-14
  102     41     61     1.05136660863641E-15   1.07239394080914E-13
  102     42     60     1.66073274818471E-13   1.69394740314841E-11
  102     43     59     1.29331572933570E-15   1.31918204392241E-13
  102     44     58     2.06015982476861E-05   2.10136302126399E-03
  103     38     65     9.58103664857185E-20   9.86846774802901E-18
  103     39     64     1.09411619886906E-17   1.12693968483514E-15
  103     40     63     2.80572099443153E-16   2.88989262426447E-14
  103     41     62     4.25690234837520E-16   4.38460941882645E-14
  103     42     61     1.93892126740579E-14   1.99708890542797E-12
  103     43     60     1.55695250009629E-14   1.60366107509918E-12
  103     44     59     5.65274183766846E-09   5.82232409279852E-07
  103     45     58     2.63862556949495E-05   2.71778433657980E-03
  104     38     66     1.00049461018923E-20   1.04051439459680E-18
  104     39     65     3.65255835044982E-18   3.79866068446781E-16
  104     40     64     1.51111379393841E-16   1.57155834569595E-14
  104     41     63     1.59025731812941E-15   1.65386761085459E-13
  104     42     62     2.07855066535440E-14   2.16169269196858E-12
  104     43     61     3.81265182336039E-13   3.96515789629481E-11
  104     44     60     2.35679159466441E-05   2.45106325845099E-03
  104     46     58     2.43569805357310E-12   2.53312597571602E-10
  105     39     66     4.33201944894219E-19   4.54862042138929E-17
  105     40     65     6.87407469731416E-17   7.21777843217987E-15
  105     41     64     9.68608229705881E-16   1.01703864119118E-13
  105     42     63     1.39896553530932E-14   1.46891381207478E-12
  105     43     62     1.79904597716399E-13   1.88899827602219E-11
  105     44     61     6.31392270689482E-12   6.62961884223956E-10
  105     45     60     5.01937542888612E-11   5.27034420033043E-09
  105     46     59     3.08828031619906E-05   3.24269433200901E-03
  106     39     67     6.04329472548042E-20   6.40589240900925E-18
  106     40     66     8.91775364118246E-18   9.45281885965341E-16
  106     41     65     2.61620746978241E-16   2.77317991796935E-14
  106     42     64     3.69513969496129E-15   3.91684807665896E-13
  106     43     63     1.53950756763720E-14   1.63187802169543E-12
  106     44     62     1.01703251537597E-05   1.07805446629853E-03
  106     45     61     9.53649174074077E-12   1.01086812451852E-09
  106     46     60     1.55875960085839E-05   1.65228517690989E-03
  107     40     67     2.04140764117454E-18   2.18430617605676E-16
  107     41     66     5.59726517777195E-17   5.98907374021598E-15
  107     42     65     1.46147668663992E-15   1.56378005470472E-13
  107     43     64     9.64057381046084E-15   1.03154139771931E-12
  107     44     63     1.02452005324626E-13   1.09623645697350E-11
  107     45     62     5.91954844294453E-13   6.33391683395065E-11
  107     46     61     2.53075812918307E-05   2.70791119822589E-03
  107     47     60     3.69031873186176E-12   3.94864104309208E-10
  108     40     68     2.37287831437820E-19   2.56270857952845E-17
  108     41     67     2.10749557536540E-17   2.27609522139463E-15
  108     42     66     4.17518921405453E-16   4.50920435117889E-14
  108     43     65     2.52918798995552E-15   2.73152302915196E-13
  108     44     64     1.34778544968337E-13   1.45560828565804E-11
  108     45     63     8.29426186749449E-15   8.95780281689405E-13
  108     46     62     2.23387107830609E-05   2.41258076457058E-03
  109     40     69     3.18016582476239E-20   3.46638074899101E-18
  109     41     68     3.68863615712442E-18   4.02061341126562E-16
  109     42     67     1.84891898628334E-16   2.01532169504884E-14
  109     43     66     4.17042745131027E-16   4.54576592192820E-14
  109     44     65     1.73892499230070E-14   1.89542824160777E-12
  109     45     64     4.03373093115477E-14   4.39676671495870E-12
  109     46     63     2.48733957393109E-11   2.71120013558489E-09
  109     47     62     3.66423062449343E-05   3.99401138069784E-03
  110     41     69     7.65781043667080E-19   8.42359148033788E-17
  110     42     68     4.24101656776716E-17   4.66511822454388E-15
  110     43     67     4.10976317569789E-16   4.52073949326768E-14
  110     44     66     5.94219309192317E-15   6.53641240111548E-13
  110     45     65     7.85773692568157E-15   8.64351061824973E-13
  110     46     64     3.46818472924181E-05   3.81500320216599E-03
  110     48     62     3.73628655122682E-10   4.10991520634950E-08
  111     41     70     8.07881558623034E-20   8.96748530071567E-18
  111     42     69     1.42294537169442E-17   1.57946936258081E-15
  111     43     68     1.18266636818362E-16   1.31275966868382E-14
  111     44     67     1.03093168135279E-15   1.14433416630159E-13
  111     45     66     5.43785760894040E-15   6.03602194592384E-13
  111     46     65     6.92162932309486E-13   7.68300854863529E-11
  111     47     64     3.21180926081189E-10   3.56510827950120E-08
  111     48     63     4.05456974213807E-05   4.50057241377326E-03
  112     42     70     2.31779685973975E-18   2.59593248290852E-16
  112     43     69     6.26796913758679E-17   7.02012543409721E-15
  112     44     68     7.65434209835943E-16   8.57286315016256E-14
  112     45     67     2.02746330165970E-15   2.27075889785886E-13
  112     46     66     3.54832790813670E-11   3.97412725711311E-09
  112     47     65     5.29719912996741E-12   5.93286302556350E-10
  112     48     64     2.59604908678158E-05   2.90757497719536E-03
  113     42     71     3.12440319075500E-19   3.53057560555314E-17
  113     43     70     1.61883893516688E-17   1.82928799673858E-15
  113     44     69     2.90449300723272E-16   3.28207709817298E-14
  113     45     68     1.24008306076164E-15   1.40129385866066E-13
  113     46     67     4.14400453772636E-14   4.68272512763079E-12
  113     47     66     8.60241882042442E-12   9.72073326707960E-10
  113     48     65     3.53861888992425E-05   3.99863934561440E-03
  114     42     72     3.44057903720882E-20   3.92226010241806E-18
  114     43     71     5.25737447708046E-18   5.99340690387172E-16
  114     44     70     1.23456139681342E-16   1.40739999236730E-14
  114     45     69     7.10881856398631E-16   8.10405316294439E-14
  114     46     68     5.74372027068908E-14   6.54784110858555E-12
  114     47     67     1.82257928008931E-15   2.07774037930182E-13
  114     48     66     3.35800363201542E-05   3.82812414049757E-03
  115     43     72     6.77828079543367E-19   7.79502291474872E-17
  115     44     71     3.97457163905125E-17   4.57075738490893E-15
  115     45     70     3.12888617566844E-16   3.59821910201871E-14
  115     46     69     8.80103538190286E-15   1.01211906891883E-12
  115     47     68     4.23331587060444E-13   4.86831325119510E-11
  115     48     67     6.79123932687644E-11   7.80992522590791E-09
  115     49     66     2.63163068459204E-05   3.02637528728084E-03
  115     50     65     5.62204942828173E-20   6.46535684252399E-18
  116     43     73     7.57167145160811E-20   8.78313888386541E-18
  116     44     72     9.90435020501015E-18   1.14890462378118E-15
  116     45     71     1.53217289493567E-16   1.77732055812538E-14
  116     46     70     3.57489920362755E-15   4.14688307620796E-13
  116     47     69     7.26818120545813E-14   8.43109019833143E-12
  116     48     68     3.10751658935298E-05   3.60471924364945E-03
  116     50     66     1.42745473079014E-11   1.65584748771656E-09
  117     43     74     1.27338997513728E-20   1.48986627091061E-18
  117     44     73     1.87807236881701E-18   2.19734467151590E-16
  117     45     72     5.62714167621843E-17   6.58375576117556E-15
  117     46     71     1.04876115071869E-15   1.22705054634086E-13
  117     47     70     1.87075149393676E-14   2.18877924790601E-12
  117     48     69     2.30416833746097E-12   2.69587695482934E-10
  117     49     68     6.66073988136370E-13   7.79306566119553E-11
  117     50     67     4.38267465345747E-05   5.12772934454524E-03
  118     44     74     3.13218912056331E-19   3.69598316226471E-17
  118     45     73     1.49583247076087E-17   1.76508231549782E-15
  118     46     72     3.36338275830475E-16   3.96879165479960E-14
  118     47     71     7.86094316905744E-16   9.27591293948777E-14
  118     48     70     6.34249208104433E-13   7.48414065563231E-11
  118     49     69     1.05007656418587E-15   1.23909034573932E-13
  118     50     68     3.14571676804505E-05   3.71194578629316E-03
  119     44     75     4.24807640887025E-20   5.05521092655560E-18
  119     45     74     3.03289691633773E-18   3.60914733044189E-16
  119     46     73     9.97624895136375E-17   1.18717362521229E-14
  119     47     72     8.20278859238697E-16   9.76131842494050E-14
  119     48     71     2.69758970379622E-14   3.21013174751751E-12
  119     49     70     2.41313864887482E-14   2.87163499216103E-12
  119     50     69     3.40992932998416E-05   4.05781590268115E-03
  120     45     75     5.37047934140703E-19   6.44457520968844E-17
  120     46     74     2.65035015994810E-17   3.18042019193772E-15
  120     47     73     1.48638411587895E-16   1.78366093905474E-14
  120     48     72     6.69621228281496E-15   8.03545473937795E-13
  120     49     71     4.06581615502188E-16   4.87897938602625E-14
  120     50     70     2.72476870535969E-05   3.26972244643162E-03
  121     45     76     9.25118715623388E-20   1.11939364590430E-17
  121     46     75     5.44089076089294E-18   6.58347782068045E-16
  121     47     74     6.10087312134186E-17   7.38205647682365E-15
  121     48     73     1.35155841409175E-15   1.63538568105101E-13
  121     49     72     2.33394848458990E-15   2.82407766635378E-13
  121     50     71     9.84514499486648E-12   1.19126254437884E-09
  121     51     70     5.32830582542949E-05   6.44725004876968E-03
  122     46     76     8.67731053988668E-19   1.05863188586618E-16
  122     47     75     2.21713179267705E-17   2.70490078706600E-15
  122     48     74     3.83500078744345E-16   4.67870096068101E-14
  122     49     73     1.14430993240335E-16   1.39605811753209E-14
  122     50     72     2.64485616336150E-05   3.22672451930103E-03
  122     52     70     1.73265147520257E-10   2.11383479974713E-08
  123     46     77     1.58978558521339E-19   1.95543626981247E-17
  123     47     76     5.25191521241076E-18   6.45985571126523E-16
  123     48     75     1.05192845378133E-16   1.29387199815104E-14
  123     49     74     3.55380850929479E-16   4.37118446643259E-14
  123     50     73     3.14916128674473E-06   3.87346838269602E-04
  123     51     72     4.17544413373687E-05   5.13579628449635E-03
  124     47     77     9.46999758152653E-19   1.17427970010929E-16
  124     48     76     3.82187322713388E-17   4.73912280164601E-15
  124     49     75     1.37484172315192E-16   1.70480373670839E-14
  124     50     74     2.55439869062981E-05   3.16745437638096E-03
  124     51     73     1.29531491253537E-13   1.60619049154386E-11
  124     52     72     3.44189379878636E-11   4.26794831049508E-09
  125     47     78     2.17866429353250E-19   2.72333036691563E-17
  125     48     77     1.08437185349571E-17   1.35546481686964E-15
  125     49     76     8.17162707261834E-17   1.02145338407729E-14
  125     50     75     3.15852070682445E-11   3.94815088353056E-09
  125     51     74     5.40411385368513E-05   6.75514231710641E-03
  125     52     73     2.14210168101440E-05   2.67762710126800E-03
  126     47     79     2.60303186674005E-20   3.27982015209246E-18
  126     48     78     3.58220633346929E-18   4.51357998017131E-16
  126     49     77     4.21198295128041E-17   5.30709851861331E-15
  126     50     76     9.98669963497078E-05   1.25832415400632E-02
  126     51     75     1.50407740996931E-11   1.89513753656133E-09
  126     52     74     1.43253471134318E-09   1.80499373629241E-07
  127     48     79     9.27861441899740E-19   1.17838403121267E-16
  127     49     78     2.26278250281218E-17   2.87373377857147E-15
  127     50     77     2.76729498886566E-13   3.51446463585938E-11
  127     51     76     1.27671534290303E-11   1.62142848548685E-09
  127     52     75     1.29321574474124E-12   1.64238399582137E-10
  127     53     74     1.07003890453151E-04   1.35894940875502E-02
  128     48     80     2.02861610469526E-19   2.59662861400993E-17
  128     49     79     1.14011993260086E-17   1.45935351372910E-15
  128     50     78     1.41310268869449E-13   1.80877144152895E-11
  128     51     77     1.49752192237472E-12   1.91682806063964E-10
  128     52     76     8.94812923510481E-05   1.14536054209342E-02
  128     53     75     4.06172669115006E-20   5.19901016467208E-18
  128     54     74     7.72391202108439E-13   9.88660738698802E-11
  129     48     81     4.34083148687991E-20   5.59967261807508E-18
  129     49     80     4.34061790958225E-18   5.59939710336110E-16
  129     50     79     5.38723534495459E-15   6.94953359499143E-13
  129     51     78     9.30030355273695E-13   1.19973915830307E-10
  129     52     77     2.50844334655742E-13   3.23589191705907E-11
  129     53     76     1.08134460004580E-04   1.39493453405908E-02
  129     54     75     6.53651465870085E-12   8.43210390972410E-10
  130     49     81     8.16879922002015E-19   1.06194389860262E-16
  130     50     80     7.46860302700267E-15   9.70918393510347E-13
  130     51     79     1.74049972329793E-13   2.26264964028731E-11
  130     52     78     6.83377119529013E-05   8.88390255387717E-03
  130     53     77     3.87673047455198E-15   5.03974961691758E-13
  130     54     76     2.88247237209185E-10   3.74721408371941E-08
  131     49     82     2.27658771013742E-19   2.98232990028003E-17
  131     50     81     1.20219276422699E-15   1.57487252113736E-13
  131     51     80     1.14271672284530E-13   1.49695890692734E-11
  131     52     79     1.56284628718611E-13   2.04732863621381E-11
  131     53     78     7.34229416428382E-11   9.61840535521180E-09
  131     54     77     1.04810690029203E-04   1.37302003938256E-02
  132     49     83     3.48875475558934E-20   4.60515627737793E-18
  132     50     82     4.02510262093056E-16   5.31313545962834E-14
  132     51     81     1.29529958880140E-14   1.70979545721785E-12
  132     52     80     3.66274861554145E-11   4.83482817251472E-09
  132     53     79     1.13245926450233E-12   1.49484622914307E-10
  132     54     78     9.17650720983565E-05   1.21129895169831E-02
  133     50     83     4.97711137669228E-18   6.61955813100073E-16
  133     51     82     7.91155562302980E-15   1.05223689786296E-12
  133     52     81     1.15720508782500E-13   1.53908276680724E-11
  133     53     80     1.31277721919599E-11   1.74599370153066E-09
  133     54     79     7.99674325254342E-11   1.06356685258827E-08
  133     55     78     6.90348957917547E-05   9.18164114030337E-03
  134     50     84     8.63307406269838E-19   1.15683192440158E-16
  134     51     83     2.36348665137298E-17   3.16707211283979E-15
  134     52     82     3.88837025677092E-13   5.21041614407303E-11
  134     53     81     6.78629106822850E-13   9.09363003142619E-11
  134     54     80     1.14612105038623E-04   1.53580220751755E-02
  134     55     79     2.77873681271205E-11   3.72350732903415E-09
  134     56     78     1.59946717821265E-11   2.14328601880495E-09
  135     50     85     7.44571066700799E-20   1.00517094004608E-17
  135     51     84     1.98245080398316E-17   2.67630858537727E-15
  135     52     83     2.29438129745605E-15   3.09741475156567E-13
  135     53     82     5.84340687245542E-12   7.88859927781482E-10
  135     54     81     8.64357376577803E-12   1.16688245838003E-09
  135     55     80     5.52913728155792E-05   7.46433533010319E-03
  135     56     79     2.33565365148167E-11   3.15313242950025E-09
  136     51     85     2.98146601837335E-18   4.05479378498776E-16
  136     52     84     1.30876050099487E-15   1.77991428135302E-13
  136     53     83     2.13673089318307E-14   2.90595401472898E-12
  136     54     82     1.19934668051143E-04   1.63111148549555E-02
  136     55     81     2.02755489083368E-12   2.75747465153380E-10
  136     56     80     3.07678318119743E-09   4.18442512642851E-07
  137     51     86     3.14041640815528E-19   4.30237047917274E-17
  137     52     85     8.17574207144199E-17   1.12007666378755E-14
  137     53     84     5.41308317776968E-15   7.41592395354447E-13
  137     54     83     7.86280105285373E-14   1.07720374424096E-11
  137     55     82     6.06643450293187E-05   8.31101526901667E-03
  137     56     81     1.94359499490796E-06   2.66272514302390E-04
  137     57     80     2.08359858599396E-13   2.85453006281173E-11
  138     51     87     2.98748418934975E-20   4.12272818130266E-18
  138     52     86     1.45872472145980E-17   2.01304011561452E-15
  138     53     85     9.26910148639241E-16   1.27913600512215E-13
  138     54     84     3.08874937908387E-13   4.26247414313573E-11
  138     55     83     8.10712880847651E-13   1.11878377556976E-10
  138     56     82     6.97267230218767E-05   9.62228777701898E-03
  138     57     81     2.84777687519926E-12   3.92993208777498E-10
  139     52     87     3.56564653759179E-18   4.95624868725259E-16
  139     53     86     1.71033397209321E-16   2.37736422120956E-14
  139     54     85     1.30414801908057E-14   1.81276574652200E-12
  139     55     84     2.43348031882053E-13   3.38253764316054E-11
  139     56     83     2.20528555725591E-12   3.06534692458572E-10
  139     57     82     2.32061210511232E-05   3.22565082610613E-03
  140     52     88     4.14047207955525E-19   5.79666091137735E-17
  140     53     87     2.33743974309428E-17   3.27241564033199E-15
  140     54     86     3.32882677694898E-15   4.66035748772857E-13
  140     55     85     2.89829988287592E-14   4.05761983602629E-12
  140     56     84     5.34652988406704E-10   7.48514183769386E-08
  140     57     83     7.06653675863875E-11   9.89315146209424E-09
  140     58     82     8.48135197693583E-05   1.18738927677102E-02
  141     52     89     1.67279214513763E-20   2.35863692464406E-18
  141     53     88     3.00609304391832E-18   4.23859119192483E-16
  141     54     87     2.37986283219103E-16   3.35560659338935E-14
  141     55     86     1.05168368857765E-14   1.48287400089448E-12
  141     56     85     5.48015922732915E-13   7.72702451053410E-11
  141     57     84     7.05529914314884E-12   9.94797179183986E-10
  141     58     83     3.72602330441476E-09   5.25369285922481E-07
  141     59     82     7.25804544471953E-05   1.02338440770545E-02
  142     53     89     2.82396142739814E-19   4.01002522690536E-17
  142     54     88     6.95288689037370E-17   9.87309938433066E-15
  142     55     87     5.61682564548772E-16   7.97589241659256E-14
  142     56     86     3.18896701747617E-13   4.52833316481616E-11
  142     57     85     2.80337472938840E-12   3.98079211573152E-10
  142     58     84     5.41424047813770E-05   7.68822147895553E-03
  142     60     82     2.79792884864010E-13   3.97305896506894E-11
  143     53     90     1.80530141935303E-20   2.58158102967483E-18
  143     54     89     8.53880279680548E-18   1.22104879994318E-15
  143     55     88     3.72814611902382E-16   5.33124895020407E-14
  143     56     87     6.73187646384359E-15   9.62658334329633E-13
  143     57     86     4.41791624705327E-13   6.31762023328618E-11
  143     58     85     6.18823206973658E-11   8.84917185972331E-09
  143     59     84     6.18973159758632E-10   8.85131618454844E-08
  143     60     83     4.62515232099132E-05   6.61396781901758E-03
  144     54     90     1.35901303920337E-18   1.95697877645285E-16
  144     55     89     9.64754304994426E-17   1.38924619919197E-14
  144     56     88     4.41579266728721E-15   6.35874144089358E-13
  144     57     87     1.93146879017368E-14   2.78131505785010E-12
  144     58     86     1.27620843350553E-05   1.83774014424796E-03
  144     59     85     5.39542437526428E-10   7.76941110038057E-08
  144     60     84     3.01290307453045E-05   4.33858042732384E-03
  145     54     91     9.76279513512836E-20   1.41560529459361E-17
  145     55     90     1.91995788187973E-17   2.78393892872561E-15
  145     56     89     1.09731531273999E-15   1.59110720347298E-13
  145     57     88     1.09146160618417E-14   1.58261932896705E-12
  145     58     87     8.28842265316650E-14   1.20182128470914E-11
  145     59     86     9.85167950830160E-12   1.42849352870373E-09
  145     60     85     4.95189522785813E-05   7.18024808039429E-03
  146     55     91     2.51263571113065E-18   3.66844813825074E-16
  146     56     90     2.97061781682198E-16   4.33710201256009E-14
  146     57     89     2.32125818056928E-15   3.38903694363115E-13
  146     58     88     3.42881104037334E-13   5.00606411894508E-11
  146     59     87     6.14932470399303E-13   8.97801406782983E-11
  146     60     86     4.65979000092935E-05   6.80329340135685E-03
  147     55     92     3.04704945107727E-19   4.47916269308359E-17
  147     56     91     4.57790729117081E-17   6.72952371802109E-15
  147     57     90     1.07862760729029E-15   1.58558258271673E-13
  147     58     89     2.11032736524791E-14   3.10218122691443E-12
  147     59     88     3.05928252948791E-13   4.49714531834723E-11
  147     60     87     3.66012915706755E-10   5.38038986088930E-08
  147     61     86     4.35043609809465E-05   6.39514106419913E-03
  147     62     85     1.82051186663308E-05   2.67615244395063E-03
  148     55     93     2.27652432699919E-20   3.36925600395880E-18
  148     56     92     8.62427924647095E-18   1.27639332847770E-15
  148     57     91     1.92008955248058E-16   2.84173253767126E-14
  148     58     90     1.74431595753130E-14   2.58158761714632E-12
  148     59     89     4.56204565009905E-14   6.75182756214659E-12
  148     60     88     4.45349123653768E-05   6.59116703007577E-03
  148     61     87     3.68821012287885E-17   5.45855098186070E-15
  148     62     86     1.03925405783718E-11   1.53809600559903E-09
  149     56     93     9.41411436386764E-19   1.40270304021628E-16
  149     57     92     6.91471118865497E-17   1.03029196710959E-14
  149     58     91     1.21968501585656E-15   1.81733067362627E-13
  149     59     90     3.82521144084814E-14   5.69956504686373E-12
  149     60     89     1.76090703311194E-12   2.62375147933679E-10
  149     61     88     5.42057810795948E-11   8.07666138085962E-09
  149     62     87     3.84638872660120E-05   5.73111920263579E-03
  150     56     94     1.12026980257796E-19   1.68040470386694E-17
  150     57     93     1.77339406877147E-17   2.66009110315721E-15
  150     58     92     5.69147318652893E-16   8.53720977979340E-14
  150     59     91     1.41161462865490E-15   2.11742194298236E-13
  150     60     90     3.86280123918156E-05   5.79420185877234E-03
  150     61     89     6.06473901456238E-16   9.09710852184356E-14
  150     62     88     6.59379062242250E-09   9.89068593363374E-07
  151     56     95     1.02048342382077E-20   1.54092996996937E-18
  151     57     94     4.20763555043791E-18   6.35352968116125E-16
  151     58     93     1.20411708512787E-16   1.81821679854309E-14
  151     59     92     3.22399558861968E-15   4.86823333881571E-13
  151     60     91     1.41788622981782E-13   2.14100820702490E-11
  151     61     90     1.94544524506663E-11   2.93762232005060E-09
  151     62     89     4.78632620845850E-05   7.22735257477234E-03
  151     63     88     5.05318179975728E-07   7.63030451763349E-05
  152     57     95     2.27629840998776E-19   3.45997358318139E-17
  152     58     94     3.38865703053186E-17   5.15075868640843E-15
  152     59     93     3.95922831589973E-16   6.01802704016759E-14
  152     60     92     1.01524531689091E-13   1.54317288167418E-11
  152     61     91     3.71313159522648E-14   5.64396002474426E-12
  152     62     90     3.69567607232753E-05   5.61742762993785E-03
  152     63     89     9.82611443837411E-17   1.49356939463286E-14
  152     64     88     1.99038494074048E-18   3.02538510992553E-16
  153     57     96     1.56691039909641E-20   2.39737291061751E-18
  153     58     95     1.09563875782822E-17   1.67632729947718E-15
  153     59     94     2.50243946723292E-16   3.82873238486636E-14
  153     60     93     3.46654125520209E-15   5.30380812045920E-13
  153     61     92     3.64440914301583E-14   5.57594598881422E-12
  153     62     91     1.93767800334503E-11   2.96464734511790E-09
  153     63     90     3.27212588948992E-05   5.00635261091958E-03
  154     58     96     1.41987681263954E-18   2.18661029146489E-16
  154     59     95     5.37944606989370E-17   8.28434694763629E-15
  154     60     94     1.89596201862732E-15   2.91978150868607E-13
  154     61     93     1.39216364356828E-14   2.14393201109514E-12
  154     62     92     3.25775599314855E-05   5.01694422944877E-03
  154     63     91     1.72438862762917E-10   2.65555848654893E-08
  154     64     90     2.01350039290532E-11   3.10079060507420E-09
  155     58     97     8.97820600501151E-20   1.39162193077678E-17
  155     59     96     7.87468018544693E-18   1.22057542874427E-15
  155     60     95     3.67861110515761E-16   5.70184721299430E-14
  155     61     94     2.57717869540530E-15   3.99462697787822E-13
  155     62     93     8.52122033093352E-14   1.32078915129469E-11
  155     63     92     2.40993677517825E-05   3.73540200152628E-03
  155     64     91     5.32004022133744E-06   8.24606234307303E-04
  156     59     97     7.90125501881769E-19   1.23259578293556E-16
  156     60     96     9.25863785118036E-17   1.44434750478414E-14
  156     61     95     8.11522404231509E-16   1.26597495060115E-13
  156     62     94     1.52893812188862E-12   2.38514347014625E-10
  156     63     93     6.05864165993117E-11   9.45148098949262E-09
  156     64     92     3.07466529701210E-05   4.79647786333887E-03
  157     59     98     7.50290355470784E-20   1.17795585808913E-17
  157     60     97     1.95495419928137E-17   3.06927809287176E-15
  157     61     96     2.58140730684730E-16   4.05280947175026E-14
  157     62     95     1.50184603082274E-14   2.35789826839170E-12
  157     63     94     1.71881147810400E-12   2.69853402062329E-10
  157     64     93     2.91193916012402E-05   4.57174448139471E-03
  158     60     98     3.60629097472053E-18   5.69793974005844E-16
  158     61     97     5.64919133560543E-17   8.92572231025658E-15
  158     62     96     6.50301400395352E-15   1.02747621262466E-12
  158     63     95     5.86456202645764E-14   9.26600800180308E-12
  158     64     94     3.58374521457746E-05   5.66231743903239E-03
  159     60     99     2.90335476799670E-19   4.61633408111475E-17
  159     61     98     6.52593230612521E-18   1.03762323667391E-15
  159     62     97     1.39574170871724E-16   2.21922931686042E-14
  159     63     96     1.53108593424024E-14   2.43442663544198E-12
  159     64     95     9.37949699011844E-13   1.49134002142883E-10
  159     65     94     2.81694508100111E-05   4.47894267879177E-03
  160     60    100     2.76137633535796E-20   4.41820213657274E-18
  160     61     99     2.01497318588566E-18   3.22395709741706E-16
  160     62     98     6.02847569203969E-17   9.64556110726350E-15
  160     63     97     3.38733985670773E-16   5.41974377073237E-14
  160     64     96     3.54060682876865E-05   5.66497092602984E-03
  160     65     95     9.13974077421171E-13   1.46235852387387E-10
  160     66     94     1.03670600073372E-10   1.65872960117395E-08
  161     61    100     3.48003788149024E-19   5.60286098919929E-17
  161     62     99     1.22985719043836E-17   1.98007007660577E-15
  161     63     98     1.37921701542106E-16   2.22053939482791E-14
  161     64     97     1.25201931753629E-15   2.01575110123342E-13
  161     65     96     3.41568991023771E-12   5.49926075548271E-10
  161     66     95     3.20019259875495E-05   5.15231008399548E-03
  162     61    101     1.83580186614019E-20   2.97399902314710E-18
  162     62    100     1.87253353415961E-18   3.03350432533857E-16
  162     63     99     2.98439154863335E-17   4.83471430878603E-15
  162     64     98     1.74487841289743E-15   2.82670302889383E-13
  162     65     97     1.58890723721342E-15   2.57402972428574E-13
  162     66     96     3.37078501827678E-05   5.46067172960839E-03
  163     62    101     3.87287184026682E-19   6.31278109963492E-17
  163     63    100     9.55140176959580E-18   1.55687848844412E-15
  163     64     99     1.36740898752861E-16   2.22887664967164E-14
  163     65     98     2.43105876844421E-15   3.96262579256406E-13
  163     66     97     3.28628777646418E-05   5.35664907563661E-03
  164     62    102     5.11088806118574E-20   8.38185642034461E-18
  164     63    101     1.77481989059043E-18   2.91070462056831E-16
  164     64    100     4.84885051469594E-17   7.95211484410134E-15
  164     65     99     2.17057703589776E-16   3.55974633887232E-14
  164     66     98     3.16359155079591E-05   5.18829014330530E-03
  165     63    102     2.36630740470925E-19   3.90440721777026E-17
  165     64    101     5.14135900587711E-18   8.48324235969724E-16
  165     65    100     8.56250663450449E-17   1.41281359469324E-14
  165     66     99     5.68466767837275E-15   9.37970166931504E-13
  165     67     98     2.14528350080719E-05   3.53971777633187E-03
  166     63    103     1.78230985731442E-20   2.95863436314194E-18
  166     64    102     8.90794410592969E-19   1.47871872158433E-16
  166     65    101     8.93348413560445E-18   1.48295836651034E-15
  166     66    100     1.09977438515402E-13   1.82562547935567E-11
  166     67     99     3.61813661167770E-14   6.00610677538498E-12
  166     68     98     1.94191403645639E-05   3.22357730051760E-03
  167     64    103     2.19371961602436E-19   3.66351175876068E-17
  167     65    102     3.14902457208239E-18   5.25887103537759E-16
  167     66    101     7.23391776528582E-17   1.20806426680273E-14
  167     67    100     2.10073333368893E-15   3.50822466726051E-13
  167     68     99     2.20072012150457E-05   3.67520260291263E-03
  168     64    104     3.08506629145499E-20   5.18291136964439E-18
  168     65    103     5.50480046119628E-19   9.24806477480976E-17
  168     66    102     5.37172245988008E-17   9.02449373259854E-15
  168     67    101     1.84297073036613E-17   3.09619082701509E-15
  168     68    100     1.92433487212937E-05   3.23288258517734E-03
  169     65    104     5.75655055546196E-20   9.72857043873071E-18
  169     66    103     1.76855574921755E-18   2.98885921617767E-16
  169     67    102     1.28478449920688E-17   2.17128580365963E-15
  169     68    101     3.72629782631214E-14   6.29744332646752E-12
  169     69    100     1.29284105634747E-05   2.18490138522722E-03
  170     66    104     3.76763919922505E-19   6.40498663868258E-17
  170     67    103     1.94735867597637E-18   3.31050974915982E-16
  170     68    102     1.81319217939620E-05   3.08242670497354E-03
  170     69    101     4.83928262510864E-13   8.22678046268469E-11
  170     70    100     6.57784938403449E-12   1.11823439528586E-09
  171     69    102     8.69770176058675E-06   1.48730700106033E-03
  171     70    101     5.54455772304281E-06   9.48119370640321E-04
  172     70    102     1.56026874053450E-05   2.68366223371935E-03
  173     70    103     1.14365909450106E-05   1.97853023348683E-03
  174     70    104     1.87195954103821E-05   3.25720960140648E-03
  175     71    104     1.07663888331115E-05   1.88411804579452E-03
  176     70    106     1.60686115872228E-05   2.82807563935121E-03
  176     71    105     5.10693723244717E-12   8.98820952910701E-10
  177     72    105     1.37564007506035E-05   2.43488293285682E-03
  178     72    106     1.98224368118933E-05   3.52839375251700E-03
  179     72    107     1.15547989779101E-05   2.06830901704590E-03
  180     72    108     1.29302181983836E-05   2.32743927570905E-03
  180     74    106     3.13959865001486E-17   5.65127757002675E-15
  181     72    109     3.43335650898757E-09   6.21437528126751E-07
  181     73    108     1.06472996141039E-05   1.92716123015280E-03
  182     72    110     1.14512614423174E-05   2.08412958250176E-03
  182     73    109     4.41924410177126E-13   8.04302426522368E-11
  182     74    108     1.94796469557240E-12   3.54529574594177E-10
  183     74    109     5.82463850769086E-06   1.06590884690743E-03
  184     74    110     6.02951823850736E-06   1.10943135588535E-03
  185     74    111     3.78233963626077E-08   6.99732832708242E-06
  185     75    110     3.60556387086090E-06   6.67029316109266E-04
  186     74    112     4.17512552402593E-06   7.76573347468823E-04
  186     76    110     4.55681769867601E-14   8.47568091953737E-12
  187     75    112     3.16026925500595E-06   5.90970350686112E-04
  187     76    111     6.88738901991786E-17   1.28794174672464E-14
  188     74    114     5.59350488742420E-08   1.05157891883575E-05
  188     75    113     5.73493787125921E-10   1.07816831979673E-07
  188     76    112     7.55311530958487E-06   1.41998567820196E-03
  189     76    113     1.36942528423960E-05   2.58821378721284E-03
  190     76    114     3.54056027498981E-05   6.72706452248063E-03
  191     76    115     1.72632787386034E-14   3.29728623907324E-12
  191     77    114     3.73595449231373E-05   7.13567308031922E-03
  192     76    116     1.14233655200442E-04   2.19328617984848E-02
  192     77    115     1.04705742022586E-13   2.01035024683364E-11
  192     78    114     1.02857604939129E-11   1.97486601483127E-09
  193     77    116     2.00562036220467E-04   3.87084729905501E-02
  193     78    115     8.07520599016529E-20   1.55851475610190E-17
  194     76    118     2.48919191678705E-04   4.82903231856687E-02
  194     77    117     9.14370594049611E-08   1.77387895245625E-05
  194     78    116     4.26250075384377E-05   8.26925146245692E-03
  195     78    117     3.94294450270143E-04   7.68874178026779E-02
  196     78    118     2.53193657979019E-04   4.96259569638878E-02
  196     80    116     8.27312216994955E-18   1.62153194531011E-15
  197     79    118     1.86869505933688E-04   3.68132926689365E-02
  198     78    120     8.25768969983469E-05   1.63502256056727E-02
  198     80    118     4.95529269859150E-10   9.81147954321117E-08
  199     80    119     4.94521331169798E-05   9.84097449027898E-03
  200     80    120     6.84371786222586E-06   1.36874357244517E-03
  201     80    121     2.38521392648301E-06   4.79427999223084E-04
  202     80    122     4.71792611948856E-07   9.53021076136689E-05
  203     80    123     2.90466380636730E-10   5.89646752692562E-08
  203     81    122     4.35413791947730E-07   8.83889997653893E-05
  204     80    124     5.00616629379884E-07   1.02125792393496E-04
  204     81    123     5.35457780889521E-15   1.09233387301462E-12
  204     82    122     1.48626479390124E-15   3.03198017955852E-13
  205     81    124     3.63099696472316E-07   7.44354377768247E-05
  205     82    123     2.74827693908769E-16   5.63396772512977E-14
  206     80    126     1.55191798934810E-19   3.19695105805709E-17
  206     81    125     5.44088787822444E-18   1.12082290291424E-15
  206     82    124     6.44881259604803E-07   1.32845539478589E-04
  207     81    126     3.87193457128107E-12   8.01490456255182E-10
  207     82    125     1.33166784496399E-05   2.75655243907547E-03
  208     81    127     2.15169286049177E-12   4.47552114982288E-10
  208     82    126     1.84757754049457E-05   3.84296128422870E-03
  208     83    125     2.80297351064939E-16   5.83018490215073E-14
  209     81    128     1.54802669574360E-16   3.23537579410412E-14
  209     82    127     6.32574667345697E-13   1.32208105475251E-10
  209     83    126     1.27405998021691E-05   2.66278535865334E-03
  210     81    129     1.23691693755276E-19   2.59752556886080E-17
  210     82    128     1.14680472578506E-05   2.40828992414863E-03
  210     83    127     7.08816739284597E-09   1.48851515249765E-06
  210     84    126     1.81215048323351E-07   3.80551601479038E-05
  211     82    129     2.94609095258930E-11   6.21625190996341E-09
  211     83    128     1.74320235486158E-12   3.67815696875794E-10
  211     84    127     1.96759762965952E-17   4.15163099858158E-15
  212     82    130     1.25375033663198E-09   2.65795071365980E-07
  212     83    129     1.18855579527029E-10   2.51973828597302E-08
  213     83    130     1.48064193465669E-13   3.15376732081875E-11
  214     82    132     1.25617261526563E-14   2.68820939666846E-12
  214     83    131     9.46746869589094E-15   2.02603830092066E-12
  214     84    130     4.22671228332613E-20   9.04516428631792E-18
  215     83    132     4.95284044873888E-18   1.06486069647886E-15
  215     84    131     2.41794158494909E-17   5.19857440764053E-15
  216     84    132     4.75085440760711E-15   1.02618455204314E-12
  217     85    132     1.74565996357869E-18   3.78808212096577E-16
  218     84    134     1.45058156203780E-15   3.16226780524241E-13
  218     85    133     2.30524942587162E-19   5.02544374840013E-17
  218     86    132     8.72555718404722E-18   1.90217146612229E-15
  219     85    134     6.27212594477407E-19   1.37359558190552E-16
  219     86    133     5.37624688734429E-14   1.17739806832840E-11
  220     86    134     1.82171652373931E-12   4.00777635222649E-10
  221     87    134     1.54720846832024E-14   3.41933071498774E-12
  221     88    133     6.20489058851026E-19   1.37128082006077E-16
  222     86    136     2.57538529341285E-12   5.71735535137654E-10
  222     87    135     2.12404065618446E-13   4.71537025672951E-11
  222     88    134     9.47342425163758E-15   2.10310018386354E-12
  223     87    136     2.46414253777381E-13   5.49503785923559E-11
  223     88    135     1.34127672102720E-08   2.99104708789065E-06
  224     86    138     1.47410457675300E-18   3.30199425192671E-16
  224     87    137     6.18432054681492E-20   1.38528780248654E-17
  224     88    136     1.02884839319099E-08   2.30462040074782E-06
  225     88    137     6.97438450224515E-11   1.56923651300516E-08
  225     89    136     4.67111116806437E-11   1.05100001281448E-08
  226     88    138     1.29907699983664E-05   2.93591401963081E-03
  227     89    138     9.29248792733241E-06   2.10939475950446E-03
  227     90    137     2.15269432407384E-08   4.88661611564762E-06
  228     88    140     1.41516914892371E-05   3.22658565954606E-03
  228     89    139     1.72825382801944E-09   3.94041872788433E-07
  228     90    138     1.99010225143905E-06   4.53743313328103E-04
  229     90    139     1.35148530089056E-05   3.09490133903938E-03
  230     90    140     1.99581796135001E-05   4.59038131110502E-03
  231     90    141     1.14478730363559E-16   2.64445867139820E-14
  231     91    140     1.50261419853628E-05   3.47103879861881E-03
  232     90    142     2.57740446587332E-05   5.97957836082609E-03
  232     92    140     1.55530847387315E-12   3.60831565938570E-10
  233     91    142     7.02307226263393E-11   1.63637583719371E-08
  233     92    141     1.84764287013705E-05   4.30500788741934E-03
  234     90    144     2.62697427698131E-11   6.14711980813626E-09
  234     91    143     3.07946770355898E-13   7.20595442632800E-11
  234     92    142     3.05912651415749E-05   7.15835604312852E-03
  235     92    143     2.76539398177379E-05   6.49867585716842E-03
  236     92    144     6.59546787862029E-05   1.55653041935439E-02
  237     92    145     1.07042822064081E-12   2.53691488291872E-10
  237     93    144     5.51726683445462E-05   1.30759223976574E-02
  238     92    146     7.14022265385912E-05   1.69937299161847E-02
  238     94    144     7.27198971510257E-12   1.73073355219441E-09
  239     93    146     1.70650277345348E-11   4.07854162855382E-09
  239     94    145     6.38222072797317E-05   1.52535075398559E-02
  240     92    148     3.80170115385573E-16   9.12408276925375E-14
  240     93    147     2.77634060451265E-17   6.66321745083037E-15
  240     94    146     5.98523136031310E-05   1.43645552647514E-02
  241     94    147     3.31571526670280E-05   7.99087379275376E-03
  241     95    146     2.26795351446446E-06   5.46576796985935E-04
  242     94    148     2.81310435388345E-05   6.80771253639794E-03
  242     95    147     1.86220165507070E-17   4.50652800527110E-15
  242     96    146     2.49554041612077E-15   6.03920780701227E-13
  243     94    149     5.01428238688275E-18   1.21847062001251E-15
  243     95    148     1.94904016033155E-05   4.73616758960568E-03
  244     94    150     1.88798971679810E-05   4.60669490898737E-03
  244     95    149     1.07443349820001E-16   2.62161773560802E-14
  244     96    148     1.60994833686333E-10   3.92827394194653E-08
  245     95    150     4.02215503084251E-14   9.85427982556415E-12
  245     96    149     1.50713065090383E-05   3.69247009471438E-03
  246     94    152     1.09807042224415E-11   2.70125323872061E-09
  246     95    151     2.74211884209075E-14   6.74561235154325E-12
  246     96    150     1.97845728516574E-05   4.86700492150772E-03
  246     97    149     2.42822049798639E-12   5.97342242504652E-10
  247     96    151     1.38245445508934E-07   3.41466250407067E-05
  247     97    150     9.74894740019580E-06   2.40799000784836E-03
  248     96    152     2.42322022881612E-05   6.00958616746399E-03
  248     97    151     1.06251088823715E-09   2.63502700282814E-07
  248     98    150     2.92818689820043E-11   7.26190350753707E-09
  249     96    153     7.05659310209064E-17   1.75709168242057E-14
  249     97    152     1.10965928522330E-05   2.76305162020601E-03
  249     98    151     1.84519622155869E-05   4.59453859168113E-03
  250     96    154     1.70563510421593E-05   4.26408776053982E-03
  250     97    153     1.33763737494388E-10   3.34409343735970E-08
  250     98    152     7.84346393470730E-06   1.96086598367683E-03
  250     99    151     4.82844801918402E-13   1.20711200479600E-10
  251     97    154     1.41664715792185E-13   3.55578436638384E-11
  251     98    153     2.52656937906597E-05   6.34168914145559E-03
  252     98    154     1.80233095029978E-05   4.54187399475544E-03
  252     99    153     3.83477663276580E-07   9.66363711456982E-05
  253     98    155     9.10136467757250E-12   2.30264526342584E-09
  253     99    154     2.21015310703383E-11   5.59168736079558E-09
  254     98    156     2.41388430595658E-10   6.13126613712972E-08
  254     99    155     2.72762920190061E-07   6.92817817282756E-05
  254    100    154     2.80741515366593E-10   7.13083449031146E-08
  254    101    153     1.40004546528334E-15   3.55611548181968E-13
  255     99    156     1.82201158879602E-09   4.64612955142986E-07
  255    100    155     3.59862984842334E-11   9.17650611347952E-09
  257    100    157     4.16919527777892E-11   1.07148318638918E-08
  257    101    156     1.99120207806953E-16   5.11738934063868E-14
