# 1:Z 2:Y(Z)
    1     5.53669093267280E-07
    2     3.43778160508001E-04
    3     2.08927867074842E-08
    4     1.23979262179061E-06
    5     2.20433933596222E-08
    6     7.73039781461214E-07
    7     1.00299863943886E-05
    8     3.85485860889780E-07
    9     8.16238763003374E-07
   10     5.21215379662990E-06
   11     1.08006884316648E-09
   12     1.11566465997210E-07
   13     9.90214697842883E-10
   14     1.32495596488377E-08
   15     2.79124498861034E-09
   16     2.18381484289987E-08
   17     1.34512212179789E-08
   18     4.76224659483266E-08
   19     4.62196747060998E-09
   20     3.12593641222472E-08
   21     2.03699682147790E-08
   22     8.01370777215180E-09
   23     2.96696144493379E-09
   24     6.11359420341969E-09
   25     2.54697085982219E-10
   26     4.73425458416743E-09
   27     1.04523029405501E-09
   28     1.63420681990491E-08
   29     6.17560887503800E-09
   30     4.98584472887049E-08
   31     4.82596475827042E-08
   32     4.29750995872300E-07
   33     1.36405461741218E-07
   34     3.48581878375461E-06
   35     1.03595531762020E-06
   36     8.91466216060322E-06
   37     4.35000103410713E-06
   38     1.22224577521583E-05
   39     6.45672356107017E-06
   40     3.22924970229193E-05
   41     8.09526638150617E-08
   42     6.68149201852942E-05
   43     1.52225071614200E-05
   44     7.18518884545898E-05
   45     2.63863160835970E-05
   46     1.28798602135191E-04
   47     3.66426455341852E-05
   48     1.66548023917155E-04
   49     2.63163075406870E-05
   50     2.91639656882235E-04
   51     1.49078668802759E-04
   52     1.79241700168982E-04
   53     2.15138444694722E-04
   54     4.31122919788666E-04
   55     1.84990644546189E-04
   56     7.16739718889582E-05
   57     2.32062051070056E-05
   58     1.51721797257683E-04
   59     7.25816238245497E-05
   60     2.55660699303060E-04
   61     4.35044347330327E-05
   62     1.74073213867518E-04
   63     5.73261796453211E-05
   64     1.36429626302304E-04
   65     2.81694551440105E-05
   66     1.30208673229309E-04
   67     2.14528350463873E-05
   68     7.88016121321282E-05
   69     2.16261128079897E-05
   70     6.73720496488527E-05
   71     1.07663939400488E-05
   72     6.95185495376168E-05
   73     1.06473000560283E-05
   74     1.61230426634571E-05
   75     6.76640661965397E-06
   76     4.19805817843925E-04
   77     2.38013018307715E-04
   78     7.72690023071708E-04
   79     1.86869505933688E-04
   80     5.96542601426764E-05
   81     7.98519517562423E-07
   82     4.39066662301847E-05
   83     1.27478087261607E-05
   84     1.81215054568685E-07
   85     2.60339750064326E-18
   86     4.45087448568737E-12
   87     4.74290465922235E-13
   88     2.71662324920647E-05
   89     9.29426289227211E-06
   90     6.12587327456759E-05
   91     1.50262125240322E-05
   92     2.14078541611594E-04
   93     5.51726854096017E-05
   94     2.03842632509405E-04
   95     2.17583551855488E-05
   96     7.62828391339249E-05
   97     2.08467390969397E-05
   98     6.95847092156159E-05
   99     6.58085179431310E-07
  100     3.58419766628616E-10
  101     1.59916567309029E-15
  102     0.00000000000000E+00
  103     0.00000000000000E+00
  104     0.00000000000000E+00
  105     0.00000000000000E+00
  106     0.00000000000000E+00
  107     0.00000000000000E+00
  108     0.00000000000000E+00
  109     0.00000000000000E+00
  110     0.00000000000000E+00
  111     0.00000000000000E+00
