# 1:A 2:Z 3:N 4:Yi 5:Xi
    1      1      0     1.73504327513692E-09   1.73504327513692E-09
    2      1      1     3.12680552106752E-16   6.25361104213504E-16
    3      1      2     1.86495119556659E-08   5.59485358669978E-08
    3      2      1     1.49203204016283E-09   4.47609612048848E-09
    4      2      2     2.71843975920639E-04   1.08737590368256E-03
    6      3      3     1.43185967330733E-08   8.59115803984396E-08
    7      3      4     1.68870699499655E-09   1.18209489649759E-08
    7      4      3     1.34497783483264E-20   9.41484484382846E-20
    9      4      5     8.76940543476986E-07   7.89246489129287E-06
   10      4      6     3.69892297574146E-07   3.69892297574146E-06
   10      5      5     2.60130708955124E-13   2.60130708955124E-12
   11      5      6     2.29223199816311E-08   2.52145519797942E-07
   12      6      6     6.60843580169418E-07   7.93012296203302E-06
   13      6      7     6.53542291968943E-08   8.49604979559625E-07
   14      6      8     5.54936944148932E-08   7.76911721808505E-07
   14      7      7     3.58739663692161E-10   5.02235529169025E-09
   15      7      8     1.00004579862312E-05   1.50006869793468E-04
   16      8      8     1.99262618063197E-07   3.18820188901116E-06
   17      8      9     2.32612839981496E-09   3.95441827968543E-08
   18      8     10     1.85509248749153E-07   3.33916647748476E-06
   19      9     10     7.80200991694216E-07   1.48238188421901E-05
   20     10     10     9.44577352510413E-07   1.88915470502083E-05
   21     10     11     1.50028647589337E-07   3.15060159937608E-06
   22     10     12     4.19092366883684E-06   9.22003207144105E-05
   23     11     12     1.40936454296283E-09   3.24153844881452E-08
   24     12     12     2.34663169479390E-08   5.63191606750537E-07
   25     12     13     8.25984451864136E-08   2.06496112966034E-06
   26     12     14     5.13110086103898E-09   1.33408622387014E-07
   27     13     14     1.43023037722490E-09   3.86162201850723E-08
   28     14     14     1.12258927874598E-09   3.14324998048873E-08
   29     14     15     6.87089772195862E-10   1.99256033936800E-08
   30     14     16     1.49537115579911E-09   4.48611346739732E-08
   31     15     16     2.29005745930481E-09   7.09917812384491E-08
   32     14     18     8.75766413856801E-09   2.80245252434176E-07
   32     15     17     2.23075297424718E-12   7.13840951759099E-11
   32     16     16     5.22335431781793E-11   1.67147338170174E-09
   33     15     18     1.39195562104450E-14   4.59345354944686E-13
   33     16     17     8.31283756178812E-09   2.74323639539008E-07
   34     16     18     1.11333501939026E-08   3.78533906592690E-07
   35     16     19     1.48212807216736E-10   5.18744825258577E-09
   35     17     18     7.42283709739509E-09   2.59799298408828E-07
   36     16     20     2.12351734513472E-09   7.64466244248500E-08
   36     17     19     1.99320123460197E-18   7.17552444456710E-17
   37     17     20     6.92748375963284E-09   2.56316899106415E-07
   38     18     20     3.77913527536583E-09   1.43607140463902E-07
   39     18     21     8.84710008931008E-10   3.45036903483093E-08
   39     19     20     3.12537518891859E-12   1.21889632367825E-10
   40     18     22     1.69419667586173E-09   6.77678670344692E-08
   41     19     22     3.80787186038660E-09   1.56122746275850E-07
   42     18     24     3.87470816763516E-08   1.62737743040677E-06
   42     19     23     1.65425939505237E-12   6.94788945921994E-11
   42     20     22     1.13011202245571E-09   4.74647049431397E-08
   43     20     23     8.77882308944269E-09   3.77489392846036E-07
   44     20     24     1.03279882711749E-08   4.54431483931695E-07
   45     20     25     2.52209427755231E-09   1.13494242489854E-07
   45     21     24     1.86842407841355E-08   8.40790835286097E-07
   46     20     26     1.24145389775627E-08   5.71068792967883E-07
   46     21     25     2.46995512186392E-20   1.13617935605740E-18
   46     22     24     1.46665246633012E-18   6.74660134511857E-17
   47     22     25     2.24771961478692E-09   1.05642821894985E-07
   48     22     26     2.53146938342174E-09   1.21510530404244E-07
   49     22     27     7.84484781858355E-10   3.84397543110594E-08
   50     22     28     2.77785486240441E-09   1.38892743120220E-07
   51     23     28     2.79271055633878E-09   1.42428238373278E-07
   52     24     28     4.56477322467014E-09   2.37368207682847E-07
   53     24     29     1.32930572680617E-09   7.04532035207272E-08
   54     24     30     7.26467137108816E-10   3.92292254038761E-08
   55     25     30     2.35389937539188E-10   1.29464465646553E-08
   56     26     30     6.86374203804430E-10   3.84369554130481E-08
   57     26     31     1.27931456228483E-09   7.29209300502352E-08
   58     26     32     9.40189506602511E-10   5.45309913829456E-08
   59     26     33     4.01934344555112E-13   2.37141263287516E-11
   59     27     32     8.64317532003325E-10   5.09947343881962E-08
   60     26     34     6.51447846991591E-10   3.90868708194955E-08
   60     27     33     2.18340657072684E-16   1.31004394243611E-14
   60     28     32     2.06383496962628E-17   1.23830098177577E-15
   61     28     33     8.72100244594827E-10   5.31981149202845E-08
   62     28     34     2.68010870996387E-09   1.66166740017760E-07
   63     28     35     3.07067412106288E-09   1.93452469626962E-07
   63     29     34     2.89589578175159E-11   1.82441434250350E-09
   64     28     36     1.55570331943163E-09   9.95650124436242E-08
   65     29     36     2.20263658911814E-09   1.43171378292679E-07
   66     30     36     1.41933452730086E-09   9.36760788018568E-08
   67     30     37     1.68541970364838E-09   1.12923120144442E-07
   68     30     38     1.05291211093094E-09   7.15980235433040E-08
   69     31     38     1.87374462932124E-09   1.29288379423165E-07
   70     30     40     9.68874948266470E-10   6.78212463786529E-08
   70     32     38     4.27271647998187E-15   2.99090153598731E-13
   71     31     40     1.56851071227558E-09   1.11364260571566E-07
   72     32     40     1.12056352621645E-09   8.06805738875844E-08
   73     32     41     1.26634655846301E-09   9.24432987677997E-08
   74     32     42     8.24283048444969E-10   6.09969455849277E-08
   75     33     42     1.93210349723639E-09   1.44907762292729E-07
   76     32     44     6.57169586885190E-09   4.99448886032744E-07
   76     34     42     1.12701112770407E-14   8.56528457055093E-13
   77     34     43     2.09997452082641E-08   1.61698038103634E-06
   78     34     44     1.30326674414627E-08   1.01654806043409E-06
   79     34     45     9.25462533376334E-09   7.31115401367304E-07
   79     35     44     2.97660302080078E-14   2.35151638643261E-12
   80     34     46     1.77345494636238E-09   1.41876395708991E-07
   81     35     46     3.39353361753240E-09   2.74876223020124E-07
   82     34     48     1.73741423922284E-09   1.42467967616273E-07
   82     36     46     1.26309713924947E-13   1.03573965418457E-11
   83     36     47     1.05220098796696E-09   8.73326820012577E-08
   84     36     48     1.26317161624645E-09   1.06106415764702E-07
   85     36     49     7.54331668830600E-10   6.41181918506010E-08
   85     37     48     6.96493583285098E-11   5.92019545792333E-09
   86     36     50     1.34968239665352E-09   1.16072686112203E-07
   86     38     48     3.71732810041073E-20   3.19690216635323E-18
   87     37     50     1.54849056404866E-09   1.34718679072234E-07
   87     38     49     3.04899673264070E-20   2.65262715739741E-18
   88     38     50     1.68183625635248E-09   1.48001590559018E-07
   89     38     51     1.49513779410901E-12   1.33067263675702E-10
   89     39     50     1.28279839861064E-09   1.14169057476347E-07
   90     38     52     9.18598987789886E-10   8.26739089010897E-08
   90     39     51     2.32725178229435E-13   2.09452660406492E-11
   90     40     50     3.04250122335000E-11   2.73825110101500E-09
   91     39     52     1.78150630544677E-12   1.62117073795656E-10
   91     40     51     6.10002952951740E-10   5.55102687186084E-08
   92     40     52     6.92513130040575E-10   6.37112079637329E-08
   93     40     53     3.26771913071843E-10   3.03897879156814E-08
   93     41     52     1.92382603059761E-16   1.78915820845578E-14
   94     40     54     1.82165331560090E-10   1.71235411666484E-08
   95     40     55     3.39854632824552E-12   3.22861901183324E-10
   95     41     54     4.03718470583116E-12   3.83532547053960E-10
   95     42     53     7.11519594943152E-10   6.75943615195994E-08
   96     42     54     4.92033807194533E-10   4.72352454906752E-08
   97     42     55     7.28678187114668E-10   7.06817841501228E-08
   98     42     56     4.65301581596176E-10   4.55995549964253E-08
   99     43     56     7.09685928350965E-10   7.02589069067456E-08
   99     44     55     3.16530926371423E-15   3.13365617107709E-13
  100     42     58     4.95637151321964E-10   4.95637151321964E-08
  100     44     56     6.16299365650449E-16   6.16299365650449E-14
  101     44     57     4.25180721736956E-10   4.29432528954326E-08
  102     44     58     1.02106082962867E-09   1.04148204622124E-07
  103     44     59     2.45331067472102E-13   2.52690999496265E-11
  103     45     58     1.43475114134356E-09   1.47779367558386E-07
  104     44     60     2.69666913345357E-08   2.80453589879171E-06
  104     46     58     1.89674674132722E-17   1.97261661098031E-15
  105     46     59     2.53674294724646E-09   2.66358009460878E-07
  106     44     62     1.58814563788603E-08   1.68343437615919E-06
  106     45     61     1.48916947582362E-14   1.57851964437303E-12
  106     46     60     2.44067250044280E-08   2.58711285046937E-06
  107     46     61     6.75279787114366E-10   7.22549372212371E-08
  107     47     60     9.86359254606297E-17   1.05540440242874E-14
  108     46     62     1.26991018562341E-09   1.37150300047328E-07
  109     47     62     6.84451420201283E-10   7.46052048019399E-08
  110     46     64     1.00547453100930E-09   1.10602198411023E-07
  110     48     62     1.54211215253312E-15   1.69632336778643E-13
  111     47     64     4.49048683835262E-19   4.98444039057141E-17
  111     48     63     3.18742591041302E-09   3.53804276055845E-07
  112     46     66     1.26561114759833E-18   1.41748448531013E-16
  112     47     65     1.88911819812897E-19   2.11581238190444E-17
  112     48     64     2.63839990898318E-09   2.95500789806116E-07
  113     47     66     4.69795142852113E-20   5.30868511422887E-18
  113     48     65     5.53621250564142E-09   6.25592013137481E-07
  114     48     66     1.66372972918749E-08   1.89665189127374E-06
  115     48     67     9.70091127196554E-20   1.11560479627604E-17
  115     49     66     2.65352880542030E-08   3.05155812623334E-06
  116     46     70     6.13822774849250E-19   7.12034418825130E-17
  116     47     69     1.23284656180608E-17   1.43010201169506E-15
  116     48     68     2.43981394581265E-07   2.83018417714267E-05
  116     50     66     1.31760201454873E-15   1.52841833687653E-13
  117     50     67     9.24427078019998E-07   1.08157968128340E-04
  118     46     72     4.65226649213730E-19   5.48967446072202E-17
  118     47     71     9.20663407376732E-19   1.08638282070454E-16
  118     48     70     7.39516151844111E-16   8.72629059176051E-14
  118     49     69     1.22435734938258E-18   1.44474167227144E-16
  118     50     68     2.58881645581096E-06   3.05480341785693E-04
  119     48     71     3.33389335582833E-20   3.96733309343572E-18
  119     49     70     2.98188452470588E-20   3.54844258439999E-18
  119     50     69     3.66526464074399E-06   4.36166492248535E-04
  120     46     74     3.36114362204828E-17   4.03337234645793E-15
  120     47     73     8.26865847285624E-17   9.92239016742749E-15
  120     48     72     3.91391288695838E-15   4.69669546435006E-13
  120     49     71     2.37299460540733E-16   2.84759352648879E-14
  120     50     70     6.22463135043372E-06   7.46955762052046E-04
  121     48     73     1.48287446435786E-14   1.79427810187301E-12
  121     49     72     2.53738091041563E-14   3.07023090160291E-12
  121     50     71     1.06881319745257E-10   1.29326396891761E-08
  121     51     70     8.94328796235784E-06   1.08213784344530E-03
  122     48     74     3.12860231133589E-14   3.81689481982978E-12
  122     49     73     8.95596213024490E-15   1.09262737988988E-12
  122     50     72     9.71783505539687E-06   1.18557587675842E-03
  122     52     70     9.51429246213715E-12   1.16074368038073E-09
  123     50     73     4.06857693200946E-07   5.00434962637164E-05
  123     51     72     5.40278816499868E-06   6.64542944294838E-04
  124     48     76     3.82472681077531E-17   4.74266124536138E-15
  124     49     75     9.54664478567722E-17   1.18378395342398E-14
  124     50     74     9.89246793711720E-06   1.22666602420253E-03
  124     51     73     2.00042504125965E-16   2.48052705116197E-14
  124     52     72     5.90031049893329E-14   7.31638501867729E-12
  125     50     75     3.08362165814163E-20   3.85452707267704E-18
  125     51     74     8.22002994176010E-06   1.02750374272001E-03
  125     52     73     3.25872624458453E-06   4.07340780573066E-04
  126     50     76     3.41524027108963E-05   4.30320274157293E-03
  126     51     75     5.03364133899855E-12   6.34238808713818E-10
  126     52     74     1.39258273963256E-10   1.75465425193703E-08
  127     49     78     1.24784577049167E-20   1.58476412852442E-18
  127     50     77     8.71897400050767E-17   1.10730969806447E-14
  127     51     76     4.25207188573603E-15   5.40013129488475E-13
  127     52     75     4.34591715785705E-16   5.51931479047846E-14
  127     53     74     6.77868006084454E-05   8.60892367727256E-03
  128     50     78     5.63240029219107E-17   7.20947237400457E-15
  128     51     77     5.19579168220611E-16   6.65061335322382E-14
  128     52     76     2.09823656015941E-04   2.68574279700404E-02
  128     54     74     2.64189958013966E-15   3.38163146257877E-13
  129     50     79     5.81955421851752E-19   7.50722494188761E-17
  129     51     78     6.94286510859298E-17   8.95629599008494E-15
  129     52     77     1.83762943949882E-17   2.37054197695348E-15
  129     53     76     6.09548032713247E-04   7.86316962200088E-02
  129     54     75     3.68482128572571E-11   4.75341945858616E-09
  130     50     80     1.60260027906858E-12   2.08338036278916E-10
  130     51     79     1.70327151610930E-11   2.21425297094209E-09
  130     52     78     5.28514445763288E-04   6.87068779492274E-02
  130     54     76     3.58554712719259E-11   4.66121126535037E-09
  131     54     77     5.51326223575859E-04   7.22237352884376E-02
  132     54     78     3.35371207199350E-04   4.42689993503142E-02
  133     55     78     3.43540605022468E-04   4.56909004679882E-02
  134     54     80     1.40352633066739E-04   1.88072528309430E-02
  134     55     79     1.05735296945971E-14   1.41685297907602E-12
  134     56     78     6.15516383886443E-15   8.24791954407834E-13
  135     55     80     7.13275046764243E-05   9.62921313131728E-03
  135     56     79     2.93634648630603E-11   3.96406775651314E-09
  136     54     82     1.21651421154373E-04   1.65445932769947E-02
  136     56     80     3.36073641981773E-13   4.57060153095211E-11
  137     55     82     6.23682866517334E-05   8.54445527128748E-03
  137     56     81     1.99920696492867E-06   2.73891354195227E-04
  138     56     82     4.66321282360465E-05   6.43523369657441E-03
  139     57     82     1.41128736317778E-05   1.96168943481712E-03
  140     56     84     2.77987296854903E-16   3.89182215596864E-14
  140     57     83     4.22090372875455E-17   5.90926522025637E-15
  140     58     82     4.49561607535200E-05   6.29386250549279E-03
  141     58     83     8.63721832771028E-10   1.21784778420715E-07
  141     59     82     2.90022030556356E-05   4.08931063084463E-03
  142     58     84     1.56839745724690E-05   2.22712438929060E-03
  142     60     82     3.44865236906048E-16   4.89708636406589E-14
  143     59     84     2.62056115059193E-16   3.74740244534646E-14
  143     60     83     8.73414271137782E-06   1.24898240772703E-03
  144     58     86     9.24414651926805E-07   1.33115709877460E-04
  144     59     85     3.90814638225499E-11   5.62773079044719E-09
  144     60     84     2.18829262702742E-06   3.15114138291948E-04
  145     60     85     3.32664096380576E-06   4.82362939751835E-04
  146     60     86     1.82706442236089E-06   2.66751405664690E-04
  147     60     87     3.93309581449735E-19   5.78165084731111E-17
  147     61     86     2.14922726096418E-06   3.15936407361734E-04
  147     62     85     9.00206665595972E-07   1.32330379842608E-04
  148     60     88     1.70755642082796E-06   2.52718350282538E-04
  148     62     86     3.85049027587518E-14   5.69872560829526E-12
  149     62     87     1.28196269123431E-06   1.91012440993912E-04
  150     60     90     1.55741464211805E-06   2.33612196317707E-04
  150     62     88     5.94427282318590E-11   8.91640923477885E-09
  151     62     89     2.12570919677132E-06   3.20982088712470E-04
  151     63     88     2.24526773842468E-08   3.39035428502127E-06
  152     62     90     2.13252954781847E-06   3.24144491268407E-04
  152     63     89     1.14830298992176E-19   1.74542054468107E-17
  153     63     90     2.02644166196030E-06   3.10045574279926E-04
  154     62     92     2.52638310878169E-06   3.89062998752380E-04
  154     63     91     1.42970992266992E-12   2.20175328091168E-10
  154     64     90     1.66963497025676E-13   2.57123785419541E-11
  155     63     92     1.96607852083383E-06   3.04742170729244E-04
  155     64     91     4.34155529481305E-07   6.72941070696023E-05
  156     63     93     1.18908669724400E-15   1.85497524770063E-13
  156     64     92     3.55955897891434E-06   5.55291200710638E-04
  157     64     93     3.90015353252790E-06   6.12324104606880E-04
  158     64     94     7.51014223243018E-06   1.18660247272397E-03
  159     65     94     6.04540308434460E-06   9.61219090410791E-04
  160     64     96     1.21084838720403E-05   1.93735741952645E-03
  160     65     95     2.11646175358775E-14   3.38633880574039E-12
  160     66     94     2.40963497249802E-12   3.85541595599684E-10
  161     66     95     1.22448317139740E-05   1.97141790594981E-03
  162     66     96     1.71480879219211E-05   2.77799024335122E-03
  163     66     97     1.67378517755859E-05   2.72826983942051E-03
  164     66     98     1.68189500746279E-05   2.75830781223898E-03
  165     67     98     1.14836262565638E-05   1.89479833233302E-03
  166     68     98     8.88352326529818E-06   1.47466486203950E-03
  167     68     99     9.67481940607098E-06   1.61569484081385E-03
  168     68    100     8.48567231969701E-06   1.42559294970910E-03
  169     69    100     5.37386569766095E-06   9.08183302904701E-04
  170     68    102     7.97725649923397E-06   1.35613360486977E-03
  170     69    101     2.71159521296590E-14   4.60971186204202E-12
  170     70    100     3.68847162774311E-13   6.27040176716329E-11
  171     69    102     3.48792286698485E-06   5.96434810254410E-04
  171     70    101     2.22356878315313E-06   3.80230261919186E-04
  172     70    102     6.85047356463339E-06   1.17828145311694E-03
  173     70    103     4.70109954875100E-06   8.13290221933923E-04
  174     70    104     8.06534852983945E-06   1.40337064419206E-03
  175     71    104     4.33478206404699E-06   7.58586861208223E-04
  176     70    106     8.13503388522124E-06   1.43176596379894E-03
  176     71    105     1.62971252399838E-13   2.86829404223715E-11
  177     72    105     7.08742680648780E-06   1.25447454474834E-03
  178     72    106     1.24804667668815E-05   2.22152308450491E-03
  179     72    107     7.58764119270752E-06   1.35818777349465E-03
  180     72    108     9.88703349480876E-06   1.77966602906558E-03
  181     72    109     2.80065787760116E-09   5.06919075845810E-07
  181     73    108     8.72947696883905E-06   1.58003533135987E-03
  182     72    110     1.25966889494623E-05   2.29259738880213E-03
  182     73    109     4.29404270393928E-13   7.81515772116949E-11
  182     74    108     1.05810439011637E-12   1.92574999001179E-10
  183     74    109     6.73300990074792E-06   1.23214081183687E-03
  184     74    110     7.60038450232389E-06   1.39847074842760E-03
  185     74    111     4.22031119655447E-08   7.80757571362576E-06
  185     75    110     4.02973029454790E-06   7.45500104491362E-04
  186     74    112     3.70566796016363E-06   6.89254240590436E-04
  186     76    110     1.78543710505737E-15   3.32091301540671E-13
  187     75    112     2.16232718555988E-06   4.04355183699698E-04
  187     76    111     4.71230201215168E-17   8.81200476272364E-15
  188     74    114     2.39690182113692E-08   4.50617542373741E-06
  188     75    113     2.45750800336895E-10   4.62011504633362E-08
  188     76    112     3.24280338657119E-06   6.09647036675384E-04
  189     76    113     5.04143016117267E-06   9.52830300461634E-04
  190     76    114     1.48766758525206E-05   2.82656841197891E-03
  191     76    115     7.24589848268755E-15   1.38396661019332E-12
  191     77    114     1.62638750124072E-05   3.10640012736978E-03
  192     76    116     6.71074968373372E-05   1.28846393927687E-02
  192     77    115     3.99746116435084E-15   7.67512543555362E-13
  192     78    114     3.93455629522550E-13   7.55434808683296E-11
  193     77    116     1.32678701500730E-04   2.56069893896409E-02
  194     76    118     2.10155576619332E-04   4.07701818641504E-02
  194     77    117     7.71977757682461E-08   1.49763684990397E-05
  194     78    116     3.59870449400155E-05   6.98148671836300E-03
  195     78    117     4.10492333349893E-04   8.00460050032292E-02
  196     78    118     3.20724953136302E-04   6.28620908147152E-02
  197     79    118     2.71377414014322E-04   5.34613505608214E-02
  198     78    120     1.34337045812674E-04   2.65987350709094E-02
  198     80    118     5.56564803737576E-11   1.10199831140040E-08
  199     80    119     8.22299035478843E-05   1.63637508060290E-02
  200     80    120     1.33213647622595E-05   2.66427295245191E-03
  201     80    121     5.23789464954857E-06   1.05281682455926E-03
  202     80    122     7.34097901427354E-07   1.48287776088325E-04
  203     80    123     2.66501605574670E-10   5.40998259316581E-08
  203     81    122     4.01173956842454E-07   8.14383132390181E-05
  204     80    124     3.77430247378096E-07   7.69957704651317E-05
  204     81    123     8.04256058953851E-16   1.64068236026586E-13
  204     82    122     2.23254193847957E-16   4.55438555449833E-14
  205     81    124     2.85689575575029E-07   5.85663629928810E-05
  206     80    126     9.33894842061857E-20   1.92382337464742E-17
  206     81    125     3.27415353140744E-18   6.74475627469934E-16
  206     82    124     4.15653335170847E-07   8.56245870451944E-05
  207     81    126     2.16616289177256E-12   4.48395718596920E-10
  207     82    125     8.18477053504769E-06   1.69424750075487E-03
  208     81    127     1.28640869416275E-12   2.67573008385852E-10
  208     82    126     1.09568648137984E-05   2.27902788127008E-03
  209     81    128     9.77648173519753E-17   2.04328468265628E-14
  209     82    127     3.99499177307648E-13   8.34953280572984E-11
  209     83    126     7.11287296370415E-06   1.48659044941417E-03
  210     81    129     7.57518466139525E-20   1.59078877889300E-17
  210     82    128     6.90110576368152E-06   1.44923221037312E-03
  210     83    127     4.26543403592636E-09   8.95741147544536E-07
  210     84    126     1.09055103762381E-07   2.29015717901000E-05
  211     82    129     1.64819750467451E-11   3.47769673486322E-09
  211     83    128     9.75238652666282E-13   2.05775355712586E-10
  211     84    127     1.10077711631498E-17   2.32263971542460E-15
  212     82    130     7.49565793380750E-10   1.58907948196719E-07
  212     83    129     7.10588643061627E-11   1.50644792329065E-08
  213     82    131     5.15724937424301E-19   1.09849411671376E-16
  213     83    130     9.35091680810135E-14   1.99174528012559E-11
  214     82    132     7.45980435610149E-15   1.59639813220572E-12
  214     83    131     5.79811153608692E-15   1.24079586872260E-12
  214     84    130     2.51004043908966E-20   5.37148653965187E-18
  215     83    132     2.77027125910528E-18   5.95608320707635E-16
  215     84    131     1.35272310144144E-17   2.90835466809911E-15
  216     84    132     2.84034115422069E-15   6.13513689311669E-13
  217     85    132     1.10243524059614E-18   2.39228447209362E-16
  218     84    134     8.61430549119500E-16   1.87791859708051E-13
  218     85    133     3.58763763991209E-19   7.82105005500835E-17
  218     86    132     5.17651658137886E-18   1.12848061474059E-15
  219     85    134     3.50896026928873E-19   7.68462298974231E-17
  219     86    133     3.00775395489587E-14   6.58698116122194E-12
  220     86    134     1.08912965327236E-12   2.39608523719920E-10
  221     86    135     5.74995809883369E-18   1.27074073984225E-15
  221     87    134     9.77107308074253E-15   2.15940715084410E-12
  221     88    133     3.91856951558019E-19   8.66003862943221E-17
  222     86    136     1.52939732974023E-12   3.39526207202331E-10
  222     87    135     1.26010527942676E-13   2.79743372032741E-11
  222     88    134     5.62018993324013E-15   1.24768216517931E-12
  223     87    136     1.37857216824029E-13   3.07421593517584E-11
  223     88    135     7.50380413478408E-09   1.67334832205685E-06
  224     86    138     3.48383014659780E-18   7.80377952837906E-16
  224     87    137     2.05124193065060E-19   4.59478192465733E-17
  224     88    136     6.15106290948308E-09   1.37783809172421E-06
  225     88    137     4.40417815074486E-11   9.90940083917594E-09
  225     89    136     2.94968472761335E-11   6.63679063713003E-09
  226     88    138     7.71459285052269E-06   1.74349798421813E-03
  227     89    138     5.19871113083433E-06   1.18010742669939E-03
  227     90    137     1.20433049841803E-08   2.73383023140893E-06
  228     88    140     8.46184884351265E-06   1.92930153632088E-03
  228     89    139     1.03339042762999E-09   2.35613017499637E-07
  228     90    138     1.18980249713039E-06   2.71274969345728E-04
  229     90    139     8.53534153969168E-06   1.95459321258940E-03
  230     90    140     1.41722008358699E-05   3.25960619225008E-03
  231     90    141     8.37128430889304E-17   1.93376667535429E-14
  231     91    140     1.11795763092284E-05   2.58248212743176E-03
  232     90    142     2.26826626879176E-05   5.26237774359688E-03
  232     92    140     8.40799321740231E-14   1.95065442643734E-11
  233     91    142     6.40120273952478E-11   1.49148023830927E-08
  233     92    141     1.71879589194315E-05   4.00479442822754E-03
  234     90    144     2.24276537825795E-11   5.24807098512361E-09
  234     91    143     2.62907942226234E-13   6.15204584809388E-11
  234     92    142     2.65203342185734E-05   6.20575820714618E-03
  235     92    143     2.02220094562188E-05   4.75217222221141E-03
  236     92    144     4.14698259814119E-05   9.78687893161320E-03
  237     92    145     1.20741149510809E-12   2.86156524340617E-10
  237     93    144     3.55577846147628E-05   8.42719495369879E-03
  238     92    146     5.21174908036607E-05   1.24039628112712E-02
  238     94    144     2.61295512852222E-13   6.21883320588287E-11
  239     93    146     2.41649529457741E-11   5.77542375404001E-09
  239     94    145     4.96602355840174E-05   1.18687963045801E-02
  240     92    148     5.73981884097474E-16   1.37755652183394E-13
  240     93    147     4.19172667193398E-17   1.00601440126415E-14
  240     94    146     6.01319072125405E-05   1.44316577310097E-02
  241     94    147     3.74003023003759E-05   9.01347285439060E-03
  241     95    146     2.55818063147843E-06   6.16521532186302E-04
  242     94    148     3.74689796307223E-05   9.06749307063480E-03
  242     95    147     1.06471450515996E-16   2.57660910248710E-14
  242     96    146     1.22293062852660E-14   2.95949212103437E-12
  243     94    149     7.37597391483221E-18   1.79236166130423E-15
  243     95    148     2.75994102243308E-05   6.70665668451239E-03
  244     94    150     2.85049205663320E-05   6.95520061818502E-03
  244     95    149     3.61673491510032E-16   8.82483319284478E-14
  244     96    148     3.28364448947226E-11   8.01209255431232E-09
  245     95    150     4.34897943869794E-14   1.06549996248100E-11
  245     96    149     2.20156609293148E-05   5.39383692768213E-03
  246     94    152     1.53179632138682E-11   3.76821895061158E-09
  246     95    151     3.82523452001324E-14   9.41007691923258E-12
  246     96    150     2.95419077303848E-05   7.26730930167465E-03
  246     97    149     3.60907564845276E-12   8.87832609519379E-10
  247     96    151     2.03349222388801E-07   5.02272579300338E-05
  247     97    150     1.45960876461658E-05   3.60523364860295E-03
  248     96    152     3.20493954652252E-05   7.94825007537585E-03
  248     97    151     7.24131412095917E-10   1.79584590199787E-07
  248     98    150     1.82363585671691E-11   4.52261692465793E-09
  249     96    153     3.07157514297672E-17   7.64822210601204E-15
  249     97    152     1.19982580457997E-05   2.98756625340412E-03
  249     98    151     2.05807689663230E-05   5.12461147261442E-03
  250     96    154     2.37934244010073E-05   5.94835610025182E-03
  250     97    153     9.01268287514314E-11   2.25317071878578E-08
  250     98    152     5.26548785210515E-06   1.31637196302629E-03
  250     99    151     3.23926933465982E-13   8.09817333664956E-11
  251     97    154     7.46546897252780E-14   1.87383271210448E-11
  251     98    153     2.30944346642461E-05   5.79670310072578E-03
  252     98    154     1.60778982720011E-05   4.05163036454429E-03
  252     99    153     2.61548913034841E-07   6.59103260847799E-05
  253     98    155     3.96153360758350E-12   1.00226800271863E-09
  253     99    154     1.25708383200995E-11   3.18042209498516E-09
  254     98    156     1.60437602933378E-10   4.07511511450779E-08
  254     99    155     1.82866006823809E-07   4.64479657332475E-05
  254    100    154     1.88214668245085E-10   4.78065257342517E-08
  254    101    153     9.35545467535676E-16   2.37628548754062E-13
  255     99    156     9.60166459625991E-10   2.44842447204628E-07
  255    100    155     1.89641147307317E-11   4.83584925633658E-09
  257    100    157     1.79572255122858E-11   4.61500695665745E-09
  257    101    156     8.57634684251953E-17   2.20412113852752E-14
