               WinNet - Nuclear reaction network
              ===================================
 
 
Option                                   :      Value     Unit
--------------------------------------------------------------
Release                                  :    Unknown         
Git hash                                 :    Unknown         
Network size                             :       6757         
Amount reaclib rates                     :      72724         
Amount fission rates                     :       5833         
Total number of fission neutrons         :      27813         
Amount weak (ffn) rates                  :        212         
Total reactions after merge              :      78557         
Thermodynamic trajectory                 :  from file         
Starting index                           :          1         
Expansion velocity:                      :   4.47E+04   [km/s]
Evolution mode                           :        NSE         
Initial abundance source                 :        NSE         
Initial entropy                          :   7.01E-03 [kB/nuc]

#-- 1:it 2:time[s] 3:T9[GK] 4:rho[g/cm3] 5:entropy[kB/baryon]
       0  0.0000000E+00 10.0000000  1.2000000E+13    0.0070137
       1  2.0000000E-12  9.9999999  1.2000000E+13    0.0070137
       2  6.0000000E-12  9.9999998  1.2000000E+13    0.0070137
       3  1.4000000E-11  9.9999994  1.1999999E+13    0.0070137
       4  3.0000000E-11  9.9999988  1.1999998E+13    0.0070137
       5  6.2000000E-11  9.9999975  1.1999995E+13    0.0070137
       6  1.2600000E-10  9.9999950  1.1999990E+13    0.0070137
       7  2.5400000E-10  9.9999899  1.1999980E+13    0.0070137
       8  5.1000000E-10  9.9999798  1.1999961E+13    0.0070137
       9  1.0220000E-09  9.9999595  1.1999921E+13    0.0070137
      10  2.0460000E-09  9.9999190  1.1999842E+13    0.0070136
      11  4.0940000E-09  9.9998378  1.1999683E+13    0.0070136
      12  8.1900000E-09  9.9996756  1.1999367E+13    0.0070136
      13  1.6382000E-08  9.9993511  1.1998733E+13    0.0070135
      14  3.2766000E-08  9.9987022  1.1997466E+13    0.0070133
      15  6.5534000E-08  9.9974045  1.1994932E+13    0.0070128
      16  1.3107000E-07  9.9948097  1.1989866E+13    0.0070120
      17  2.6214200E-07  9.9896219  1.1979740E+13    0.0070104
      18  5.2428600E-07  9.9792546  1.1959515E+13    0.0070071
      19  1.0485740E-06  9.9585521  1.1919166E+13    0.0070005
      20  2.0971500E-06  9.9172759  1.1838875E+13    0.0069874
      21  4.1943020E-06  9.8352360  1.1679914E+13    0.0069612
      22  8.3886060E-06  9.6731867  1.1368366E+13    0.0069091
      23  1.6338240E-05  9.3733380  1.0800496E+13    0.0068114
      24  2.4291164E-05  9.0826656  1.0260775E+13    0.0067151
      25  2.5000000E-05  9.0572000  1.0214000E+13    0.0067066
      26  2.6417671E-05  9.0032517  1.0120642E+13    0.0066873
      27  2.9253013E-05  8.8947203  9.9344087E+12    0.0066481
      28  3.4923698E-05  8.6765548  9.5682660E+12    0.0065675
      29  4.2759883E-05  8.3774948  9.0903086E+12    0.0064514
      30  5.0000000E-05  8.1094000  8.6933000E+12    0.0063396
      31  5.9270246E-05  7.7736349  8.2589876E+12    0.0061829
      32  6.9222843E-05  7.4277034  7.8463621E+12    0.0060107
      33  7.6000000E-05  7.2109000  7.5715000E+12    0.0059058
 Evolution mode: switching to network
      34  8.3225889E-05  6.9999992  7.2729028E+12    0.0058113
      35  8.3225889E-05  6.9999992  7.2729028E+12    0.0058113
      36  8.3225889E-05  6.9999992  7.2729028E+12    0.0058113
      37  8.3225889E-05  6.9999992  7.2729028E+12    0.0058113
      38  8.3225889E-05  6.9999992  7.2729028E+12    0.0058113
      39  8.3225890E-05  6.9999992  7.2729028E+12    0.0058113
      40  8.3225890E-05  6.9999992  7.2729028E+12    0.0058113
      41  8.3225890E-05  6.9999992  7.2729028E+12    0.0058113
      42  8.3225891E-05  6.9999992  7.2729027E+12    0.0058113
      43  8.3225893E-05  6.9999991  7.2729027E+12    0.0058113
      44  8.3225897E-05  6.9999990  7.2729025E+12    0.0058113
      45  8.3225905E-05  6.9999988  7.2729022E+12    0.0058113
      46  8.3225921E-05  6.9999983  7.2729015E+12    0.0058113
      47  8.3225952E-05  6.9999975  7.2729002E+12    0.0058113
      48  8.3226016E-05  6.9999957  7.2728976E+12    0.0058113
      49  8.3226142E-05  6.9999921  7.2728924E+12    0.0058113

#-- 1:it 2:time[s] 3:T9[GK] 4:rho[g/cm3] 5:entropy[kB/baryon]
      50  8.3226395E-05  6.9999851  7.2728820E+12    0.0058113
      51  8.3226900E-05  6.9999709  7.2728612E+12    0.0058113
      52  8.3227910E-05  6.9999426  7.2728195E+12    0.0058113
      53  8.3229931E-05  6.9998860  7.2727362E+12    0.0058113
      54  8.3233973E-05  6.9997728  7.2725696E+12    0.0058112
      55  8.3242057E-05  6.9995464  7.2722365E+12    0.0058111
      56  8.3258225E-05  6.9990936  7.2715701E+12    0.0058109
      57  8.3278788E-05  6.9985178  7.2707227E+12    0.0058107
      58  8.3301408E-05  6.9978846  7.2697905E+12    0.0058104
      59  8.3326290E-05  6.9971883  7.2687653E+12    0.0058101
      60  8.3353659E-05  6.9964225  7.2676376E+12    0.0058098
      61  8.3383765E-05  6.9955804  7.2663973E+12    0.0058094
      62  8.3416882E-05  6.9946543  7.2650331E+12    0.0058090
      63  8.3453310E-05  6.9936361  7.2635326E+12    0.0058086
      64  8.3493381E-05  6.9925164  7.2618823E+12    0.0058081
      65  8.3537458E-05  6.9912853  7.2600673E+12    0.0058075
      66  8.3585942E-05  6.9899317  7.2580712E+12    0.0058070
      67  8.3639275E-05  6.9884435  7.2558758E+12    0.0058063
      68  8.3697939E-05  6.9868075  7.2534614E+12    0.0058056
      69  8.3762469E-05  6.9850089  7.2508062E+12    0.0058048
      70  8.3833451E-05  6.9830318  7.2478862E+12    0.0058040
      71  8.3911530E-05  6.9808586  7.2446752E+12    0.0058030
      72  8.3997414E-05  6.9784701  7.2411443E+12    0.0058020
      73  8.4091885E-05  6.9758451  7.2372618E+12    0.0058009
      74  8.4195799E-05  6.9729603  7.2329928E+12    0.0057996
      75  8.4310101E-05  6.9697906  7.2282992E+12    0.0057982
      76  8.4435828E-05  6.9663079  7.2231390E+12    0.0057967
      77  8.4574122E-05  6.9624819  7.2174663E+12    0.0057951
      78  8.4726237E-05  6.9582792  7.2112306E+12    0.0057933
      79  8.4893554E-05  6.9536633  7.2043768E+12    0.0057913
      80  8.5077591E-05  6.9485943  7.1968445E+12    0.0057891
      81  8.5280015E-05  6.9430286  7.1885675E+12    0.0057867
      82  8.5502662E-05  6.9369185  7.1794734E+12    0.0057841
      83  8.5747549E-05  6.9302120  7.1694835E+12    0.0057812
      84  8.6016893E-05  6.9228521  7.1585117E+12    0.0057781
      85  8.6313130E-05  6.9147768  7.1464642E+12    0.0057746
      86  8.6638941E-05  6.9059185  7.1332392E+12    0.0057708
      87  8.6997269E-05  6.8962034  7.1187263E+12    0.0057666
      88  8.7391349E-05  6.8855510  7.1028059E+12    0.0057621
      89  8.7824736E-05  6.8738738  7.0853492E+12    0.0057571
      90  8.8301336E-05  6.8610763  7.0662179E+12    0.0057516
      91  8.8825439E-05  6.8470543  7.0452638E+12    0.0057456
      92  8.9386579E-05  6.8320981  7.0229324E+12    0.0057392
      93  8.9985838E-05  6.8161877  6.9992085E+12    0.0057323
      94  9.0624626E-05  6.7992940  6.9740698E+12    0.0057251
      95  9.1304275E-05  6.7813903  6.9475027E+12    0.0057173
      96  9.2026025E-05  6.7624519  6.9195041E+12    0.0057091
      97  9.2791012E-05  6.7424562  6.8900825E+12    0.0057004
      98  9.3600263E-05  6.7213823  6.8592589E+12    0.0056912
      99  9.4454690E-05  6.6992113  6.8270680E+12    0.0056815

#-- 1:it 2:time[s] 3:T9[GK] 4:rho[g/cm3] 5:entropy[kB/baryon]
     100  9.5355090E-05  6.6759254  6.7935588E+12    0.0056711
     101  9.6302145E-05  6.6515077  6.7587953E+12    0.0056601
     102  9.7296424E-05  6.6259415  6.7228573E+12    0.0056485
     103  9.8338393E-05  6.5992098  6.6858407E+12    0.0056362
     104  9.9415389E-05  6.5716280  6.6483072E+12    0.0056233
     105  1.0050695E-04  6.5437061  6.6110560E+12    0.0056101
     106  1.0100000E-04  6.5311000  6.5945000E+12    0.0056040
     107  1.0198610E-04  6.5058830  6.5619851E+12    0.0055917
     108  1.0311440E-04  6.4770285  6.5257677E+12    0.0055773
     109  1.0426660E-04  6.4475868  6.4897720E+12    0.0055623
     110  1.0544083E-04  6.4176348  6.4540116E+12    0.0055468
     111  1.0663803E-04  6.3871806  6.4184034E+12    0.0055308
     112  1.0785906E-04  6.3562368  6.3828597E+12    0.0055143
     113  1.0910469E-04  6.3248225  6.3472889E+12    0.0054974
     114  1.1037553E-04  6.2929639  6.3115940E+12    0.0054801
     115  1.1167208E-04  6.2606937  6.2756717E+12    0.0054626
     116  1.1299470E-04  6.2280520  6.2394115E+12    0.0054447
     117  1.1434364E-04  6.1950861  6.2026948E+12    0.0054267
     118  1.1571899E-04  6.1618504  6.1653944E+12    0.0054086
     119  1.1712072E-04  6.1284069  6.1273744E+12    0.0053905
     120  1.1854867E-04  6.0948246  6.0884896E+12    0.0053725
     121  1.2000251E-04  6.0611795  6.0485863E+12    0.0053547
     122  1.2148179E-04  6.0275543  6.0075024E+12    0.0053372
     123  1.2298593E-04  5.9940384  5.9650685E+12    0.0053203
     124  1.2450140E-04  5.9610020  5.9214804E+12    0.0053041
     125  1.2598277E-04  5.9294622  5.8779128E+12    0.0052892
     126  1.2600000E-04  5.9291000  5.8774000E+12    0.0052890
     127  1.2603445E-04  5.9283758  5.8763740E+12    0.0052887
     128  1.2610336E-04  5.9269286  5.8743200E+12    0.0052880
     129  1.2624116E-04  5.9240381  5.8702046E+12    0.0052867
     130  1.2651678E-04  5.9182735  5.8619443E+12    0.0052840
     131  1.2706802E-04  5.9068089  5.8453108E+12    0.0052789
     132  1.2817048E-04  5.8841322  5.8116302E+12    0.0052688
     133  1.2968326E-04  5.8535436  5.7646507E+12    0.0052558
     134  1.3123017E-04  5.8228649  5.7159039E+12    0.0052433
     135  1.3279845E-04  5.7923460  5.6659831E+12    0.0052312
     136  1.3438894E-04  5.7619592  5.6150741E+12    0.0052196
     137  1.3600312E-04  5.7316637  5.5633530E+12    0.0052084
     138  1.3764267E-04  5.7014150  5.5110015E+12    0.0051975
     139  1.3930947E-04  5.6711648  5.4582092E+12    0.0051867
     140  1.4100562E-04  5.6408605  5.4051752E+12    0.0051760
     141  1.4273350E-04  5.6104442  5.3521103E+12    0.0051652
     142  1.4446827E-04  5.5803267  5.3000539E+12    0.0051545
     143  1.4622985E-04  5.5501317  5.2486875E+12    0.0051435
     144  1.4802187E-04  5.5197726  5.1982238E+12    0.0051320
     145  1.4981022E-04  5.4897920  5.1499038E+12    0.0051203
     146  1.5100000E-04  5.4700000  5.1190000E+12    0.0051122
     147  1.5283219E-04  5.4399695  5.0731937E+12    0.0050996
     148  1.5473168E-04  5.4095468  5.0276054E+12    0.0050865
     149  1.5667795E-04  5.3790439  4.9826512E+12    0.0050732

#-- 1:it 2:time[s] 3:T9[GK] 4:rho[g/cm3] 5:entropy[kB/baryon]
     150  1.5866846E-04  5.3484625  4.9382562E+12    0.0050597
     151  1.6070055E-04  5.3177941  4.8943169E+12    0.0050459
     152  1.6277080E-04  5.2870304  4.8507169E+12    0.0050319
     153  1.6487500E-04  5.2561638  4.8073294E+12    0.0050177
     154  1.6700815E-04  5.2251879  4.7640197E+12    0.0050035
     155  1.6916456E-04  5.1940981  4.7206482E+12    0.0049891
     156  1.7133797E-04  5.1628919  4.6770751E+12    0.0049747
     157  1.7352167E-04  5.1315687  4.6331643E+12    0.0049603
     158  1.7561399E-04  5.1014956  4.5907235E+12    0.0049466
     159  1.7700000E-04  5.0815000  4.5623000E+12    0.0049376
     160  1.7905214E-04  5.0517246  4.5203839E+12    0.0049240
     161  1.8114044E-04  5.0212696  4.4784241E+12    0.0049097
     162  1.8324652E-04  4.9905087  4.4366587E+12    0.0048951
     163  1.8536364E-04  4.9596504  4.3950765E+12    0.0048804
     164  1.8748445E-04  4.9289123  4.3536743E+12    0.0048657
     165  1.8961950E-04  4.8982522  4.3121004E+12    0.0048511
     166  1.9176882E-04  4.8677835  4.2702109E+12    0.0048369
     167  1.9393210E-04  4.8376254  4.2278682E+12    0.0048231
     168  1.9577834E-04  4.8123701  4.1914836E+12    0.0048119
     169  1.9761537E-04  4.7877495  4.1549683E+12    0.0048015
     170  1.9945756E-04  4.7636317  4.1179589E+12    0.0047918
     171  2.0130574E-04  4.7400725  4.0803600E+12    0.0047829
     172  2.0200000E-04  4.7314000  4.0661000E+12    0.0047798
     173  2.0338851E-04  4.7143819  4.0371875E+12    0.0047741
     174  2.0522545E-04  4.6925111  3.9981064E+12    0.0047675
     175  2.0708361E-04  4.6710402  3.9578464E+12    0.0047620
     176  2.0894560E-04  4.6500830  3.9170217E+12    0.0047572
     177  2.1081394E-04  4.6295156  3.8758188E+12    0.0047531
     178  2.1269205E-04  4.6092071  3.8343986E+12    0.0047494
     179  2.1458340E-04  4.5890274  3.7929186E+12    0.0047460
     180  2.1649147E-04  4.5688456  3.7515376E+12    0.0047427
     181  2.1841983E-04  4.5485280  3.7104177E+12    0.0047392
     182  2.2037218E-04  4.5279355  3.6697280E+12    0.0047353
     183  2.2235238E-04  4.5069213  3.6296480E+12    0.0047309
     184  2.2436453E-04  4.4853280  3.5903716E+12    0.0047255
     185  2.2640488E-04  4.4630745  3.5522597E+12    0.0047191
     186  2.2700000E-04  4.4565000  3.5415000E+12    0.0047169
     187  2.2819024E-04  4.4432611  3.5203934E+12    0.0047124
     188  2.3027186E-04  4.4199077  3.4845787E+12    0.0047039
     189  2.3242575E-04  4.3955450  3.4488343E+12    0.0046943
     190  2.3462133E-04  4.3705875  3.4135846E+12    0.0046839
     191  2.3685757E-04  4.3451274  3.3787208E+12    0.0046727
     192  2.3913453E-04  4.3192523  3.3441035E+12    0.0046611
     193  2.4145232E-04  4.2930571  3.3095809E+12    0.0046491
     194  2.4381099E-04  4.2666448  3.2749894E+12    0.0046370
     195  2.4621063E-04  4.2401259  3.2401533E+12    0.0046248
     196  2.4865132E-04  4.2136193  3.2048850E+12    0.0046129
     197  2.5113314E-04  4.1872515  3.1689853E+12    0.0046016
     198  2.5200000E-04  4.1782000  3.1564000E+12    0.0045978
     199  2.5373371E-04  4.1603318  3.1314153E+12    0.0045904

#-- 1:it 2:time[s] 3:T9[GK] 4:rho[g/cm3] 5:entropy[kB/baryon]
     200  2.5627786E-04  4.1345983  3.0954599E+12    0.0045799
     201  2.5891406E-04  4.1084539  3.0589148E+12    0.0045692
     202  2.6161559E-04  4.0821033  3.0220101E+12    0.0045586
     203  2.6437718E-04  4.0555163  2.9846460E+12    0.0045480
     204  2.6719341E-04  4.0286500  2.9467052E+12    0.0045375
     205  2.7005809E-04  4.0014567  2.9080659E+12    0.0045270
     206  2.7296445E-04  3.9738845  2.8686051E+12    0.0045166
     207  2.7588694E-04  3.9460531  2.8284560E+12    0.0045064
     208  2.7700000E-04  3.9354000  2.8130000E+12    0.0045025
     209  2.7922612E-04  3.9138951  2.7816150E+12    0.0044949
     210  2.8215999E-04  3.8851909  2.7393894E+12    0.0044851
     211  2.8513481E-04  3.8559004  2.6960440E+12    0.0044753
     212  2.8745492E-04  3.8330885  2.6621843E+12    0.0044678
     213  2.8951324E-04  3.8129773  2.6323021E+12    0.0044613
     214  2.9154812E-04  3.7932939  2.6030564E+12    0.0044550
     215  2.9358130E-04  3.7738999  2.5742656E+12    0.0044489
     216  2.9562221E-04  3.7547805  2.5459288E+12    0.0044429
     217  2.9767990E-04  3.7359311  2.5180574E+12    0.0044371
     218  2.9976406E-04  3.7173516  2.4906677E+12    0.0044314
     219  3.0188548E-04  3.6990460  2.4637818E+12    0.0044257
     220  3.0300000E-04  3.6897000  2.4501000E+12    0.0044229
     221  3.0516504E-04  3.6721880  2.4242777E+12    0.0044177
     222  3.0743055E-04  3.6547163  2.3981298E+12    0.0044128
     223  3.0975697E-04  3.6375000  2.3720888E+12    0.0044082
     224  3.1213688E-04  3.6204548  2.3461751E+12    0.0044039
     225  3.1456179E-04  3.6034752  2.3204009E+12    0.0043997
     226  3.1702099E-04  3.5864474  2.2947844E+12    0.0043954
     227  3.1950174E-04  3.5692550  2.2693511E+12    0.0043908
     228  3.2198974E-04  3.5517861  2.2441320E+12    0.0043859
     229  3.2446993E-04  3.5339401  2.2191631E+12    0.0043804
     230  3.2692732E-04  3.5156345  2.1944821E+12    0.0043742
     231  3.2800000E-04  3.5074000  2.1837000E+12    0.0043712
     232  3.3014537E-04  3.4904708  2.1620583E+12    0.0043648
     233  3.3248826E-04  3.4714131  2.1383609E+12    0.0043572
     234  3.3480661E-04  3.4521293  2.1149696E+12    0.0043491
     235  3.3702246E-04  3.4334495  2.0927773E+12    0.0043410
     236  3.3922275E-04  3.4147970  2.0710005E+12    0.0043327
     237  3.4142293E-04  3.3961726  2.0495777E+12    0.0043242
     238  3.4363437E-04  3.3776093  2.0284916E+12    0.0043156
     239  3.4551171E-04  3.3620679  2.0110075E+12    0.0043083
     240  3.4739515E-04  3.3467578  1.9939059E+12    0.0043011
     241  3.4930850E-04  3.3315712  1.9770346E+12    0.0042939
     242  3.5126177E-04  3.3165289  1.9603858E+12    0.0042868
     243  3.5300000E-04  3.3036000  1.9461000E+12    0.0042806
     244  3.5505017E-04  3.2889273  1.9300546E+12    0.0042736
     245  3.5719366E-04  3.2741569  1.9142141E+12    0.0042663
     246  3.5943278E-04  3.2592366  1.8984886E+12    0.0042587
     247  3.6176025E-04  3.2441529  1.8828151E+12    0.0042509
     248  3.6416295E-04  3.2288994  1.8671205E+12    0.0042430
     249  3.6662163E-04  3.2134785  1.8513260E+12    0.0042349

#-- 1:it 2:time[s] 3:T9[GK] 4:rho[g/cm3] 5:entropy[kB/baryon]
     250  3.6911155E-04  3.1979046  1.8353549E+12    0.0042268
     251  3.7160448E-04  3.1822037  1.8191427E+12    0.0042187
     252  3.7407178E-04  3.1664114  1.8026444E+12    0.0042107
     253  3.7648776E-04  3.1505674  1.7858379E+12    0.0042030
     254  3.7800000E-04  3.1404000  1.7749000E+12    0.0041981
     255  3.8023258E-04  3.1249525  1.7580865E+12    0.0041909
     256  3.8243502E-04  3.1092664  1.7408556E+12    0.0041838
     257  3.8457606E-04  3.0937195  1.7236777E+12    0.0041769
     258  3.8667928E-04  3.0782789  1.7065618E+12    0.0041700
     259  3.8872758E-04  3.0631884  1.6898142E+12    0.0041634
     260  3.9072780E-04  3.0484999  1.6735204E+12    0.0041570
     261  3.9270037E-04  3.0341517  1.6576345E+12    0.0041508
     262  3.9466254E-04  3.0201011  1.6421274E+12    0.0041447
     263  3.9663075E-04  3.0063146  1.6269790E+12    0.0041387
     264  3.9862198E-04  2.9927654  1.6121767E+12    0.0041328
     265  4.0063604E-04  2.9795551  1.5978484E+12    0.0041270
     266  4.0269848E-04  2.9666325  1.5839578E+12    0.0041213
     267  4.0300000E-04  2.9648000  1.5820000E+12    0.0041204
     268  4.0360303E-04  2.9611781  1.5781337E+12    0.0041188
     269  4.0480910E-04  2.9540943  1.5705732E+12    0.0041156
     270  4.0722123E-04  2.9405052  1.5560791E+12    0.0041096
     271  4.0972925E-04  2.9270688  1.5417719E+12    0.0041036
     272  4.1235045E-04  2.9136165  1.5274905E+12    0.0040977
     273  4.1506664E-04  2.9001323  1.5132434E+12    0.0040917
     274  4.1785073E-04  2.8865979  1.4990414E+12    0.0040857
     275  4.2066503E-04  2.8730112  1.4849139E+12    0.0040796
     276  4.2346482E-04  2.8593903  1.4709086E+12    0.0040733
     277  4.2682517E-04  2.8426309  1.4539221E+12    0.0040654
     278  4.2900000E-04  2.8314000  1.4427000E+12    0.0040600
     279  4.3207951E-04  2.8151151  1.4266587E+12    0.0040520
     280  4.3499646E-04  2.7995173  1.4115202E+12    0.0040441
     281  4.3784298E-04  2.7841904  1.3968230E+12    0.0040363
     282  4.4062940E-04  2.7691368  1.3825291E+12    0.0040284
     283  4.4336683E-04  2.7543463  1.3685947E+12    0.0040207
     284  4.4601879E-04  2.7400585  1.3552141E+12    0.0040132
     285  4.4859371E-04  2.7262622  1.3423486E+12    0.0040059
     286  4.5110520E-04  2.7129129  1.3299327E+12    0.0039988
     287  4.5356461E-04  2.6999744  1.3179128E+12    0.0039920
     288  4.5400000E-04  2.6977000  1.3158000E+12    0.0039908
     289  4.5487079E-04  2.6931494  1.3115857E+12    0.0039884
     290  4.5661236E-04  2.6840142  1.3031972E+12    0.0039835
     291  4.5899266E-04  2.6714845  1.2918179E+12    0.0039767
     292  4.6129359E-04  2.6593656  1.2809116E+12    0.0039701
     293  4.6355019E-04  2.6475155  1.2703043E+12    0.0039635
     294  4.6576909E-04  2.6359363  1.2599594E+12    0.0039571
     295  4.6795710E-04  2.6246254  1.2498408E+12    0.0039509
     296  4.7012039E-04  2.6135815  1.2399162E+12    0.0039449
     297  4.7226465E-04  2.6028040  1.2301568E+12    0.0039392
     298  4.7439526E-04  2.5922937  1.2205358E+12    0.0039337
     299  4.7651739E-04  2.5820526  1.2110281E+12    0.0039286

#-- 1:it 2:time[s] 3:T9[GK] 4:rho[g/cm3] 5:entropy[kB/baryon]
     300  4.7863611E-04  2.5720842  1.2016101E+12    0.0039238
     301  4.7900000E-04  2.5704000  1.2000000E+12    0.0039230
     302  4.7972779E-04  2.5670668  1.1967862E+12    0.0039215
     303  4.8118336E-04  2.5605504  1.1903844E+12    0.0039186
     304  4.8335707E-04  2.5511440  1.1808878E+12    0.0039148
     305  4.8551364E-04  2.5421221  1.1715408E+12    0.0039115
     306  4.8768524E-04  2.5332673  1.1622035E+12    0.0039085
     307  4.8986204E-04  2.5245405  1.1529186E+12    0.0039056
     308  4.9203558E-04  2.5158949  1.1437217E+12    0.0039028
     309  4.9419688E-04  2.5072863  1.1346496E+12    0.0039000
     310  4.9633696E-04  2.4986745  1.1257377E+12    0.0038970
     311  4.9844691E-04  2.4900261  1.1170202E+12    0.0038938
     312  5.0051753E-04  2.4813184  1.1085311E+12    0.0038902
     313  5.0254388E-04  2.4725224  1.1002864E+12    0.0038862
     314  5.0400000E-04  2.4660000  1.0944000E+12    0.0038830
     315  5.0595522E-04  2.4569270  1.0865353E+12    0.0038782
     316  5.0783248E-04  2.4479037  1.0790215E+12    0.0038730
     317  5.1011980E-04  2.4365912  1.0699223E+12    0.0038662
     318  5.1231503E-04  2.4255063  1.0612543E+12    0.0038592
     319  5.1445593E-04  2.4145779  1.0528687E+12    0.0038521
     320  5.1655956E-04  2.4038160  1.0447003E+12    0.0038451
     321  5.1864087E-04  2.3932290  1.0366936E+12    0.0038381
     322  5.2071340E-04  2.3828276  1.0288001E+12    0.0038313
     323  5.2279021E-04  2.3726250  1.0209749E+12    0.0038248
     324  5.2488474E-04  2.3626377  1.0131737E+12    0.0038186
     325  5.2701166E-04  2.3528872  1.0053500E+12    0.0038128
     326  5.2900000E-04  2.3442000  9.9813000E+11    0.0038080
     327  5.3125212E-04  2.3348251  9.9007700E+11    0.0038032
     328  5.3356473E-04  2.3255880  9.8194589E+11    0.0037988
     329  5.3591813E-04  2.3165354  9.7379704E+11    0.0037947
     330  5.3830712E-04  2.3076444  9.6563626E+11    0.0037909
     331  5.4072402E-04  2.2988945  9.5747565E+11    0.0037874
     332  5.4315978E-04  2.2902634  9.4933009E+11    0.0037842
     333  5.4560414E-04  2.2817287  9.4121708E+11    0.0037811
     334  5.4804599E-04  2.2732681  9.3315604E+11    0.0037780
     335  5.5047388E-04  2.2648609  9.2516751E+11    0.0037751
     336  5.5287650E-04  2.2564884  9.1727207E+11    0.0037721
     337  5.5500000E-04  2.2490000  9.1029000E+11    0.0037693
     338  5.5733595E-04  2.2407715  9.0252761E+11    0.0037664
     339  5.5961978E-04  2.2328422  8.9483201E+11    0.0037640
     340  5.6187451E-04  2.2250981  8.8718788E+11    0.0037619
     341  5.6410643E-04  2.2174884  8.7962827E+11    0.0037599
     342  5.6664837E-04  2.2088568  8.7109138E+11    0.0037576
     343  5.6921068E-04  2.2001574  8.6263401E+11    0.0037552
     344  5.7179070E-04  2.1913614  8.5433933E+11    0.0037525
     345  5.7440065E-04  2.1823876  8.4624460E+11    0.0037492
     346  5.7705453E-04  2.1731450  8.3838969E+11    0.0037452
     347  5.7974446E-04  2.1636152  8.3088626E+11    0.0037401
     348  5.8000000E-04  2.1627000  8.3020000E+11    0.0037396
     349  5.8051107E-04  2.1608623  8.2884525E+11    0.0037385

#-- 1:it 2:time[s] 3:T9[GK] 4:rho[g/cm3] 5:entropy[kB/baryon]
     350  5.8153322E-04  2.1571560  8.2621002E+11    0.0037361
     351  5.8357752E-04  2.1496355  8.2120650E+11    0.0037308
     352  5.8623260E-04  2.1397005  8.1514522E+11    0.0037229
     353  5.8883553E-04  2.1298425  8.0955421E+11    0.0037144
     354  5.9141816E-04  2.1200134  8.0421944E+11    0.0037055
     355  5.9459261E-04  2.1079635  7.9776727E+11    0.0036946
     356  5.9782504E-04  2.0958445  7.9109732E+11    0.0036838
     357  6.0105572E-04  2.0840065  7.8410103E+11    0.0036741
     358  6.0424484E-04  2.0727070  7.7665450E+11    0.0036660
     359  6.0500000E-04  2.0701000  7.7479000E+11    0.0036644
     360  6.0651032E-04  2.0649728  7.7093062E+11    0.0036615
     361  6.0945293E-04  2.0552767  7.6298822E+11    0.0036571
     362  6.1241801E-04  2.0458127  7.5458713E+11    0.0036540
     363  6.1535917E-04  2.0366284  7.4605089E+11    0.0036516
     364  6.1790311E-04  2.0287724  7.3864582E+11    0.0036498
     365  6.2044915E-04  2.0209261  7.3133413E+11    0.0036480
     366  6.2304273E-04  2.0128864  7.2410114E+11    0.0036457
     367  6.2571601E-04  2.0044832  7.1698972E+11    0.0036427
     368  6.2850561E-04  1.9955146  7.1006611E+11    0.0036383
     369  6.3000000E-04  1.9906000  7.0661000E+11    0.0036354
     370  6.3298879E-04  1.9805947  7.0027364E+11    0.0036282
     371  6.3622887E-04  1.9695771  6.9411511E+11    0.0036188
     372  6.3948930E-04  1.9583544  6.8843140E+11    0.0036082
     373  6.4275224E-04  1.9470309  6.8302724E+11    0.0035970
     374  6.4598682E-04  1.9357579  6.7772903E+11    0.0035856
     375  6.4916441E-04  1.9246773  6.7237522E+11    0.0035747
     376  6.5226045E-04  1.9139120  6.6682990E+11    0.0035647
     377  6.5525607E-04  1.9035582  6.6099038E+11    0.0035560
     378  6.5600000E-04  1.9010000  6.5945000E+11    0.0035540
     379  6.5748787E-04  1.8958566  6.5625500E+11    0.0035503
     380  6.6029967E-04  1.8859911  6.4986812E+11    0.0035435
     381  6.6292680E-04  1.8766690  6.4359739E+11    0.0035376
     382  6.6545103E-04  1.8676859  6.3740706E+11    0.0035321
     383  6.6791087E-04  1.8589684  6.3131529E+11    0.0035271
     384  6.7033625E-04  1.8504645  6.2533883E+11    0.0035222
     385  6.7275281E-04  1.8421357  6.1949552E+11    0.0035175
     386  6.7518501E-04  1.8339514  6.1380582E+11    0.0035129
     387  6.7765864E-04  1.8258859  6.0829507E+11    0.0035081
     388  6.8020372E-04  1.8179160  6.0299715E+11    0.0035031
     389  6.8100000E-04  1.8155000  6.0143000E+11    0.0035016
     390  6.8259256E-04  1.8108026  5.9843041E+11    0.0034984
     391  6.8548469E-04  1.8027017  5.9337724E+11    0.0034928
     392  6.8848318E-04  1.7947596  5.8854956E+11    0.0034871
     393  6.9161977E-04  1.7867837  5.8378817E+11    0.0034812
     394  6.9485626E-04  1.7787286  5.7901294E+11    0.0034752
     395  6.9811839E-04  1.7706016  5.7416605E+11    0.0034692
     396  7.0131011E-04  1.7624620  5.6922509E+11    0.0034634
     397  7.0434109E-04  1.7544015  5.6420767E+11    0.0034580
     398  7.0600000E-04  1.7498000  5.6128000E+11    0.0034550
     399  7.0867850E-04  1.7421095  5.5624989E+11    0.0034503

#-- 1:it 2:time[s] 3:T9[GK] 4:rho[g/cm3] 5:entropy[kB/baryon]
     400  7.1112640E-04  1.7348805  5.5138972E+11    0.0034462
     401  7.1340972E-04  1.7280081  5.4670081E+11    0.0034425
     402  7.1557586E-04  1.7214079  5.4217101E+11    0.0034390
     403  7.1765913E-04  1.7150167  5.3778786E+11    0.0034357
     404  7.1968505E-04  1.7087872  5.3354250E+11    0.0034324
     405  7.2167375E-04  1.7026833  5.2942964E+11    0.0034291
     406  7.2364222E-04  1.6966757  5.2544711E+11    0.0034257
     407  7.2560583E-04  1.6907393  5.2159569E+11    0.0034222
     408  7.2757956E-04  1.6848513  5.1787923E+11    0.0034185
     409  7.2957909E-04  1.6789897  5.1430519E+11    0.0034146
     410  7.3100000E-04  1.6749000  5.1190000E+11    0.0034117
     411  7.3310781E-04  1.6689013  5.0850903E+11    0.0034072
     412  7.3526313E-04  1.6628049  5.0520675E+11    0.0034022
     413  7.3746777E-04  1.6566124  5.0197819E+11    0.0033969
     414  7.3971736E-04  1.6503437  4.9881517E+11    0.0033913
     415  7.4200728E-04  1.6440194  4.9570674E+11    0.0033855
     416  7.4433215E-04  1.6376622  4.9264014E+11    0.0033795
     417  7.4668569E-04  1.6312969  4.8960139E+11    0.0033734
     418  7.4906068E-04  1.6249507  4.8657575E+11    0.0033674
     419  7.5220109E-04  1.6166868  4.8259409E+11    0.0033596
     420  7.5533373E-04  1.6085990  4.7859084E+11    0.0033523
     421  7.5600000E-04  1.6069000  4.7773000E+11    0.0033508
     422  7.5733253E-04  1.6035523  4.7602672E+11    0.0033478
     423  7.5999760E-04  1.5970822  4.7273779E+11    0.0033422
     424  7.6318732E-04  1.5896360  4.6895042E+11    0.0033357
     425  7.6644088E-04  1.5822386  4.6517524E+11    0.0033293
     426  7.6975076E-04  1.5747701  4.6134071E+11    0.0033229
     427  7.7364122E-04  1.5658639  4.5672744E+11    0.0033154
     428  7.7739129E-04  1.5569379  4.5205472E+11    0.0033081
     429  7.8093890E-04  1.5479952  4.4732641E+11    0.0033008
     430  7.8200000E-04  1.5452000  4.4584000E+11    0.0032985
     431  7.8412219E-04  1.5394234  4.4273011E+11    0.0032940
     432  7.8716714E-04  1.5307654  4.3797872E+11    0.0032874
     433  7.8998769E-04  1.5224598  4.3337100E+11    0.0032813
     434  7.9267433E-04  1.5143901  4.2888783E+11    0.0032754
     435  7.9527795E-04  1.5065061  4.2453230E+11    0.0032696
     436  7.9783529E-04  1.4987776  4.2031205E+11    0.0032638
     437  8.0037097E-04  1.4912011  4.1624713E+11    0.0032579
     438  8.0288973E-04  1.4838290  4.1238621E+11    0.0032520
     439  8.0544928E-04  1.4765629  4.0870140E+11    0.0032459
     440  8.0700000E-04  1.4723000  4.0661000E+11    0.0032422
     441  8.0976519E-04  1.4648650  4.0310874E+11    0.0032352
     442  8.1253311E-04  1.4575432  3.9982227E+11    0.0032280
     443  8.1534315E-04  1.4502315  3.9666595E+11    0.0032204
     444  8.1818916E-04  1.4429490  3.9361101E+11    0.0032126
     445  8.2106685E-04  1.4357089  3.9062378E+11    0.0032048
     446  8.2397121E-04  1.4285258  3.8766923E+11    0.0031969
     447  8.2689664E-04  1.4214144  3.8471144E+11    0.0031893
     448  8.2983710E-04  1.4143895  3.8171429E+11    0.0031819
     449  8.3200000E-04  1.4093000  3.7947000E+11    0.0031768

#-- 1:it 2:time[s] 3:T9[GK] 4:rho[g/cm3] 5:entropy[kB/baryon]
     450  8.3498955E-04  1.4024725  3.7634907E+11    0.0031703
     451  8.3798628E-04  1.3958970  3.7324680E+11    0.0031643
     452  8.4106181E-04  1.3893395  3.7008981E+11    0.0031585
     453  8.4418368E-04  1.3827899  3.6691266E+11    0.0031528
     454  8.4731938E-04  1.3762271  3.6374881E+11    0.0031470
     455  8.5043283E-04  1.3696366  3.6063414E+11    0.0031411
     456  8.5348856E-04  1.3630113  3.5760274E+11    0.0031349
     457  8.5645564E-04  1.3563518  3.5468313E+11    0.0031282
     458  8.5700000E-04  1.3551000  3.5415000E+11    0.0031269
     459  8.5808872E-04  1.3525694  3.5308524E+11    0.0031243
     460  8.6026615E-04  1.3474174  3.5096068E+11    0.0031187
     461  8.6298863E-04  1.3408361  3.4831613E+11    0.0031114
     462  8.6560986E-04  1.3343929  3.4578552E+11    0.0031041
     463  8.6817191E-04  1.3280334  3.4332989E+11    0.0030967
     464  8.7166119E-04  1.3193409  3.4001918E+11    0.0030865
     465  8.7504753E-04  1.3109488  3.3684921E+11    0.0030766
     466  8.7840212E-04  1.3027591  3.3375692E+11    0.0030669
     467  8.8175330E-04  1.2947776  3.3072121E+11    0.0030575
     468  8.8200000E-04  1.2942000  3.3050000E+11    0.0030569
     469  8.8249340E-04  1.2930469  3.3005869E+11    0.0030555
     470  8.8348020E-04  1.2907446  3.2918076E+11    0.0030528
     471  8.8545381E-04  1.2861560  3.2744242E+11    0.0030474
     472  8.8913414E-04  1.2776632  3.2425504E+11    0.0030373
     473  8.9272450E-04  1.2694693  3.2119981E+11    0.0030275
     474  8.9631225E-04  1.2613839  3.1818480E+11    0.0030178
     475  8.9989536E-04  1.2534234  3.1519682E+11    0.0030083
     476  9.0347618E-04  1.2455938  3.1221964E+11    0.0029991
     477  9.0705702E-04  1.2379015  3.0923771E+11    0.0029903
     478  9.0800000E-04  1.2359000  3.0845000E+11    0.0029880
     479  9.0988595E-04  1.2319412  3.0687279E+11    0.0029836
     480  9.1356887E-04  1.2243792  3.0379365E+11    0.0029754
     481  9.1719499E-04  1.2170991  3.0076974E+11    0.0029677
     482  9.2084549E-04  1.2098737  2.9774092E+11    0.0029602
     483  9.2449257E-04  1.2026984  2.9473775E+11    0.0029527
     484  9.2811309E-04  1.1955599  2.9178595E+11    0.0029452
     485  9.3168417E-04  1.1884485  2.8890973E+11    0.0029375
     486  9.3300000E-04  1.1858000  2.8786000E+11    0.0029346
     487  9.3563166E-04  1.1804935  2.8577378E+11    0.0029286
     488  9.3908923E-04  1.1735384  2.8305544E+11    0.0029208
     489  9.4247771E-04  1.1667229  2.8041631E+11    0.0029130
     490  9.4582928E-04  1.1599639  2.7783011E+11    0.0029052
     491  9.4913512E-04  1.1532628  2.7530269E+11    0.0028973
     492  9.5238902E-04  1.1466178  2.7283773E+11    0.0028894
     493  9.5558551E-04  1.1400276  2.7043817E+11    0.0028813
     494  9.5800000E-04  1.1350000  2.6864000E+11    0.0028751
     495  9.6111209E-04  1.1284851  2.6633582E+11    0.0028669
     496  9.6414241E-04  1.1221243  2.6410531E+11    0.0028588
     497  9.6713252E-04  1.1158188  2.6192049E+11    0.0028507
     498  9.7007705E-04  1.1095696  2.5978772E+11    0.0028425
     499  9.7297312E-04  1.1033737  2.5771110E+11    0.0028343

#-- 1:it 2:time[s] 3:T9[GK] 4:rho[g/cm3] 5:entropy[kB/baryon]
     500  9.7581822E-04  1.0972291  2.5569397E+11    0.0028259
     501  9.7861034E-04  1.0911339  2.5373895E+11    0.0028175
     502  9.8134795E-04  1.0850867  2.5184792E+11    0.0028089
     503  9.8300000E-04  1.0814000  2.5072000E+11    0.0028036
     504  9.8568726E-04  1.0753774  2.4888153E+11    0.0027949
     505  9.8828595E-04  1.0695403  2.4709051E+11    0.0027864
     506  9.9084809E-04  1.0637584  2.4532616E+11    0.0027780
     507  9.9351036E-04  1.0577078  2.4350880E+11    0.0027691
     508  9.9611983E-04  1.0517207  2.4175710E+11    0.0027601
     509  9.9867967E-04  1.0457800  2.4008013E+11    0.0027509
     510  1.0011874E-03  1.0398833  2.3848892E+11    0.0027414
     511  1.0036412E-03  1.0340285  2.3699214E+11    0.0027317
     512  1.0060399E-03  1.0282138  2.3559642E+11    0.0027217
     513  1.0083829E-03  1.0224382  2.3430658E+11    0.0027114
     514  1.0090000E-03  1.0209000  2.3398000E+11    0.0027085
     515  1.0102343E-03  1.0178101  2.3335078E+11    0.0027027
     516  1.0125219E-03  1.0120486  2.3227109E+11    0.0026916
     517  1.0147328E-03  1.0064337  2.3131511E+11    0.0026803
     518  1.0169114E-03  1.0008515  2.3043589E+11    0.0026687
     519  1.0190530E-03  0.9953130  2.2961269E+11    0.0026570
     520  1.0211370E-03  0.9898711  2.2883255E+11    0.0026454
     521  1.0231781E-03  0.9844880  2.2807170E+11    0.0026339
     522  1.0251776E-03  0.9791605  2.2731396E+11    0.0026225
     523  1.0271346E-03  0.9738920  2.2654613E+11    0.0026112
     524  1.0290486E-03  0.9686851  2.2575688E+11    0.0026002
     525  1.0309193E-03  0.9635416  2.2493663E+11    0.0025895
     526  1.0327470E-03  0.9584631  2.2407750E+11    0.0025790
     527  1.0340000E-03  0.9549500  2.2345000E+11    0.0025719
     528  1.0363572E-03  0.9482113  2.2219751E+11    0.0025585
     529  1.0385939E-03  0.9416513  2.2094362E+11    0.0025455
     530  1.0407492E-03  0.9352168  2.1968655E+11    0.0025328
     531  1.0428412E-03  0.9288990  2.1843068E+11    0.0025204
     532  1.0448843E-03  0.9226909  2.1717930E+11    0.0025082
     533  1.0468902E-03  0.9165871  2.1593516E+11    0.0024963
     534  1.0488690E-03  0.9105839  2.1470061E+11    0.0024846
     535  1.0508296E-03  0.9046781  2.1347775E+11    0.0024731
     536  1.0527802E-03  0.8988674  2.1226851E+11    0.0024617
     537  1.0547286E-03  0.8931505  2.1107479E+11    0.0024505
     538  1.0566827E-03  0.8875268  2.0989857E+11    0.0024395
     539  1.0588985E-03  0.8813103  2.0859857E+11    0.0024274
     540  1.0590000E-03  0.8810300  2.0854000E+11    0.0024268
     541  1.0592031E-03  0.8804700  2.0842282E+11    0.0024257
     542  1.0596093E-03  0.8793514  2.0818773E+11    0.0024235
     543  1.0604216E-03  0.8771203  2.0771486E+11    0.0024192
     544  1.0620464E-03  0.8726824  2.0676016E+11    0.0024105
     545  1.0643156E-03  0.8665409  2.0541344E+11    0.0023987
     546  1.0664952E-03  0.8607077  2.0411467E+11    0.0023874
     547  1.0686865E-03  0.8549110  2.0281342E+11    0.0023763
     548  1.0708892E-03  0.8491562  2.0151957E+11    0.0023652
     549  1.0731021E-03  0.8434507  2.0024348E+11    0.0023542

#-- 1:it 2:time[s] 3:T9[GK] 4:rho[g/cm3] 5:entropy[kB/baryon]
     550  1.0753143E-03  0.8378255  1.9900068E+11    0.0023432
     551  1.0775297E-03  0.8322747  1.9779827E+11    0.0023323
     552  1.0797511E-03  0.8267942  1.9664379E+11    0.0023213
     553  1.0819817E-03  0.8213799  1.9554492E+11    0.0023103
     554  1.0840000E-03  0.8165600  1.9461000E+11    0.0023003
     555  1.0862690E-03  0.8112055  1.9364559E+11    0.0022888
     556  1.0885339E-03  0.8059098  1.9277405E+11    0.0022772
     557  1.0908000E-03  0.8006718  1.9197346E+11    0.0022653
     558  1.0930701E-03  0.7954962  1.9122373E+11    0.0022535
     559  1.0953249E-03  0.7904368  1.9051201E+11    0.0022417
     560  1.0977388E-03  0.7851221  1.8976561E+11    0.0022294
     561  1.1001611E-03  0.7799063  1.8901090E+11    0.0022173
     562  1.1026009E-03  0.7747840  1.8822259E+11    0.0022057
     563  1.1050593E-03  0.7697675  1.8737725E+11    0.0021945
     564  1.1075383E-03  0.7648686  1.8645046E+11    0.0021840
     565  1.1090000E-03  0.7620600  1.8586000E+11    0.0021782
     566  1.1115718E-03  0.7573715  1.8473700E+11    0.0021691
     567  1.1141697E-03  0.7529777  1.8351445E+11    0.0021612
     568  1.1168968E-03  0.7486344  1.8216362E+11    0.0021539
     569  1.1197195E-03  0.7443191  1.8072274E+11    0.0021471
     570  1.1225980E-03  0.7399914  1.7924047E+11    0.0021405
     571  1.1254795E-03  0.7356161  1.7777538E+11    0.0021336
     572  1.1283064E-03  0.7311707  1.7638611E+11    0.0021262
     573  1.1310273E-03  0.7266497  1.7512054E+11    0.0021180
     574  1.1336052E-03  0.7220625  1.7400874E+11    0.0021090
     575  1.1350000E-03  0.7194300  1.7345000E+11    0.0021034
     576  1.1377896E-03  0.7138432  1.7243161E+11    0.0020910
     577  1.1406505E-03  0.7077605  1.7150113E+11    0.0020766
     578  1.1434193E-03  0.7016362  1.7067793E+11    0.0020616
     579  1.1461132E-03  0.6955462  1.6992021E+11    0.0020464
     580  1.1487567E-03  0.6895281  1.6919087E+11    0.0020313
     581  1.1513793E-03  0.6835951  1.6845555E+11    0.0020164
     582  1.1540068E-03  0.6777627  1.6768204E+11    0.0020019
     583  1.1566634E-03  0.6720534  1.6683752E+11    0.0019881
     584  1.1589367E-03  0.6673719  1.6604635E+11    0.0019771
     585  1.1600000E-03  0.6652600  1.6565000E+11    0.0019723
     586  1.1621267E-03  0.6611307  1.6480200E+11    0.0019632
     587  1.1644891E-03  0.6566344  1.6378586E+11    0.0019536
     588  1.1668846E-03  0.6521675  1.6269614E+11    0.0019445
     589  1.1693007E-03  0.6477509  1.6155771E+11    0.0019356
     590  1.1717358E-03  0.6433840  1.6039154E+11    0.0019270
     591  1.1741912E-03  0.6390615  1.5921778E+11    0.0019186
     592  1.1766685E-03  0.6347767  1.5805668E+11    0.0019102
     593  1.1791698E-03  0.6305227  1.5692899E+11    0.0019017
     594  1.1816976E-03  0.6262924  1.5585613E+11    0.0018931
     595  1.1842540E-03  0.6220783  1.5486053E+11    0.0018841
     596  1.1850000E-03  0.6208600  1.5459000E+11    0.0018815
     597  1.1864920E-03  0.6184383  1.5407191E+11    0.0018761
     598  1.1890720E-03  0.6142989  1.5323273E+11    0.0018667
     599  1.1917061E-03  0.6101398  1.5243889E+11    0.0018570

#-- 1:it 2:time[s] 3:T9[GK] 4:rho[g/cm3] 5:entropy[kB/baryon]
     600  1.1943829E-03  0.6059863  1.5168376E+11    0.0018471
     601  1.1971001E-03  0.6018498  1.5095665E+11    0.0018372
     602  1.1998586E-03  0.5977367  1.5024493E+11    0.0018272
     603  1.2026609E-03  0.5936516  1.4953466E+11    0.0018173
     604  1.2055105E-03  0.5895987  1.4881061E+11    0.0018075
     605  1.2084111E-03  0.5855819  1.4805622E+11    0.0017980
     606  1.2100000E-03  0.5834300  1.4763000E+11    0.0017930
     607  1.2129719E-03  0.5795620  1.4684252E+11    0.0017840
     608  1.2160336E-03  0.5757928  1.4606343E+11    0.0017753
     609  1.2192085E-03  0.5720437  1.4527253E+11    0.0017667
     610  1.2224976E-03  0.5682532  1.4445242E+11    0.0017580
     611  1.2258849E-03  0.5643656  1.4358653E+11    0.0017492
     612  1.2293415E-03  0.5603285  1.4265922E+11    0.0017402
     613  1.2328295E-03  0.5560944  1.4165692E+11    0.0017308
     614  1.2350000E-03  0.5533400  1.4099000E+11    0.0017248
     615  1.2384386E-03  0.5488013  1.3983550E+11    0.0017150
     616  1.2418346E-03  0.5441776  1.3859082E+11    0.0017053
     617  1.2451353E-03  0.5395933  1.3732222E+11    0.0016958
     618  1.2483058E-03  0.5351448  1.3608463E+11    0.0016866
     619  1.2513914E-03  0.5308073  1.3489356E+11    0.0016775
     620  1.2544249E-03  0.5265661  1.3376364E+11    0.0016684
     621  1.2574342E-03  0.5224101  1.3270920E+11    0.0016593
     622  1.2604451E-03  0.5183310  1.3174564E+11    0.0016500
     623  1.2610000E-03  0.5175900  1.3158000E+11    0.0016482
     624  1.2621097E-03  0.5161114  1.3125823E+11    0.0016447
     625  1.2643292E-03  0.5131541  1.3064521E+11    0.0016376
     626  1.2674169E-03  0.5090482  1.2985042E+11    0.0016274
     627  1.2704382E-03  0.5050525  1.2912441E+11    0.0016172
     628  1.2734402E-03  0.5011162  1.2843924E+11    0.0016070
     629  1.2764273E-03  0.4972452  1.2777962E+11    0.0015969
     630  1.2794052E-03  0.4934430  1.2713068E+11    0.0015869
     631  1.2823800E-03  0.4897125  1.2647812E+11    0.0015772
     632  1.2853581E-03  0.4860566  1.2580789E+11    0.0015677
     633  1.2860000E-03  0.4852800  1.2566000E+11    0.0015658
     634  1.2872838E-03  0.4837322  1.2536310E+11    0.0015618
     635  1.2898513E-03  0.4806478  1.2477129E+11    0.0015539
     636  1.2928436E-03  0.4770843  1.2408491E+11    0.0015448
     637  1.2957975E-03  0.4736148  1.2341094E+11    0.0015360
     638  1.2987475E-03  0.4702129  1.2274144E+11    0.0015273
     639  1.3017062E-03  0.4668795  1.2207360E+11    0.0015188
     640  1.3046878E-03  0.4636145  1.2140432E+11    0.0015105
     641  1.3077079E-03  0.4604187  1.2073028E+11    0.0015025
     642  1.3107842E-03  0.4572939  1.2004772E+11    0.0014947
     643  1.3110000E-03  0.4570800  1.2000000E+11    0.0014942
     644  1.3114316E-03  0.4566546  1.1990459E+11    0.0014931
     645  1.3122947E-03  0.4558135  1.1971382E+11    0.0014911
     646  1.3140209E-03  0.4541671  1.1933265E+11    0.0014871
     647  1.3173820E-03  0.4510837  1.1859248E+11    0.0014797
     648  1.3207528E-03  0.4481244  1.1785404E+11    0.0014727
     649  1.3242214E-03  0.4451823  1.1709971E+11    0.0014658

#-- 1:it 2:time[s] 3:T9[GK] 4:rho[g/cm3] 5:entropy[kB/baryon]
     650  1.3277552E-03  0.4422558  1.1633854E+11    0.0014590
     651  1.3313207E-03  0.4393380  1.1557961E+11    0.0014521
     652  1.3348786E-03  0.4364244  1.1483290E+11    0.0014453
     653  1.3360000E-03  0.4355000  1.1460000E+11    0.0014431
     654  1.3382427E-03  0.4336813  1.1413858E+11    0.0014387
     655  1.3417982E-03  0.4309114  1.1341842E+11    0.0014322
     656  1.3453916E-03  0.4281963  1.1270174E+11    0.0014259
     657  1.3490454E-03  0.4254564  1.1198102E+11    0.0014194
     658  1.3526766E-03  0.4226895  1.1126935E+11    0.0014128
     659  1.3562055E-03  0.4198986  1.1057894E+11    0.0014060
     660  1.3595666E-03  0.4170953  1.0991973E+11    0.0013990
     661  1.3620000E-03  0.4149500  1.0944000E+11    0.0013935
     662  1.3649914E-03  0.4121499  1.0884777E+11    0.0013861
     663  1.3687959E-03  0.4083709  1.0809330E+11    0.0013759
     664  1.3724023E-03  0.4046501  1.0737842E+11    0.0013658
     665  1.3758405E-03  0.4010567  1.0669864E+11    0.0013558
     666  1.3791873E-03  0.3975844  1.0603987E+11    0.0013462
     667  1.3825075E-03  0.3942272  1.0539038E+11    0.0013369
     668  1.3858590E-03  0.3909879  1.0474000E+11    0.0013280
     669  1.3870000E-03  0.3899300  1.0452000E+11    0.0013252
     670  1.3892820E-03  0.3878569  1.0408161E+11    0.0013196
     671  1.3928168E-03  0.3847113  1.0340591E+11    0.0013111
     672  1.3964580E-03  0.3815533  1.0271422E+11    0.0013026
     673  1.4001642E-03  0.3784227  1.0201477E+11    0.0012942
     674  1.4039288E-03  0.3753274  1.0130914E+11    0.0012860
     675  1.4077194E-03  0.3722950  1.0060362E+11    0.0012780
 Evolution mode: switching on heating
     676  1.4113108E-03  0.3694983  9.9939847E+10    0.0012706
     677  1.4114831E-03  0.3812510  9.9908119E+10    0.0013150
     678  1.4116554E-03  0.3927195  9.9876402E+10    0.0013582
     679  1.4118434E-03  0.4049114  9.9841812E+10    0.0014039
     680  1.4119519E-03  0.4118562  9.9821842E+10    0.0014299
     681  1.4120000E-03  0.4149133  9.9813000E+10    0.0014414
     682  1.4120764E-03  0.4197191  9.9798956E+10    0.0014593
     683  1.4121268E-03  0.4228756  9.9789672E+10    0.0014711
     684  1.4121770E-03  0.4259917  9.9780445E+10    0.0014827
     685  1.4122284E-03  0.4291604  9.9770999E+10    0.0014946
     686  1.4122798E-03  0.4323065  9.9761556E+10    0.0015063
     687  1.4123277E-03  0.4352234  9.9752746E+10    0.0015171
     688  1.4123729E-03  0.4379608  9.9744430E+10    0.0015273
     689  1.4124161E-03  0.4405551  9.9736503E+10    0.0015370
     690  1.4124575E-03  0.4430353  9.9728884E+10    0.0015462
     691  1.4124977E-03  0.4454248  9.9721506E+10    0.0015551
     692  1.4125368E-03  0.4477435  9.9714310E+10    0.0015637
     693  1.4125753E-03  0.4500085  9.9707246E+10    0.0015721
     694  1.4126133E-03  0.4522355  9.9700268E+10    0.0015804
     695  1.4126510E-03  0.4544391  9.9693330E+10    0.0015886
     696  1.4126888E-03  0.4566332  9.9686390E+10    0.0015967
     697  1.4127268E-03  0.4588317  9.9679404E+10    0.0016049
     698  1.4127654E-03  0.4610487  9.9672325E+10    0.0016131
     699  1.4128047E-03  0.4632989  9.9665108E+10    0.0016215

#-- 1:it 2:time[s] 3:T9[GK] 4:rho[g/cm3] 5:entropy[kB/baryon]
     700  1.4128450E-03  0.4655975  9.9657700E+10    0.0016300
     701  1.4128867E-03  0.4679610  9.9650045E+10    0.0016388
     702  1.4129300E-03  0.4704069  9.9642085E+10    0.0016478
     703  1.4129754E-03  0.4729533  9.9633754E+10    0.0016573
     704  1.4130232E-03  0.4756188  9.9624988E+10    0.0016671
     705  1.4130737E-03  0.4784215  9.9615719E+10    0.0016775
     706  1.4131272E-03  0.4813775  9.9605886E+10    0.0016884
     707  1.4131841E-03  0.4844994  9.9595439E+10    0.0017000
     708  1.4132446E-03  0.4877943  9.9584343E+10    0.0017122
     709  1.4133087E-03  0.4912630  9.9572584E+10    0.0017250
     710  1.4133764E-03  0.4948997  9.9560170E+10    0.0017384
     711  1.4134475E-03  0.4986940  9.9547127E+10    0.0017525
     712  1.4135218E-03  0.5026329  9.9533488E+10    0.0017670
     713  1.4135992E-03  0.5067031  9.9519289E+10    0.0017820
     714  1.4136796E-03  0.5108934  9.9504561E+10    0.0017975
     715  1.4137627E-03  0.5151947  9.9489326E+10    0.0018134
     716  1.4138484E-03  0.5196002  9.9473601E+10    0.0018296
     717  1.4139369E-03  0.5241054  9.9457393E+10    0.0018462
     718  1.4140279E-03  0.5287070  9.9440707E+10    0.0018632
     719  1.4141149E-03  0.5330708  9.9424767E+10    0.0018793
     720  1.4142038E-03  0.5374961  9.9408483E+10    0.0018956
     721  1.4142947E-03  0.5419874  9.9391833E+10    0.0019121
     722  1.4143878E-03  0.5465512  9.9374790E+10    0.0019289
     723  1.4144831E-03  0.5511897  9.9357341E+10    0.0019460
     724  1.4145807E-03  0.5559047  9.9339474E+10    0.0019633
     725  1.4146807E-03  0.5606983  9.9321177E+10    0.0019810
     726  1.4147831E-03  0.5655724  9.9302438E+10    0.0019989
     727  1.4148880E-03  0.5705293  9.9283245E+10    0.0020171
     728  1.4149955E-03  0.5755711  9.9263586E+10    0.0020356
     729  1.4151056E-03  0.5807003  9.9243449E+10    0.0020545
     730  1.4152184E-03  0.5859193  9.9222822E+10    0.0020737
     731  1.4153339E-03  0.5912307  9.9201694E+10    0.0020932
     732  1.4154524E-03  0.5966373  9.9180053E+10    0.0021131
     733  1.4155737E-03  0.6021418  9.9157889E+10    0.0021333
     734  1.4156982E-03  0.6077594  9.9135144E+10    0.0021539
     735  1.4158261E-03  0.6135014  9.9111775E+10    0.0021750
     736  1.4159572E-03  0.6193537  9.9087847E+10    0.0021965
     737  1.4160913E-03  0.6253195  9.9063355E+10    0.0022184
     738  1.4162286E-03  0.6314027  9.9038298E+10    0.0022407
     739  1.4163691E-03  0.6376075  9.9012674E+10    0.0022634
     740  1.4165126E-03  0.6439383  9.8986486E+10    0.0022867
     741  1.4166488E-03  0.6499376  9.8961655E+10    0.0023087
     742  1.4167712E-03  0.6553288  9.8939348E+10    0.0023284
     743  1.4168825E-03  0.6602381  9.8919054E+10    0.0023465
     744  1.4169848E-03  0.6647554  9.8900411E+10    0.0023630
     745  1.4170795E-03  0.6689471  9.8883146E+10    0.0023784
     746  1.4171679E-03  0.6728639  9.8867052E+10    0.0023927
     747  1.4172507E-03  0.6765453  9.8851966E+10    0.0024062
     748  1.4173287E-03  0.6800228  9.8837758E+10    0.0024190
     749  1.4174025E-03  0.6833220  9.8824321E+10    0.0024311

#-- 1:it 2:time[s] 3:T9[GK] 4:rho[g/cm3] 5:entropy[kB/baryon]
     750  1.4174726E-03  0.6864641  9.8811568E+10    0.0024426
     751  1.4175393E-03  0.6894665  9.8799425E+10    0.0024536
     752  1.4176030E-03  0.6923442  9.8787829E+10    0.0024641
     753  1.4176640E-03  0.6951098  9.8776727E+10    0.0024743
     754  1.4177225E-03  0.6977744  9.8766073E+10    0.0024840
     755  1.4177788E-03  0.7003474  9.8755827E+10    0.0024935
