# 1:A 2:Y(A) 3:X(A)
    1     1.73056005022396E-09     1.73056005022396E-09
    2     2.93540875225861E-16     5.87081750451723E-16
    3     1.99819045287562E-08     5.99457135862685E-08
    4     4.45726704740378E-04     1.78290681896151E-03
    5     0.00000000000000E+00     0.00000000000000E+00
    6     1.44363285112766E-08     8.66179710676596E-08
    7     2.06155564395608E-09     1.44308895076925E-08
    8     0.00000000000000E+00     0.00000000000000E+00
    9     8.47960195285562E-07     7.63164175757006E-06
   10     3.68567201992912E-07     3.68567201992912E-06
   11     2.19974989346613E-08     2.41972488281275E-07
   12     6.93343083450455E-07     8.32011700140546E-06
   13     6.64794948880093E-08     8.64233433544121E-07
   14     5.59407870501542E-08     7.83171018702159E-07
   15     1.00006470733937E-05     1.50009706100906E-04
   16     1.99500445509241E-07     3.19200712814786E-06
   17     2.32749787608465E-09     3.95674638934391E-08
   18     1.85505443177417E-07     3.33909797719350E-06
   19     7.80302559517735E-07     1.48257486308370E-05
   20     9.44509001774089E-07     1.88901800354818E-05
   21     1.50007333103819E-07     3.15015399518020E-06
   22     4.19087534895298E-06     9.21992576769655E-05
   23     1.41141942031645E-09     3.24626466672783E-08
   24     2.34694027031810E-08     5.63265664876345E-07
   25     8.26536133102553E-08     2.06634033275638E-06
   26     5.13011436997345E-09     1.33382973619310E-07
   27     1.42892934387868E-09     3.85810922847244E-08
   28     1.12276516212575E-09     3.14374245395211E-08
   29     6.87010656678453E-10     1.99233090436751E-08
   30     1.49547905621833E-09     4.48643716865499E-08
   31     2.29152119518717E-09     7.10371570508022E-08
   32     8.81541005834674E-09     2.82093121867096E-07
   33     8.31473152716047E-09     2.74386140396296E-07
   34     1.11326834638112E-08     3.78511237769580E-07
   35     7.56764781597821E-09     2.64867673559237E-07
   36     2.12183544347447E-09     7.63860759650809E-08
   37     6.92813981107001E-09     2.56341173009590E-07
   38     3.77874714812559E-09     1.43592391628772E-07
   39     8.87083622594868E-10     3.45962612811999E-08
   40     1.69413833326130E-09     6.77655333304521E-08
   41     3.81005212891363E-09     1.56212137285459E-07
   42     3.98850247636698E-08     1.67517104007413E-06
   43     8.77424301937737E-09     3.77292449833227E-07
   44     1.03275640053834E-08     4.54412816236868E-07
   45     2.12089418847885E-08     9.54402384815484E-07
   46     1.24116770237708E-08     5.70937143093456E-07
   47     2.24445443581775E-09     1.05489358483434E-07
   48     2.53101337973037E-09     1.21488642227058E-07
   49     7.84767036194651E-10     3.84535847735379E-08
   50     2.77856898056050E-09     1.38928449028025E-07
   51     2.79331327507882E-09     1.42458977029020E-07
   52     4.56434516892861E-09     2.37345948784288E-07
   53     1.32874727063853E-09     7.04236053438421E-08
   54     7.25753599100664E-10     3.91906943514359E-08
   55     2.35300795471588E-10     1.29415437509373E-08
   56     6.86868304389435E-10     3.84646250458083E-08
   57     1.28095596319139E-09     7.30144899019090E-08
   58     9.40484022007186E-10     5.45480732764168E-08
   59     8.64908306492928E-10     5.10295900830827E-08
   60     6.51435142300681E-10     3.90861085380408E-08
   61     8.72538664686658E-10     5.32248585458861E-08
   62     2.68183534771430E-09     1.66273791558287E-07
   63     3.10211127270243E-09     1.95433010180253E-07
   64     1.55584428531023E-09     9.95740342598544E-08
   65     2.20286310731663E-09     1.43186101975581E-07
   66     1.41845923513035E-09     9.36183095186031E-08
   67     1.68393484766241E-09     1.12823634793382E-07
   68     1.05121135171158E-09     7.14823719163873E-08
   69     1.87373199200645E-09     1.29287507448445E-07
   70     9.68990667328540E-10     6.78293467129978E-08
   71     1.56872923600322E-09     1.11379775756229E-07
   72     1.12031869097286E-09     8.06629457500459E-08
   73     1.26542691122299E-09     9.23761645192780E-08
   74     8.23471777448650E-10     6.09369115312001E-08
   75     1.93330723017922E-09     1.44998042263441E-07
   76     6.57538544856068E-09     4.99729294090612E-07
   77     2.10145519054742E-08     1.61812049672151E-06
   78     1.30248143147675E-08     1.01593551655186E-06
   79     9.24922791566879E-09     7.30689005337835E-07
   80     1.76862433155563E-09     1.41489946524450E-07
   81     3.39290162893120E-09     2.74825031943427E-07
   82     1.73632082606747E-09     1.42378307737532E-07
   83     1.05205246380551E-09     8.73203544958571E-08
   84     1.26380921856225E-09     1.06159974359229E-07
   85     8.23970550098035E-10     7.00374967583330E-08
   86     1.34963262026456E-09     1.16068405342752E-07
   87     1.54956355273415E-09     1.34812029087871E-07
   88     1.68215786205554E-09     1.48029891860887E-07
   89     1.28362405831198E-09     1.14242541189766E-07
   90     9.49010318534569E-10     8.54109286681112E-08
   91     6.11272783811859E-10     5.56258233268791E-08
   92     6.92378874630884E-10     6.36988564660413E-08
   93     3.26545546501102E-10     3.03687358246025E-08
   94     1.82609237359617E-10     1.71652683118040E-08
   95     7.19429075478861E-10     6.83457621704918E-08
   96     4.92494211381472E-10     4.72794442926213E-08
   97     7.28599085232837E-10     7.06741112675852E-08
   98     4.66333062822715E-10     4.57006401566260E-08
   99     7.10453084231837E-10     7.03348553389519E-08
  100     4.97619566775085E-10     4.97619566775085E-08
  101     4.18639693865014E-10     4.22826090803664E-08
  102     8.64956224822512E-10     8.82255349318962E-08
  103     1.41228488665964E-09     1.45465343325943E-07
  104     2.62217464368429E-08     2.72706162943166E-06
  105     2.45475629477819E-09     2.57749410951710E-07
  106     3.86628992989604E-08     4.09826732568980E-06
  107     6.50889459652204E-10     6.96451721827858E-08
  108     1.12126862576655E-09     1.21097011582787E-07
  109     6.76057912216108E-10     7.36903124315558E-08
  110     8.82790323323677E-10     9.71069355656045E-08
  111     2.50693520751243E-09     2.78269808033880E-07
  112     2.30370833420584E-09     2.58015333431054E-07
  113     4.47919050643289E-09     5.06148527226916E-07
  114     1.31841748246845E-08     1.50299593001404E-06
  115     2.45215217894979E-08     2.81997500579226E-06
  116     2.31249495943430E-07     2.68249415294379E-05
  117     8.80014958222968E-07     1.02961750112087E-04
  118     2.46506717366044E-06     2.90877926491931E-04
  119     3.51266433925662E-06     4.18007056371538E-04
  120     6.01404680137673E-06     7.21685616165207E-04
  121     8.80495106955614E-06     1.06539907941629E-03
  122     9.57994014613649E-06     1.16875269782865E-03
  123     5.75830994579580E-06     7.08272123332883E-04
  124     1.03408695774639E-05     1.28226782760553E-03
  125     1.15801798296831E-05     1.44752247871039E-03
  126     3.46070729276765E-05     4.36049118888724E-03
  127     6.95961878877981E-05     8.83871586175036E-03
  128     2.15241062905448E-04     2.75508560518974E-02
  129     6.14562027931800E-04     7.92785016032022E-02
  130     5.23179138833748E-04     6.80132880483872E-02
  131     5.43443970258761E-04     7.11911601038977E-02
  132     3.31796214682179E-04     4.37971003380476E-02
  133     4.07070181729710E-04     5.41403341700514E-02
  134     1.40348026959810E-04     1.88066356126145E-02
  135     7.11560674789109E-05     9.60606910965297E-03
  136     1.16773484132528E-04     1.58811938420238E-02
  137     4.34598265583576E-06     5.95399623849498E-04
  138     4.63053981135685E-05     6.39014493967245E-03
  139     1.40534241380539E-05     1.95342595518950E-03
  140     4.48276331642241E-05     6.27586864299138E-03
  141     2.88987524815749E-05     4.07472409990206E-03
  142     1.56620780319032E-05     2.22401508053025E-03
  143     8.71938864571641E-06     1.24687257633745E-03
  144     3.11103091621901E-06     4.47988451935538E-04
  145     3.31852208296936E-06     4.81185702030558E-04
  146     1.82324922944858E-06     2.66194387499492E-04
  147     3.04786025966758E-06     4.48035458171134E-04
  148     1.70882990172098E-06     2.52906825454706E-04
  149     1.28149645167733E-06     1.90942971299922E-04
  150     1.56165226808136E-06     2.34247840212204E-04
  151     2.14542887386660E-06     3.23959759953856E-04
  152     2.13132673856483E-06     3.23961664261855E-04
  153     2.02751146215986E-06     3.10209253710458E-04
  154     2.52944037785565E-06     3.89533818189770E-04
  155     2.39980153644862E-06     3.71969238149536E-04
  156     3.56743148281212E-06     5.56519311318691E-04
  157     3.90809121072493E-06     6.13570320083813E-04
  158     7.52226935138040E-06     1.18851855751810E-03
  159     6.06441036656967E-06     9.64241248284578E-04
  160     1.21269869222033E-05     1.94031790755254E-03
  161     1.22419186359202E-05     1.97094890038315E-03
  162     1.71711710233788E-05     2.78172970578736E-03
  163     1.67447350241694E-05     2.72939180893961E-03
  164     1.68295118091150E-05     2.76003993669486E-03
  165     1.14515274629536E-05     1.88950203138734E-03
  166     8.88870422588487E-06     1.47552490149689E-03
  167     9.65875557056154E-06     1.61301218028378E-03
  168     8.48281639841525E-06     1.42511315493376E-03
  169     5.37199678247744E-06     9.07867456238687E-04
  170     7.98074580050146E-06     1.35672678608525E-03
  171     5.70078605804456E-06     9.74834415925620E-04
  172     6.85811463707162E-06     1.17959571757632E-03
  173     4.69392745542828E-06     8.12049449789093E-04
  174     8.06647991155240E-06     1.40356750461012E-03
  175     4.33396063361285E-06     7.58443110882248E-04
  176     8.14781932783267E-06     1.43401620169855E-03
  177     7.07607024546679E-06     1.25246443344762E-03
  178     1.24866359362993E-05     2.22262119666128E-03
  179     7.58910798510348E-06     1.35845032933352E-03
  180     9.89179209764735E-06     1.78052257757652E-03
  181     1.27832333691045E-05     2.31376523980791E-03
  182     1.25973632728485E-05     2.29272011565842E-03
  183     6.72165940214552E-06     1.23006367059263E-03
  184     7.59251240620143E-06     1.39702228274106E-03
  185     1.34196173849844E-08     2.48262921622211E-06
  186     3.69256771680241E-06     6.86817595325249E-04
  187     1.72388067336088E-05     3.22365685918485E-03
  188     3.37317256779252E-06     6.34156442744995E-04
  189     5.05900252683535E-06     9.56151477571881E-04
  190     1.49088625567221E-05     2.83268388577720E-03
  191     1.23821983010633E-06     2.36499987550308E-04
  192     6.71223283419318E-05     1.28874870416509E-02
  193     1.32875028916960E-04     2.56448805809732E-02
  194     2.46526292724383E-04     4.78261007885303E-02
  195     4.10546234262811E-04     8.00565156812482E-02
  196     3.20280662520171E-04     6.27750098539535E-02
  197     2.71535402838047E-04     5.34924743590952E-02
  198     1.33979977329788E-04     2.65280355112980E-02
  199     8.21425811445103E-05     1.63463736477575E-02
  200     1.34315486374626E-05     2.68630972749252E-03
  201     5.23198337659907E-06     1.05162865869641E-03
  202     7.51085651999889E-07     1.51719301703978E-04
  203     4.03235108200503E-07     8.18567269647021E-05
  204     2.13841013034507E-07     4.36235666590394E-05
  205     2.81263533873190E-07     5.76590244440039E-05
  206     4.02861966709958E-07     8.29895651422514E-05
  207     8.46780730201742E-06     1.75283611151761E-03
  208     1.40173666766995E-05     2.91561226875351E-03
  209     9.47708673347003E-06     1.98071112729524E-03
  210     7.01679460073451E-06     1.47352686615425E-03
  211     3.68025317872077E-11     7.76533420710083E-09
  212     1.39893472902394E-09     2.96574162553076E-07
  213     1.10044788411944E-13     2.34395399317440E-11
  214     1.74251376907407E-14     3.72897946581851E-12
  215     3.43600071180362E-17     7.38740153037779E-15
  216     4.84198461339843E-15     1.04586867649406E-12
  217     1.35360264335750E-18     2.93731773608577E-16
  218     1.10848556114724E-15     2.41649852330098E-13
  219     6.34088484802668E-14     1.38865378171784E-11
  220     1.85666042802808E-12     4.08465294166177E-10
  221     1.15215974895035E-14     2.54627304518027E-12
  222     2.12225632105078E-12     4.71140903273273E-10
  223     1.58194711704936E-08     3.52774207102007E-06
  224     1.04858361758341E-08     2.34882730338683E-06
  225     8.65168540821867E-11     1.94662921684920E-08
  226     9.85843219361405E-06     2.22800567575678E-03
  227     1.09850437786693E-05     2.49360493775794E-03
  228     1.64553151508902E-05     3.75181185440297E-03
  229     1.00442535772385E-05     2.30013406918761E-03
  230     1.43589285714816E-05     3.30255357144077E-03
  231     1.03354728906111E-05     2.38749423773117E-03
  232     1.10106589599299E-05     2.55447287870375E-03
  233     1.43223652342271E-05     3.33711109957492E-03
  234     2.61385851050246E-05     6.11642891457576E-03
  235     1.92264767670982E-05     4.51822204026808E-03
  236     3.98034387954519E-05     9.39361155572665E-03
  237     3.52017581031572E-05     8.34281667044826E-03
  238     5.26278411725539E-05     1.25254261990678E-02
  239     4.99776431360885E-05     1.19446567095252E-02
  240     6.04029821796914E-05     1.44967157231259E-02
  241     3.97925283889377E-05     9.58999934173398E-03
  242     3.70229130164239E-05     8.95954494997457E-03
  243     2.71666096969908E-05     6.60148615636877E-03
  244     2.79650313149907E-05     6.82346764085774E-03
  245     2.14584374241892E-05     5.25731716892635E-03
  246     2.89558016889893E-05     7.12312721549136E-03
  247     1.45109794793108E-05     3.58421193138977E-03
  248     3.19444198857290E-05     7.92221613166079E-03
  249     3.30201086675371E-05     8.22200705821674E-03
  250     2.94881527017816E-05     7.37203817544540E-03
  251     2.38648431613976E-05     5.99007563351081E-03
  252     1.66446282277760E-05     4.19444631339954E-03
  253     1.73508695264199E-11     4.38976999018423E-09
  254     1.97467508389272E-07     5.01567471308751E-05
  255     1.09152521888708E-09     2.78338930816204E-07
  256     0.00000000000000E+00     0.00000000000000E+00
  257     1.88732168683648E-11     4.85041673516975E-09
  258     0.00000000000000E+00     0.00000000000000E+00
  259     0.00000000000000E+00     0.00000000000000E+00
  260     0.00000000000000E+00     0.00000000000000E+00
  261     0.00000000000000E+00     0.00000000000000E+00
  262     0.00000000000000E+00     0.00000000000000E+00
  263     0.00000000000000E+00     0.00000000000000E+00
  264     0.00000000000000E+00     0.00000000000000E+00
  265     0.00000000000000E+00     0.00000000000000E+00
  266     0.00000000000000E+00     0.00000000000000E+00
  267     0.00000000000000E+00     0.00000000000000E+00
  268     0.00000000000000E+00     0.00000000000000E+00
  269     0.00000000000000E+00     0.00000000000000E+00
  270     0.00000000000000E+00     0.00000000000000E+00
  271     0.00000000000000E+00     0.00000000000000E+00
  272     0.00000000000000E+00     0.00000000000000E+00
  273     0.00000000000000E+00     0.00000000000000E+00
  274     0.00000000000000E+00     0.00000000000000E+00
  275     0.00000000000000E+00     0.00000000000000E+00
  276     0.00000000000000E+00     0.00000000000000E+00
  277     0.00000000000000E+00     0.00000000000000E+00
  278     0.00000000000000E+00     0.00000000000000E+00
  279     0.00000000000000E+00     0.00000000000000E+00
  280     0.00000000000000E+00     0.00000000000000E+00
  281     0.00000000000000E+00     0.00000000000000E+00
  282     0.00000000000000E+00     0.00000000000000E+00
  283     0.00000000000000E+00     0.00000000000000E+00
  284     0.00000000000000E+00     0.00000000000000E+00
  285     0.00000000000000E+00     0.00000000000000E+00
  286     0.00000000000000E+00     0.00000000000000E+00
  287     0.00000000000000E+00     0.00000000000000E+00
  288     0.00000000000000E+00     0.00000000000000E+00
  289     0.00000000000000E+00     0.00000000000000E+00
  290     0.00000000000000E+00     0.00000000000000E+00
  291     0.00000000000000E+00     0.00000000000000E+00
  292     0.00000000000000E+00     0.00000000000000E+00
  293     0.00000000000000E+00     0.00000000000000E+00
  294     0.00000000000000E+00     0.00000000000000E+00
  295     0.00000000000000E+00     0.00000000000000E+00
  296     0.00000000000000E+00     0.00000000000000E+00
  297     0.00000000000000E+00     0.00000000000000E+00
  298     0.00000000000000E+00     0.00000000000000E+00
  299     0.00000000000000E+00     0.00000000000000E+00
  300     0.00000000000000E+00     0.00000000000000E+00
  301     0.00000000000000E+00     0.00000000000000E+00
  302     0.00000000000000E+00     0.00000000000000E+00
  303     0.00000000000000E+00     0.00000000000000E+00
  304     0.00000000000000E+00     0.00000000000000E+00
  305     0.00000000000000E+00     0.00000000000000E+00
  306     0.00000000000000E+00     0.00000000000000E+00
  307     0.00000000000000E+00     0.00000000000000E+00
  308     0.00000000000000E+00     0.00000000000000E+00
  309     0.00000000000000E+00     0.00000000000000E+00
  310     0.00000000000000E+00     0.00000000000000E+00
  311     0.00000000000000E+00     0.00000000000000E+00
  312     0.00000000000000E+00     0.00000000000000E+00
  313     0.00000000000000E+00     0.00000000000000E+00
  314     0.00000000000000E+00     0.00000000000000E+00
  315     0.00000000000000E+00     0.00000000000000E+00
  316     0.00000000000000E+00     0.00000000000000E+00
  317     0.00000000000000E+00     0.00000000000000E+00
  318     0.00000000000000E+00     0.00000000000000E+00
  319     0.00000000000000E+00     0.00000000000000E+00
  320     0.00000000000000E+00     0.00000000000000E+00
  321     0.00000000000000E+00     0.00000000000000E+00
  322     0.00000000000000E+00     0.00000000000000E+00
  323     0.00000000000000E+00     0.00000000000000E+00
  324     0.00000000000000E+00     0.00000000000000E+00
  325     0.00000000000000E+00     0.00000000000000E+00
  326     0.00000000000000E+00     0.00000000000000E+00
  327     0.00000000000000E+00     0.00000000000000E+00
  328     0.00000000000000E+00     0.00000000000000E+00
  329     0.00000000000000E+00     0.00000000000000E+00
  330     0.00000000000000E+00     0.00000000000000E+00
  331     0.00000000000000E+00     0.00000000000000E+00
  332     0.00000000000000E+00     0.00000000000000E+00
  333     0.00000000000000E+00     0.00000000000000E+00
  334     0.00000000000000E+00     0.00000000000000E+00
  335     0.00000000000000E+00     0.00000000000000E+00
  336     0.00000000000000E+00     0.00000000000000E+00
  337     0.00000000000000E+00     0.00000000000000E+00
