# 1:A 2:Z 3:N 4:Yi 5:Xi
    1      1      0     3.09078329975006E-09   3.09078329975006E-09
    2      1      1     1.16036927542698E-12   2.32073855085396E-12
    3      1      2     3.94971317255427E-13   1.18491395176628E-12
    3      2      1     3.16011162233041E-14   9.48033486699123E-14
    4      2      2     1.90801955723426E-04   7.63207822893703E-04
    6      3      3     1.21759002655340E-14   7.30554015932038E-14
    7      3      4     6.89517170554271E-12   4.82662019387990E-11
    9      4      5     1.38728844815917E-07   1.24855960334325E-06
   10      4      6     1.09744433626415E-09   1.09744433626415E-08
   10      5      5     7.50309342435662E-16   7.50309342435662E-15
   11      5      6     5.61248715979424E-12   6.17373587577367E-11
   12      6      6     3.81264646400400E-08   4.57517575680480E-07
   13      6      7     3.07893442833950E-09   4.00261475684136E-08
   14      6      8     1.65138687759509E-08   2.31194162863313E-07
   14      7      7     3.27100654620803E-12   4.57940916469124E-11
   15      7      8     4.14323795848124E-07   6.21485693772187E-06
   16      8      8     1.23480831126027E-08   1.97569329801643E-07
   17      8      9     2.07712144010582E-10   3.53110644817989E-09
   18      8     10     2.53873035076492E-08   4.56971463137685E-07
   19      9     10     3.28095913843297E-08   6.23382236302265E-07
   20     10     10     3.70580609534008E-09   7.41161219068016E-08
   21     10     11     4.24012279790452E-09   8.90425787559949E-08
   22     10     12     3.34798573168036E-08   7.36556860969679E-07
   23     11     12     2.79919489208582E-11   6.43814825179739E-10
   24     12     12     1.43187398791238E-10   3.43649757098971E-09
   25     12     13     5.85217003397249E-10   1.46304250849312E-08
   26     12     14     1.31195485999497E-10   3.41108263598692E-09
   27     13     14     3.68620305148721E-11   9.95274823901546E-10
   28     14     14     4.08481118472268E-11   1.14374713172235E-09
   29     14     15     3.06963084582145E-11   8.90192945288219E-10
   30     14     16     3.58219142709963E-11   1.07465742812989E-09
   31     15     16     3.71112250124647E-11   1.15044797538641E-09
   32     14     18     1.40658252421219E-10   4.50106407747902E-09
   32     15     17     3.58284823414399E-14   1.14651143492608E-12
   32     16     16     8.38942564575726E-13   2.68461620664232E-11
   33     15     18     3.24763499622952E-16   1.07171954875574E-14
   33     16     17     1.93722291080339E-10   6.39283560565119E-09
   34     16     18     3.61270003014017E-10   1.22831801024766E-08
   35     16     19     5.83906321112016E-12   2.04367212389206E-10
   35     17     18     2.92407884614354E-10   1.02342759615024E-08
   36     16     20     1.14465088195158E-10   4.12074317502569E-09
   36     17     19     1.13868454401898E-19   4.09926435846832E-18
   37     17     20     5.16290518622508E-10   1.91027491890328E-08
   38     18     20     3.52581337636685E-10   1.33980908301940E-08
   39     18     21     9.14010046849408E-11   3.56463918271269E-09
   39     19     20     3.22888207509000E-13   1.25926400928510E-11
   40     18     22     1.08049867798645E-10   4.32199471194581E-09
   41     19     22     1.74724691807421E-10   7.16371236410424E-09
   42     18     24     2.48903858386148E-09   1.04539620522182E-07
   42     19     23     1.06266466630795E-13   4.46319159849337E-12
   42     20     22     7.25962517491385E-11   3.04904257346382E-09
   43     20     23     9.91048392640220E-10   4.26150808835294E-08
   44     20     24     1.46292531820054E-09   6.43687140008237E-08
   45     20     25     2.03933270636013E-10   9.17699717862059E-09
   45     21     24     1.51074176469951E-09   6.79833794114778E-08
   46     20     26     1.52634940983755E-09   7.02120728525273E-08
   46     22     24     1.51183657531441E-19   6.95444824644628E-18
   47     22     25     5.94123276687230E-10   2.79237940042998E-08
   48     20     28     7.26567830273730E-10   3.48752558531391E-08
   48     21     27     1.25043191528600E-13   6.00207319337281E-12
   48     22     26     2.41140617884891E-11   1.15747496584748E-09
   49     22     27     1.10383700653594E-10   5.40880133202612E-09
   50     22     28     3.06111527162011E-10   1.53055763581006E-08
   51     23     28     2.32363510433019E-10   1.18505390320839E-08
   52     24     28     4.24718377750363E-10   2.20853556430189E-08
   53     24     29     1.49799875593013E-10   7.93939340642970E-09
   54     24     30     1.96798223855818E-10   1.06271040882142E-08
   55     25     30     2.84683342587539E-11   1.56575838423147E-09
   56     26     30     3.12345273803557E-11   1.74913353329992E-09
   57     26     31     6.77841469044707E-11   3.86369637355483E-09
   58     26     32     6.37806860592508E-11   3.69927979143655E-09
   59     26     33     2.25497978584002E-14   1.33043807364561E-12
   59     27     32     4.84737165699789E-11   2.85994927762875E-09
   60     26     34     5.11695487587669E-11   3.07017292552601E-09
   60     27     33     1.70090316283323E-17   1.02054189769994E-15
   60     28     32     1.59322113708958E-18   9.55932682253751E-17
   61     28     33     6.02420205594993E-11   3.67476325412946E-09
   62     28     34     2.16507953113561E-10   1.34234930930408E-08
   63     28     35     2.86416650724216E-10   1.80442489956256E-08
   63     29     34     2.70114209820506E-12   1.70171952186919E-10
   64     28     36     2.17825930617012E-10   1.39408595594888E-08
   65     29     36     2.71376811519106E-10   1.76394927487419E-08
   66     30     36     2.26952479149638E-10   1.49788636238761E-08
   67     30     37     2.43399680248538E-10   1.63077785766521E-08
   68     30     38     1.52236926118352E-10   1.03521109760479E-08
   69     31     38     2.57393854951205E-10   1.77601759916332E-08
   70     30     40     1.16464611624662E-10   8.15252281372632E-09
   70     32     38     8.21576687777606E-16   5.75103681444324E-14
   71     31     40     1.86805782851738E-10   1.32632105824734E-08
   72     32     40     2.26635222217361E-10   1.63177359996500E-08
   73     32     41     2.54742621004280E-10   1.85962113333124E-08
   74     32     42     2.23586465267415E-10   1.65453984297887E-08
   75     33     42     6.81502825553095E-10   5.11127119164821E-08
   76     32     44     7.30801454593561E-10   5.55409105491107E-08
   76     34     42     5.59792263469176E-15   4.25442120236573E-13
   77     34     43     1.54492170505379E-09   1.18958971289142E-07
   78     34     44     1.11878365997837E-09   8.72651254783125E-08
   79     34     45     1.07612923921853E-09   8.50142098982636E-08
   79     35     44     3.46119853032456E-15   2.73434683895640E-13
   80     34     46     2.83676288294832E-10   2.26941030635866E-08
   81     35     46     3.51336331622890E-10   2.84582428614541E-08
   82     34     48     1.61716121336296E-10   1.32607219495763E-08
   82     36     46     1.95927809322643E-14   1.60660803644567E-12
   83     36     47     9.91356491002109E-11   8.22825887531750E-09
   84     36     48     1.28632220722555E-10   1.08051065406946E-08
   85     36     49     3.42484804620898E-11   2.91112083927763E-09
   85     37     48     3.16224768545816E-12   2.68791053263944E-10
   86     36     50     6.70997476843320E-11   5.77057830085255E-09
   87     37     50     3.86614831939032E-11   3.36354903786958E-09
   88     38     50     4.94687638738380E-11   4.35325122089775E-09
   89     38     51     2.23686168646590E-14   1.99080690095465E-12
   89     39     50     1.91866319524001E-11   1.70761024376360E-09
   90     38     52     2.38769724853728E-11   2.14892752368355E-09
   90     39     51     6.04918223414015E-15   5.44426401072613E-13
   90     40     50     7.90831543968232E-13   7.11748389571409E-11
   91     39     52     4.44491028685636E-14   4.04486836103929E-12
   91     40     51     1.52167171394320E-11   1.38472125968832E-09
   92     40     52     1.97318625077254E-11   1.81533135071073E-09
   93     40     53     1.10475026726677E-11   1.02741774855810E-09
   93     41     52     6.50406506382992E-18   6.04878050936182E-16
   94     40     54     5.67190547114937E-12   5.33159114288041E-10
   95     40     55     1.23047028288328E-13   1.16894676873912E-11
   95     41     54     1.46168624699967E-13   1.38860193464969E-11
   95     42     53     2.57568258473832E-11   2.44689845550140E-09
   96     40     56     1.24494604866249E-11   1.19514820671599E-09
   96     41     55     4.61957894879502E-15   4.43479579084321E-13
   96     42     54     1.75252747316537E-12   1.68242637423875E-10
   97     42     55     2.03359065492178E-11   1.97258293527413E-09
   98     42     56     1.12878383851223E-11   1.10620816174199E-09
   99     43     56     1.69578453870734E-11   1.67882669332026E-09
   99     44     55     7.56345954695102E-17   7.48782495148151E-15
  100     42     58     4.70375840264615E-11   4.70375840264615E-09
  100     44     56     2.19120430331853E-17   2.19120430331853E-15
  101     44     57     3.33750657722849E-11   3.37088164300078E-09
  102     44     58     1.19200898534462E-09   1.21584916505151E-07
  103     44     59     1.96650173826011E-13   2.02549679040791E-11
  103     45     58     1.14951162142656E-09   1.18399697006936E-07
  104     44     60     3.64621349401855E-08   3.79206203377929E-06
  104     46     58     1.22652507138970E-17   1.27558607424529E-15
  105     46     59     3.00947693871430E-09   3.15995078565001E-07
  106     44     62     2.47152824161787E-08   2.61981993611494E-06
  106     45     61     2.31749804819693E-14   2.45654793108875E-12
  106     46     60     3.79823303258436E-08   4.02612701453942E-06
  107     46     61     3.86377544333422E-10   4.13423972436761E-08
  107     47     60     5.64366933024939E-17   6.03872618336684E-15
  108     46     62     2.72338392228851E-09   2.94125463607159E-07
  109     47     62     2.86368620144642E-10   3.12141795957660E-08
  110     46     64     8.62799928822065E-10   9.49079921704271E-08
  110     48     62     4.24803941222783E-16   4.67284335345062E-14
  111     47     64     7.53557085711482E-19   8.36448365139745E-17
  111     48     63     3.23652328967331E-09   3.59254085153737E-07
  112     46     66     2.12377738734715E-18   2.37863067382881E-16
  112     47     65     3.17006254879394E-19   3.55047005464921E-17
  112     48     64     1.01002340978858E-08   1.13122621896321E-06
  113     47     66     4.61823597700682E-20   5.21860665401771E-18
  113     48     65     6.53494572370975E-09   7.38448866779201E-07
  114     48     66     2.59788361330912E-08   2.96158731917239E-06
  115     48     67     9.89502943854337E-20   1.13792838543249E-17
  115     49     66     5.51756113101332E-08   6.34519530066532E-06
  116     46     70     1.08556119745346E-18   1.25925098904601E-16
  116     47     69     2.18032060169503E-17   2.52917189796623E-15
  116     48     68     4.08849813472430E-07   4.74265783628019E-05
  116     50     66     3.13300268279555E-15   3.63428311204284E-13
  117     50     67     1.65608830807103E-06   1.93762332044311E-04
  118     46     72     7.03537992020627E-19   8.30174830584339E-17
  118     47     71     1.39227119981316E-18   1.64288001577953E-16
  118     48     70     1.11824504021410E-15   1.31952914745263E-13
  118     49     69     1.85138826826374E-18   2.18463815655122E-16
  118     50     68     6.24415434706715E-06   7.36810212953923E-04
  119     48     71     5.12369216003084E-20   6.09719367043670E-18
  119     49     70     4.58270760669602E-20   5.45342205196826E-18
  119     50     69     1.11524880650555E-05   1.32714607974160E-03
  120     46     74     4.33167097656252E-17   5.19800517187503E-15
  120     47     73     1.06562265554580E-16   1.27874718665496E-14
  120     48     72     4.94900982671152E-15   5.93881179205383E-13
  120     49     71     3.00057101343151E-16   3.60068521611781E-14
  120     50     70     2.07516841469011E-05   2.49020209762813E-03
  121     48     73     2.58760697984168E-14   3.13100444560843E-12
  121     49     72     4.42771435617265E-14   5.35753437096890E-12
  121     50     71     1.86507248565526E-10   2.25673770764287E-08
  121     51     70     3.64027188809919E-05   4.40472898460002E-03
  122     48     74     5.40674852723101E-14   6.59623320322183E-12
  122     49     73     1.54774018043132E-14   1.88824302012621E-12
  122     50     72     2.99644065047979E-05   3.65565759358534E-03
  122     52     70     5.85656449809884E-11   7.14500868768059E-09
  123     50     73     7.35429739779365E-07   9.04578579928618E-05
  123     51     72     9.76559301269009E-06   1.20116794056088E-03
  124     48     76     5.92779444203486E-17   7.35046510812322E-15
  124     49     75     1.47969738768882E-16   1.83482476073413E-14
  124     50     74     1.90262718952317E-05   2.35925771500873E-03
  124     51     73     5.52801641084690E-16   6.85474034945015E-14
  124     52     72     1.63020459433617E-13   2.02145369697685E-11
  125     50     75     6.89051719576968E-20   8.61314649471210E-18
  125     51     74     1.81922032529509E-05   2.27402540661886E-03
  125     52     73     7.21205200995569E-06   9.01506501244462E-04
  126     50     76     7.31096453768358E-05   9.21181531748131E-03
  126     51     75     1.07754566015150E-11   1.35770753179089E-09
  126     52     74     3.01409297485785E-10   3.79775714832089E-08
  127     49     78     2.25830129933408E-20   2.86804265015428E-18
  127     50     77     1.57792499520581E-16   2.00396474391137E-14
  127     51     76     7.69522940373959E-15   9.77294134274928E-13
  127     52     75     7.86506681873021E-16   9.98863485978736E-14
  127     53     74     2.16212042244650E-04   2.74589293650705E-02
  128     50     78     9.23959122118351E-17   1.18266767631149E-14
  128     51     77     8.52700403009909E-16   1.09145651585268E-13
  128     52     76     6.40601019405494E-04   8.19969304839032E-02
  128     54     74     1.00341103584583E-14   1.28436612588266E-12
  129     50     79     6.95885813544933E-19   8.97692699472963E-17
  129     51     78     8.30208148770666E-17   1.07096851191416E-14
  129     52     77     2.19738524547248E-17   2.83462696665950E-15
  129     53     76     1.43832378645986E-03   1.85543768453323E-01
  129     54     75     8.69483211765315E-11   1.12163334317726E-08
  130     50     80     2.76080741475121E-12   3.58904963917658E-10
  130     51     79     2.93423211656575E-11   3.81450175153548E-09
  130     52     78     1.07553903398404E-03   1.39820074417926E-01
  130     54     76     9.59627822735373E-11   1.24751616955599E-08
  131     54     77     5.18100253885275E-04   6.78711332589711E-02
  132     54     78     1.97366665983885E-04   2.60523999098728E-02
  133     55     78     2.43128696668528E-04   3.23361166569142E-02
  134     54     80     2.16960317442792E-05   2.90726825373341E-03
  134     55     79     7.89770053644656E-15   1.05829187188384E-12
  134     56     78     4.59694860361099E-15   6.15991112883873E-13
  135     55     80     1.59608401112238E-05   2.15471341501522E-03
  135     56     79     6.57061495829552E-12   8.87033019369895E-10
  136     54     82     2.37156735523153E-05   3.22533160311488E-03
  136     56     80     9.39680905023321E-14   1.27796603083172E-11
  137     55     82     1.62251252033018E-05   2.22284215285235E-03
  137     56     81     5.20094091393744E-07   7.12528905209429E-05
  138     56     82     3.34368193341825E-06   4.61428106811718E-04
  139     57     82     1.12680641772095E-06   1.56626092063213E-04
  140     56     84     2.79772430258261E-17   3.91681402361565E-15
  140     57     83     4.24800883867793E-18   5.94721237414911E-16
  140     58     82     4.50077504605944E-06   6.30108506448321E-04
  141     58     83     6.62181951598826E-11   9.33676551754344E-09
  141     59     82     2.22195276609624E-06   3.13295340019570E-04
  142     58     84     8.98891468759509E-07   1.27642588563850E-04
  142     60     82     2.80916383541907E-17   3.98901264629509E-15
  143     59     84     1.25841791468110E-17   1.79953761799397E-15
  143     60     83     4.17499638968214E-07   5.97024483724546E-05
  144     58     86     4.61661420072915E-08   6.64792444904998E-06
  144     59     85     1.95176526564566E-12   2.81054198252976E-10
  144     60     84     1.09284203769106E-07   1.57369253427513E-05
  145     60     85     2.12264684359862E-07   3.07783792321799E-05
  146     60     86     2.00283564322296E-07   2.92414003910552E-05
  147     60     87     6.51367892950183E-20   9.57510802636770E-18
  147     61     86     3.53367777471543E-07   5.19450632883169E-05
  147     62     85     1.48008222486765E-07   2.17572087055545E-05
  148     60     88     7.20033981800698E-07   1.06565029306503E-04
  148     62     86     7.70047060508516E-15   1.13966964955260E-12
  149     62     87     4.54465647474293E-07   6.77153814736696E-05
  150     60     90     7.05995256301988E-07   1.05899288445298E-04
  150     62     88     2.94778830715819E-11   4.42168246073728E-09
  151     62     89     1.13505378162946E-06   1.71393121026048E-04
  151     63     88     1.19889376518784E-08   1.81032958543364E-06
  152     62     90     1.21152015797327E-06   1.84151064011937E-04
  152     63     89     6.60996920085877E-20   1.00471531853053E-17
  153     63     90     1.00773093158935E-06   1.54182832533170E-04
  154     62     92     1.48236652868159E-06   2.28284445416964E-04
  154     63     91     9.14219654939173E-13   1.40789826860633E-10
  154     64     90     1.06764043961284E-13   1.64416627700377E-11
  155     63     92     1.02363847345594E-06   1.58663963385671E-04
  155     64     91     2.26042759757776E-07   3.50366277624552E-05
  156     63     93     5.92014601830104E-16   9.23542778854962E-14
  156     64     92     1.76587983898412E-06   2.75477254881522E-04
  157     64     93     1.50814723333424E-06   2.36779115633475E-04
  158     64     94     2.65024051687476E-06   4.18738001666212E-04
  159     65     94     2.50588320348681E-06   3.98435429354402E-04
  160     64     96     4.88065565209355E-06   7.80904904334968E-04
  160     65     95     1.14031702578774E-14   1.82450724126038E-12
  160     66     94     1.29812570372794E-12   2.07700112596471E-10
  161     66     95     4.89806403899700E-06   7.88588310278517E-04
  162     66     96     7.24402250511833E-06   1.17353164582917E-03
  163     66     97     7.95150082612249E-06   1.29609463465797E-03
  164     66     98     1.05138795549365E-05   1.72427624700959E-03
  165     67     98     6.48160392645130E-06   1.06946464786446E-03
  166     68     98     3.79924589265709E-06   6.30674818181076E-04
  167     68     99     5.40395886477571E-06   9.02461130417543E-04
  168     68    100     5.12811235891174E-06   8.61522876297172E-04
  169     69    100     1.91790996318858E-06   3.24126783778870E-04
  170     68    102     2.88387886920963E-06   4.90259407765638E-04
  170     69    101     1.15645767785448E-14   1.96597805235261E-12
  170     70    100     1.57302406068463E-13   2.67414090316386E-11
  171     69    102     1.54687622891816E-06   2.64515835145006E-04
  171     70    101     9.86138797213053E-07   1.68629734323432E-04
  172     70    102     2.36061602985261E-06   4.06025957134649E-04
  173     70    103     2.59111120629939E-06   4.48262238689795E-04
  174     70    104     3.62694706238856E-06   6.31088788855609E-04
  175     71    104     1.42620548008549E-06   2.49585959014961E-04
  176     70    106     2.61418137386378E-06   4.60095921800025E-04
  176     71    105     6.84428079849928E-14   1.20459342053587E-11
  177     72    105     1.84338370175687E-06   3.26278915210966E-04
  178     72    106     3.04118632822556E-06   5.41331166424150E-04
  179     72    107     1.98388839814050E-06   3.55116023267150E-04
  180     72    108     2.32800640959437E-06   4.19041153726986E-04
  181     72    109     5.05187581644978E-10   9.14389522777409E-08
  181     73    108     1.57400252705708E-06   2.84894457397331E-04
  182     72    110     2.68966498454952E-06   4.89519027188013E-04
  182     73    109     9.13760020714071E-14   1.66304323769961E-11
  182     74    108     2.19978828221174E-13   4.00361467362537E-11
  183     74    109     4.79536607104339E-07   8.77551991000941E-05
  184     74    110     1.16102481201674E-06   2.13628565411079E-04
  185     74    111     2.88153245993150E-09   5.33083505087327E-07
  185     75    110     2.75110493070618E-07   5.08954412180642E-05
  186     74    112     6.47450191628548E-07   1.20425735642910E-04
  186     76    110     1.78959735843295E-16   3.32865108668528E-14
  187     75    112     1.49899499222256E-07   2.80312063545618E-05
  187     76    111     3.26671240688233E-18   6.10875220086996E-16
  188     74    114     2.04527051046445E-09   3.84510855967316E-07
  188     75    113     2.09698561876713E-11   3.94233296328221E-09
  188     76    112     2.76667450493542E-07   5.20134806927859E-05
  189     76    113     2.53848485901356E-07   4.79773638353562E-05
  190     76    114     7.75155191377839E-07   1.47279486361789E-04
  191     76    115     2.72201334665751E-16   5.19904549211584E-14
  191     77    114     6.08882047552283E-07   1.16296471082486E-04
  192     76    116     1.78260531640535E-06   3.42260220749828E-04
  192     77    115     3.35384388244541E-16   6.43938025429519E-14
  192     78    114     3.30079759897398E-14   6.33753139003004E-12
  193     77    116     4.40100840691375E-06   8.49394622534355E-04
  194     76    118     2.27357252801164E-05   4.41073070434258E-03
  194     77    117     8.35165761640519E-09   1.62022157758261E-06
  194     78    116     3.89324314442668E-06   7.55289170018777E-04
  195     78    117     7.39891874794933E-05   1.44278915585012E-02
  196     78    118     1.22039619308209E-04   2.39197653844090E-02
  197     79    118     1.61015307746292E-04   3.17200156260195E-02
  198     78    120     8.51054976998269E-05   1.68508885445657E-02
  198     80    118     3.57354502847984E-11   7.07561915639008E-09
  199     80    119     3.40236883889268E-05   6.77071398939643E-03
  200     80    120     5.27595686130179E-06   1.05519137226036E-03
  201     80    121     6.00718666259955E-06   1.20744451918251E-03
  202     80    122     7.71478164196023E-06   1.55838589167597E-03
  203     80    123     1.62523560176103E-09   3.29922827157488E-07
  203     81    122     2.44572021550535E-06   4.96481203747586E-04
  204     80    124     1.89619095610670E-06   3.86822955045766E-04
  204     81    123     4.71091206547819E-15   9.61026061357551E-13
  204     82    122     1.30770423509704E-15   2.66771663959796E-13
  205     81    124     1.67407517902239E-07   3.43185411699590E-05
  206     80    126     2.02392589262801E-19   4.16928733881369E-17
  206     81    125     7.09574054181431E-18   1.46172255161375E-15
  206     82    124     2.87264421573880E-06   5.91764708442192E-04
  207     81    126     1.87096943708413E-12   3.87290673476415E-10
  207     82    125     1.37045550478772E-05   2.83684289491057E-03
  208     81    127     1.41504605705890E-12   2.94329579868252E-10
  208     82    126     2.66347087690125E-05   5.54001942395461E-03
  209     81    128     8.16034976445428E-17   1.70551310077095E-14
  209     82    127     3.33322084584299E-13   6.96643156781185E-11
  209     83    126     1.38411318965654E-05   2.89279656638218E-03
  210     81    129     2.56559668263756E-18   5.38775303353887E-16
  210     82    128     1.49559949754652E-05   3.14075894484770E-03
  210     83    127     9.24404275361281E-09   1.94124897825869E-06
  210     84    126     2.36228040682672E-07   4.96078885433612E-05
  211     82    129     1.42359255244529E-11   3.00378028565956E-09
  211     83    128     8.42338182473176E-13   1.77733356501840E-10
  211     84    127     9.50768914798060E-18   2.00612241022391E-15
  212     82    130     8.24520329111769E-10   1.74798309771695E-07
  212     83    129     7.81645570410865E-11   1.65708860927103E-08
  213     82    131     4.18905412288525E-19   8.92268528174557E-17
  213     83    130     7.80513417743880E-14   1.66249357979446E-11
  214     82    132     2.65627630056070E-13   5.68443128319991E-11
  214     83    131     1.96372978182730E-13   4.20238173311041E-11
  214     84    130     2.71073947235695E-20   5.80098247084388E-18
  215     83    132     2.39275535450016E-18   5.14442401217534E-16
  215     84    131     1.16838335747456E-17   2.51202421857030E-15
  216     84    132     3.12436750962785E-15   6.74863382079615E-13
  217     85    132     9.20194324343779E-19   1.99682168382600E-16
  218     84    134     3.06736938742894E-14   6.68686526459509E-12
  218     85    133     4.94713376792818E-20   1.07847516140834E-17
  219     85    134     3.03078026994889E-19   6.63740879118806E-17
  219     86    133     2.59787802802644E-14   5.68935288137791E-12
  220     86    134     1.19803964301957E-12   2.63568721464305E-10
  221     86    135     4.79745692419639E-18   1.06023798024740E-15
  221     87    134     8.15583518001181E-15   1.80243957478261E-12
  222     86    136     5.44585579785004E-11   1.20897998712271E-08
  223     87    136     1.19070864519589E-13   2.65528027878683E-11
  223     88    135     6.48122459526764E-09   1.44531308474468E-06
  224     86    138     3.83219063045310E-18   8.58410701221494E-16
  224     87    137     2.25635285781896E-19   5.05423040151446E-17
  224     88    136     6.76615239523737E-09   1.51561813653317E-06
  225     88    137     3.67461024179708E-11   8.26787304404342E-09
  225     89    136     2.46106869163801E-11   5.53740455618551E-09
  226     88    138     8.33299666006638E-06   1.88325724517500E-03
  227     89    138     4.49026205013537E-06   1.01928948538073E-03
  227     90    137     1.04021095502947E-08   2.36127886791690E-06
  228     88    140     9.30797900296232E-06   2.12221921267541E-03
  228     89    139     1.13672278719758E-09   2.59172795481048E-07
  228     90    138     1.30877944125869E-06   2.98401712606982E-04
  229     90    139     7.12141862613926E-06   1.63080486538589E-03
  230     90    140     1.31892283508972E-05   3.03352252070636E-03
  231     90    141     1.29032388560120E-16   2.98064817573878E-14
  231     91    140     1.13889995834056E-05   2.63085890376669E-03
  232     90    142     2.25034167300614E-05   5.22079268137424E-03
  233     91    142     7.64969284902514E-11   1.78237843382286E-08
  233     92    141     2.03858533145355E-05   4.74990382228677E-03
  234     90    144     3.03636088530620E-11   7.10508447161651E-09
  234     91    143     3.55937103599862E-13   8.32892822423676E-11
  234     92    142     3.58575022993997E-05   8.39065553805953E-03
  235     92    143     3.11695823284389E-05   7.32485184718315E-03
  236     92    144     6.48865225192019E-05   1.53132193145316E-02
  237     92    145     2.09129874246268E-12   4.95637801963655E-10
  237     93    144     5.66568014002650E-05   1.34276619318628E-02
  238     92    146     6.59798490771849E-05   1.57032040803700E-02
  238     94    144     5.25138794934482E-13   1.24983033194407E-10
  239     93    146     3.75620754480530E-11   8.97733603208467E-09
  239     94    145     9.36555980822882E-05   2.23836879416669E-02
  240     92    148     1.11347441092099E-15   2.67233858621038E-13
  240     93    147     8.13158135386734E-17   1.95157952492816E-14
  240     94    146     1.01038594738431E-04   2.42492627372235E-02
  241     94    147     6.47792107344982E-05   1.56117897870141E-02
  241     95    146     4.43105095040007E-06   1.06788327904642E-03
  242     94    148     6.28754391723659E-05   1.52158562797125E-02
  242     95    147     1.25454590345574E-16   3.03600108636289E-14
  242     96    146     1.38339530339522E-14   3.34781663421644E-12
  243     94    149     5.12495784809368E-16   1.24536475708676E-13
  243     95    148     4.29004998041138E-05   1.04248214523997E-02
  244     94    150     5.52970406941930E-05   1.34924779293831E-02
  244     95    149     5.45552964583677E-16   1.33114923358417E-13
  244     96    148     3.08480704829782E-11   7.52692919784668E-09
  245     95    150     6.69124206533359E-14   1.63935430600673E-11
  245     96    149     2.24563728172905E-05   5.50181134023616E-03
  246     94    152     1.97410133281233E-11   4.85628927871834E-09
  246     95    151     4.92994929151901E-14   1.21276752571368E-11
  246     96    150     5.22456154821445E-05   1.28524214086075E-02
  246     97    149     4.25411618254736E-12   1.04651258090665E-09
  247     96    151     1.41649862111889E-05   3.49875159416367E-03
  248     96    152     4.84666289104059E-05   1.20197239697807E-02
  248     97    151     1.09199515393937E-09   2.70814798176963E-07
  249     96    153     3.73563477995858E-17   9.30173060209686E-15
  249     97    152     1.84602502971007E-05   4.59660232397807E-03
  249     98    151     3.08724811539033E-05   7.68724780732193E-03
  250     96    154     3.06637554059859E-05   7.66593885149647E-03
  250     97    153     1.38357971850249E-09   3.45894929625624E-07
  250     98    152     5.78298486142252E-06   1.44574621535563E-03
  250     99    151     3.44534548249244E-13   8.61336370623109E-11
  251     97    154     1.35107067551745E-13   3.39118739554881E-11
  251     98    153     4.02996489382180E-05   1.01152118834927E-02
  252     98    154     2.77852996793682E-05   7.00189551920079E-03
  252     99    153     3.94529210410888E-07   9.94213610235439E-05
  253     98    155     4.81783553618003E-12   1.21891239065355E-09
  253     99    154     2.09062125963360E-11   5.28927178687302E-09
  254     98    156     2.48655963684132E-10   6.31586147757695E-08
  254     99    155     2.83504095174606E-06   7.20100401743499E-04
  255     99    156     1.73767080405780E-09   4.43106055034738E-07
  255    100    155     3.43204953287277E-11   8.75172630882557E-09
  257    100    157     2.14727417520480E-11   5.51849463027633E-09
  257    101    156     1.02553526879427E-16   2.63562564080128E-14
