               WinNet - Nuclear reaction network
              ===================================
 
 
Option                                   :      Value     Unit
--------------------------------------------------------------
Release                                  :    Unknown         
Git hash                                 :    Unknown         
Network size                             :       6757         
Amount reaclib rates                     :      72724         
Amount fission rates                     :       5833         
Total number of fission neutrons         :      27813         
Amount weak (ffn) rates                  :        212         
Total reactions after merge              :      78557         
Thermodynamic trajectory                 :  from file         
Starting index                           :          2         
Expansion velocity:                      :   4.00E+04   [km/s]
Evolution mode                           :        NSE         
Initial abundance source                 :        NSE         
Initial entropy                          :   7.33E-03 [kB/nuc]

#-- 1:it 2:time[s] 3:T9[GK] 4:rho[g/cm3] 5:entropy[kB/baryon]
       0  4.3935899E-05 10.0000000  1.0526031E+13    0.0073275
       1  4.3935901E-05  9.9999999  1.0526031E+13    0.0073275
       2  4.3935905E-05  9.9999997  1.0526030E+13    0.0073275
       3  4.3935913E-05  9.9999994  1.0526030E+13    0.0073275
       4  4.3935929E-05  9.9999987  1.0526029E+13    0.0073275
       5  4.3935961E-05  9.9999972  1.0526027E+13    0.0073275
       6  4.3936025E-05  9.9999943  1.0526022E+13    0.0073275
       7  4.3936153E-05  9.9999886  1.0526014E+13    0.0073275
       8  4.3936409E-05  9.9999770  1.0525997E+13    0.0073275
       9  4.3936921E-05  9.9999540  1.0525963E+13    0.0073275
      10  4.3937945E-05  9.9999079  1.0525894E+13    0.0073275
      11  4.3939993E-05  9.9998156  1.0525758E+13    0.0073275
      12  4.3944089E-05  9.9996312  1.0525485E+13    0.0073274
      13  4.3952281E-05  9.9992623  1.0524939E+13    0.0073272
      14  4.3968665E-05  9.9985245  1.0523847E+13    0.0073270
      15  4.4001433E-05  9.9970490  1.0521664E+13    0.0073264
      16  4.4066969E-05  9.9940989  1.0517302E+13    0.0073253
      17  4.4198041E-05  9.9882013  1.0508590E+13    0.0073230
      18  4.4460185E-05  9.9764169  1.0491220E+13    0.0073184
      19  4.4984473E-05  9.9528929  1.0456696E+13    0.0073093
      20  4.6033049E-05  9.9060319  1.0388528E+13    0.0072909
      21  4.8130201E-05  9.8131234  1.0255881E+13    0.0072538
      22  5.0000000E-05  9.7313000  1.0142000E+13    0.0072204
      23  5.3739598E-05  9.5683241  9.9272159E+12    0.0071509
      24  6.1218793E-05  9.2448875  9.5379431E+12    0.0070029
      25  7.1187822E-05  8.8355266  9.0615052E+12    0.0068095
      26  7.6000000E-05  8.6531000  8.8334000E+12    0.0067265
      27  8.5169193E-05  8.3353306  8.3919569E+12    0.0065924
      28  9.4276766E-05  8.0446537  7.9727173E+12    0.0064734
      29  1.0100000E-04  7.8374000  7.6936000E+12    0.0063828
      30  1.1205600E-04  7.5015144  7.3092720E+12    0.0062159
      31  1.2281817E-04  7.1973742  6.9647466E+12    0.0060620
      32  1.2600000E-04  7.1150000  6.8569000E+12    0.0060243
 Evolution mode: switching to network
      33  1.3070188E-04  6.9999994  6.6879992E+12    0.0059770
      34  1.3070188E-04  6.9999994  6.6879992E+12    0.0059770
      35  1.3070188E-04  6.9999994  6.6879992E+12    0.0059770
      36  1.3070188E-04  6.9999994  6.6879992E+12    0.0059770
      37  1.3070188E-04  6.9999994  6.6879992E+12    0.0059770
      38  1.3070188E-04  6.9999994  6.6879992E+12    0.0059770
      39  1.3070188E-04  6.9999994  6.6879992E+12    0.0059770
      40  1.3070188E-04  6.9999994  6.6879991E+12    0.0059770
      41  1.3070188E-04  6.9999994  6.6879991E+12    0.0059770
      42  1.3070188E-04  6.9999994  6.6879990E+12    0.0059770
      43  1.3070188E-04  6.9999993  6.6879989E+12    0.0059770
      44  1.3070189E-04  6.9999991  6.6879987E+12    0.0059770
      45  1.3070190E-04  6.9999988  6.6879981E+12    0.0059770
      46  1.3070193E-04  6.9999981  6.6879971E+12    0.0059770
      47  1.3070199E-04  6.9999968  6.6879950E+12    0.0059770
      48  1.3070210E-04  6.9999941  6.6879908E+12    0.0059770
      49  1.3070233E-04  6.9999887  6.6879825E+12    0.0059770

#-- 1:it 2:time[s] 3:T9[GK] 4:rho[g/cm3] 5:entropy[kB/baryon]
      50  1.3070278E-04  6.9999779  6.6879658E+12    0.0059770
      51  1.3070369E-04  6.9999564  6.6879324E+12    0.0059770
      52  1.3070550E-04  6.9999134  6.6878656E+12    0.0059770
      53  1.3070913E-04  6.9998274  6.6877321E+12    0.0059769
      54  1.3071638E-04  6.9996554  6.6874650E+12    0.0059769
      55  1.3073088E-04  6.9993114  6.6869307E+12    0.0059767
      56  1.3075614E-04  6.9987124  6.6860000E+12    0.0059765
      57  1.3078392E-04  6.9980536  6.6849759E+12    0.0059762
      58  1.3081448E-04  6.9973293  6.6838493E+12    0.0059760
      59  1.3084810E-04  6.9965329  6.6826097E+12    0.0059757
      60  1.3088508E-04  6.9956572  6.6812459E+12    0.0059753
      61  1.3092575E-04  6.9946945  6.6797453E+12    0.0059749
      62  1.3097049E-04  6.9936361  6.6780943E+12    0.0059745
      63  1.3101970E-04  6.9924726  6.6762776E+12    0.0059741
      64  1.3107383E-04  6.9911936  6.6742787E+12    0.0059736
      65  1.3113337E-04  6.9897877  6.6720791E+12    0.0059731
      66  1.3119886E-04  6.9882426  6.6696588E+12    0.0059725
      67  1.3127089E-04  6.9865445  6.6669954E+12    0.0059718
      68  1.3135012E-04  6.9846784  6.6640645E+12    0.0059711
      69  1.3143726E-04  6.9826280  6.6608391E+12    0.0059703
      70  1.3153311E-04  6.9803752  6.6572896E+12    0.0059695
      71  1.3163854E-04  6.9779005  6.6533832E+12    0.0059686
      72  1.3175449E-04  6.9751822  6.6490841E+12    0.0059675
      73  1.3188201E-04  6.9721969  6.6443525E+12    0.0059664
      74  1.3202227E-04  6.9689189  6.6391451E+12    0.0059652
      75  1.3217653E-04  6.9653200  6.6334137E+12    0.0059638
      76  1.3234617E-04  6.9613696  6.6271057E+12    0.0059624
      77  1.3253274E-04  6.9570342  6.6201632E+12    0.0059608
      78  1.3273792E-04  6.9522775  6.6125225E+12    0.0059590
      79  1.3296354E-04  6.9470598  6.6041136E+12    0.0059571
      80  1.3321164E-04  6.9413379  6.5948599E+12    0.0059550
      81  1.3348446E-04  6.9350650  6.5846773E+12    0.0059527
      82  1.3378442E-04  6.9281903  6.5734742E+12    0.0059502
      83  1.3411423E-04  6.9206586  6.5611500E+12    0.0059475
      84  1.3447681E-04  6.9124103  6.5475957E+12    0.0059446
      85  1.3487541E-04  6.9033810  6.5326925E+12    0.0059414
      86  1.3531355E-04  6.8935010  6.5163122E+12    0.0059379
      87  1.3579512E-04  6.8826954  6.4983163E+12    0.0059341
      88  1.3632437E-04  6.8708834  6.4785568E+12    0.0059300
      89  1.3690595E-04  6.8579785  6.4568763E+12    0.0059256
      90  1.3753466E-04  6.8441135  6.4334909E+12    0.0059209
      91  1.3820555E-04  6.8294140  6.4086133E+12    0.0059159
      92  1.3892002E-04  6.8138649  6.3822270E+12    0.0059106
      93  1.3967947E-04  6.7974515  6.3543240E+12    0.0059051
      94  1.4048527E-04  6.7801613  6.3249102E+12    0.0058993
      95  1.4133865E-04  6.7619842  6.2940068E+12    0.0058932
      96  1.4224081E-04  6.7429117  6.2616523E+12    0.0058868
      97  1.4319287E-04  6.7229367  6.2279036E+12    0.0058801
      98  1.4419590E-04  6.7020524  6.1928378E+12    0.0058730
      99  1.4525095E-04  6.6802520  6.1565530E+12    0.0058655

#-- 1:it 2:time[s] 3:T9[GK] 4:rho[g/cm3] 5:entropy[kB/baryon]
     100  1.4635908E-04  6.6575275  6.1191700E+12    0.0058576
     101  1.4752139E-04  6.6338685  6.0808340E+12    0.0058492
     102  1.4871716E-04  6.6097019  6.0424082E+12    0.0058404
     103  1.4993233E-04  6.5853082  6.0044969E+12    0.0058312
     104  1.5100000E-04  6.5640000  5.9722000E+12    0.0058229
     105  1.5225397E-04  6.5392430  5.9353869E+12    0.0058131
     106  1.5353847E-04  6.5142893  5.8987370E+12    0.0058030
     107  1.5485146E-04  6.4891766  5.8622912E+12    0.0057928
     108  1.5619428E-04  6.4638733  5.8259852E+12    0.0057823
     109  1.5756822E-04  6.4383474  5.7897512E+12    0.0057717
     110  1.5897442E-04  6.4125675  5.7535194E+12    0.0057608
     111  1.6041381E-04  6.3865030  5.7172168E+12    0.0057497
     112  1.6188715E-04  6.3601230  5.6807663E+12    0.0057383
     113  1.6339500E-04  6.3333969  5.6440854E+12    0.0057268
     114  1.6493765E-04  6.3062939  5.6070861E+12    0.0057150
     115  1.6651515E-04  6.2787830  5.5696739E+12    0.0057029
     116  1.6812726E-04  6.2508332  5.5317483E+12    0.0056907
     117  1.6977340E-04  6.2224134  5.4932024E+12    0.0056783
     118  1.7145268E-04  6.1934930  5.4539237E+12    0.0056656
     119  1.7316385E-04  6.1640420  5.4137953E+12    0.0056528
     120  1.7490529E-04  6.1340316  5.3726968E+12    0.0056398
     121  1.7667501E-04  6.1034345  5.3305066E+12    0.0056266
     122  1.7700000E-04  6.0978000  5.3227000E+12    0.0056242
     123  1.7764999E-04  6.0865106  5.3071144E+12    0.0056194
     124  1.7894996E-04  6.0638552  5.2762123E+12    0.0056095
     125  1.8076533E-04  6.0320995  5.2335858E+12    0.0055955
     126  1.8263106E-04  5.9994019  5.1903023E+12    0.0055808
     127  1.8453081E-04  5.9661394  5.1466468E+12    0.0055657
     128  1.8638113E-04  5.9338630  5.1044086E+12    0.0055511
     129  1.8825947E-04  5.9013094  5.0616951E+12    0.0055363
     130  1.9015902E-04  5.8686945  5.0185481E+12    0.0055217
     131  1.9207961E-04  5.8361225  4.9748542E+12    0.0055073
     132  1.9402008E-04  5.8037177  4.9305191E+12    0.0054933
     133  1.9597515E-04  5.7716737  4.8855411E+12    0.0054800
     134  1.9793899E-04  5.7401885  4.8399345E+12    0.0054674
     135  1.9990995E-04  5.7093878  4.7936215E+12    0.0054557
     136  2.0188666E-04  5.6793910  4.7465224E+12    0.0054452
     137  2.0200000E-04  5.6777000  4.7438000E+12    0.0054446
     138  2.0222668E-04  5.6743287  4.7383424E+12    0.0054435
     139  2.0268003E-04  5.6676300  4.7273676E+12    0.0054414
     140  2.0358673E-04  5.6544012  4.7051950E+12    0.0054373
     141  2.0540014E-04  5.6285681  4.6600834E+12    0.0054301
     142  2.0736703E-04  5.6013792  4.6102716E+12    0.0054235
     143  2.0933908E-04  5.5748477  4.5597477E+12    0.0054179
     144  2.1131305E-04  5.5488804  4.5089286E+12    0.0054131
     145  2.1329264E-04  5.5232927  4.4580424E+12    0.0054089
     146  2.1528193E-04  5.4978992  4.4073007E+12    0.0054048
     147  2.1728506E-04  5.4725148  4.3569108E+12    0.0054008
     148  2.1923073E-04  5.4479075  4.3089227E+12    0.0053967
     149  2.2119654E-04  5.4229680  4.2616612E+12    0.0053920

#-- 1:it 2:time[s] 3:T9[GK] 4:rho[g/cm3] 5:entropy[kB/baryon]
     150  2.2318958E-04  5.3974760  4.2152597E+12    0.0053865
     151  2.2521447E-04  5.3712326  4.1699383E+12    0.0053800
     152  2.2700000E-04  5.3477000  4.1317000E+12    0.0053731
     153  2.2908855E-04  5.3197524  4.0888488E+12    0.0053639
     154  2.3122813E-04  5.2908341  4.0465901E+12    0.0053535
     155  2.3340563E-04  5.2612039  4.0050650E+12    0.0053421
     156  2.3561948E-04  5.2309762  3.9641566E+12    0.0053299
     157  2.3786834E-04  5.2002703  3.9237284E+12    0.0053170
     158  2.4015070E-04  5.1692152  3.8836331E+12    0.0053036
     159  2.4212148E-04  5.1425701  3.8495991E+12    0.0052920
     160  2.4409574E-04  5.1161085  3.8159053E+12    0.0052805
     161  2.4608557E-04  5.0897396  3.7822150E+12    0.0052690
     162  2.4809023E-04  5.0635482  3.7484129E+12    0.0052579
     163  2.5010845E-04  5.0376271  3.7143917E+12    0.0052471
     164  2.5200000E-04  5.0138000  3.6824000E+12    0.0052376
     165  2.5403460E-04  4.9886764  3.6482489E+12    0.0052278
     166  2.5609636E-04  4.9636701  3.6142835E+12    0.0052181
     167  2.5818906E-04  4.9386921  3.5803500E+12    0.0052084
     168  2.6030924E-04  4.9137365  3.5464075E+12    0.0051988
     169  2.6245405E-04  4.8887850  3.5123987E+12    0.0051893
     170  2.6462034E-04  4.8638179  3.4782650E+12    0.0051799
     171  2.6680475E-04  4.8388138  3.4439475E+12    0.0051706
     172  2.6900376E-04  4.8137506  3.4093887E+12    0.0051614
     173  2.7121375E-04  4.7886053  3.3745324E+12    0.0051523
     174  2.7343108E-04  4.7633538  3.3393251E+12    0.0051433
     175  2.7565222E-04  4.7379715  3.3037164E+12    0.0051345
     176  2.7700000E-04  4.7225000  3.2819000E+12    0.0051292
     177  2.7917830E-04  4.6972565  3.2460828E+12    0.0051207
     178  2.8138644E-04  4.6713735  3.2090987E+12    0.0051123
     179  2.8353439E-04  4.6460333  3.1727075E+12    0.0051042
     180  2.8567730E-04  4.6207087  3.1362162E+12    0.0050962
     181  2.8782669E-04  4.5953763  3.0996411E+12    0.0050884
     182  2.8999160E-04  4.5700425  3.0630346E+12    0.0050806
     183  2.9218098E-04  4.5447203  3.0264539E+12    0.0050730
     184  2.9440409E-04  4.5194291  2.9899622E+12    0.0050655
     185  2.9667084E-04  4.4941965  2.9536320E+12    0.0050580
     186  2.9899428E-04  4.4690378  2.9175168E+12    0.0050507
     187  3.0139299E-04  4.4439445  2.8816362E+12    0.0050434
     188  3.0300000E-04  4.4277000  2.8585000E+12    0.0050386
     189  3.0552300E-04  4.4033075  2.8234797E+12    0.0050318
     190  3.0817032E-04  4.3790614  2.7880898E+12    0.0050255
     191  3.1091630E-04  4.3550172  2.7526267E+12    0.0050196
     192  3.1375548E-04  4.3309560  2.7170589E+12    0.0050139
     193  3.1668070E-04  4.3066019  2.6813360E+12    0.0050081
     194  3.1968258E-04  4.2816304  2.6453965E+12    0.0050018
     195  3.2274981E-04  4.2556765  2.6091691E+12    0.0049948
     196  3.2586961E-04  4.2283462  2.5725731E+12    0.0049865
     197  3.2800000E-04  4.2089000  2.5476000E+12    0.0049800
     198  3.3113514E-04  4.1789940  2.5106782E+12    0.0049690
     199  3.3362649E-04  4.1543951  2.4813035E+12    0.0049595

#-- 1:it 2:time[s] 3:T9[GK] 4:rho[g/cm3] 5:entropy[kB/baryon]
     200  3.3602977E-04  4.1302108  2.4531180E+12    0.0049497
     201  3.3840466E-04  4.1060819  2.4255609E+12    0.0049396
     202  3.4076714E-04  4.0820499  2.3985775E+12    0.0049293
     203  3.4312999E-04  4.0581767  2.3721497E+12    0.0049188
     204  3.4550584E-04  4.0345250  2.3462674E+12    0.0049083
     205  3.4790800E-04  4.0111600  2.3209265E+12    0.0048979
     206  3.5035124E-04  3.9881541  2.2961296E+12    0.0048875
     207  3.5285941E-04  3.9655339  2.2718253E+12    0.0048773
     208  3.5300000E-04  3.9643000  2.2705000E+12    0.0048768
     209  3.5328119E-04  3.9618430  2.2678649E+12    0.0048757
     210  3.5384356E-04  3.9569705  2.2626613E+12    0.0048735
     211  3.5496831E-04  3.9473834  2.2525065E+12    0.0048691
     212  3.5721781E-04  3.9287747  2.2330942E+12    0.0048603
     213  3.6000694E-04  3.9065627  2.2103694E+12    0.0048497
     214  3.6292815E-04  3.8840397  2.1876955E+12    0.0048386
     215  3.6594197E-04  3.8612746  2.1649823E+12    0.0048273
     216  3.6900514E-04  3.8382896  2.1420590E+12    0.0048160
     217  3.7206494E-04  3.8151462  2.1187899E+12    0.0048047
     218  3.7506663E-04  3.7919442  2.0951071E+12    0.0047937
     219  3.7796273E-04  3.7688038  2.0710197E+12    0.0047832
     220  3.7800000E-04  3.7685000  2.0707000E+12    0.0047830
     221  3.7807455E-04  3.7678917  2.0700598E+12    0.0047828
     222  3.7822364E-04  3.7666729  2.0687760E+12    0.0047822
     223  3.7852183E-04  3.7642258  2.0661952E+12    0.0047811
     224  3.7911820E-04  3.7592959  2.0609834E+12    0.0047790
     225  3.8031095E-04  3.7493045  2.0503747E+12    0.0047746
     226  3.8269645E-04  3.7288846  2.0285451E+12    0.0047658
     227  3.8519473E-04  3.7070592  2.0050694E+12    0.0047566
     228  3.8753945E-04  3.6863660  1.9827443E+12    0.0047480
     229  3.8983460E-04  3.6660958  1.9608648E+12    0.0047396
     230  3.9210985E-04  3.6461552  1.9393738E+12    0.0047314
     231  3.9438737E-04  3.6265103  1.9182712E+12    0.0047233
     232  3.9633256E-04  3.6101016  1.9007252E+12    0.0047166
     233  3.9829273E-04  3.5940147  1.8836186E+12    0.0047099
     234  4.0029848E-04  3.5781209  1.8668357E+12    0.0047033
     235  4.0236869E-04  3.5624260  1.8504086E+12    0.0046967
     236  4.0300000E-04  3.5578000  1.8456000E+12    0.0046948
     237  4.0426262E-04  3.5487710  1.8362325E+12    0.0046909
     238  4.0649479E-04  3.5334563  1.8203546E+12    0.0046844
     239  4.0885418E-04  3.5180420  1.8043975E+12    0.0046780
     240  4.1131633E-04  3.5026404  1.7884948E+12    0.0046715
     241  4.1387401E-04  3.4871996  1.7726151E+12    0.0046650
     242  4.1652391E-04  3.4716033  1.7566680E+12    0.0046584
     243  4.1924166E-04  3.4558184  1.7406535E+12    0.0046517
     244  4.2200116E-04  3.4397866  1.7245484E+12    0.0046448
     245  4.2477390E-04  3.4234481  1.7083272E+12    0.0046376
     246  4.2752987E-04  3.4067597  1.6919771E+12    0.0046301
     247  4.2900000E-04  3.3976000  1.6831000E+12    0.0046259
     248  4.3159641E-04  3.3811392  1.6673214E+12    0.0046182
     249  4.3422825E-04  3.3642862  1.6513767E+12    0.0046102

#-- 1:it 2:time[s] 3:T9[GK] 4:rho[g/cm3] 5:entropy[kB/baryon]
     250  4.3686147E-04  3.3473055  1.6354933E+12    0.0046020
     251  4.3950015E-04  3.3302197  1.6196664E+12    0.0045936
     252  4.4215046E-04  3.3130371  1.6038790E+12    0.0045851
     253  4.4481889E-04  3.2957642  1.5881128E+12    0.0045765
     254  4.4751224E-04  3.2784063  1.5723491E+12    0.0045678
     255  4.5023779E-04  3.2609686  1.5565680E+12    0.0045591
     256  4.5300341E-04  3.2434561  1.5407491E+12    0.0045503
     257  4.5400000E-04  3.2372000  1.5351000E+12    0.0045472
     258  4.5599319E-04  3.2246786  1.5238705E+12    0.0045409
     259  4.5880718E-04  3.2069091  1.5081540E+12    0.0045318
     260  4.6153215E-04  3.1896819  1.4930870E+12    0.0045228
     261  4.6421319E-04  3.1727983  1.4784083E+12    0.0045140
     262  4.6686025E-04  3.1562717  1.4640562E+12    0.0045053
     263  4.6948357E-04  3.1401086  1.4499697E+12    0.0044970
     264  4.7209274E-04  3.1243172  1.4360937E+12    0.0044890
     265  4.7469710E-04  3.1089074  1.4223759E+12    0.0044814
     266  4.7730607E-04  3.0938917  1.4087661E+12    0.0044743
     267  4.7900000E-04  3.0844000  1.4000000E+12    0.0044700
     268  4.8168634E-04  3.0699342  1.3862101E+12    0.0044640
     269  4.8437110E-04  3.0561740  1.3725638E+12    0.0044589
     270  4.8721961E-04  3.0421233  1.3582319E+12    0.0044543
     271  4.9010415E-04  3.0282455  1.3438713E+12    0.0044500
     272  4.9300261E-04  3.0144265  1.3295947E+12    0.0044458
     273  4.9588335E-04  3.0005925  1.3155563E+12    0.0044413
     274  4.9871497E-04  2.9866844  1.3019027E+12    0.0044364
     275  5.0147991E-04  2.9726108  1.2887083E+12    0.0044308
     276  5.0400000E-04  2.9592000  1.2768000E+12    0.0044247
     277  5.0655950E-04  2.9448633  1.2647990E+12    0.0044174
     278  5.0898962E-04  2.9306596  1.2534813E+12    0.0044095
     279  5.1180094E-04  2.9137332  1.2404962E+12    0.0043995
     280  5.1446687E-04  2.8974133  1.2283044E+12    0.0043895
     281  5.1703581E-04  2.8816425  1.2166812E+12    0.0043797
     282  5.1953532E-04  2.8664358  1.2055013E+12    0.0043702
     283  5.2198839E-04  2.8518080  1.1946632E+12    0.0043613
     284  5.2441524E-04  2.8377790  1.1840809E+12    0.0043529
     285  5.2683494E-04  2.8243774  1.1736772E+12    0.0043453
     286  5.2900000E-04  2.8130000  1.1645000E+12    0.0043393
     287  5.3147470E-04  2.8006649  1.1541843E+12    0.0043334
     288  5.3397199E-04  2.7887617  1.1439611E+12    0.0043280
     289  5.3649657E-04  2.7771972  1.1337907E+12    0.0043231
     290  5.3904079E-04  2.7659319  1.1236827E+12    0.0043187
     291  5.4159602E-04  2.7549231  1.1136486E+12    0.0043146
     292  5.4415228E-04  2.7441290  1.1037037E+12    0.0043108
     293  5.4669869E-04  2.7335092  1.0938660E+12    0.0043072
     294  5.4922396E-04  2.7230260  1.0841554E+12    0.0043037
     295  5.5171696E-04  2.7126457  1.0745921E+12    0.0043002
     296  5.5416727E-04  2.7023389  1.0651959E+12    0.0042967
     297  5.5500000E-04  2.6988000  1.0620000E+12    0.0042954
     298  5.5666546E-04  2.6917429  1.0555594E+12    0.0042930
     299  5.5903187E-04  2.6818447  1.0462849E+12    0.0042901

#-- 1:it 2:time[s] 3:T9[GK] 4:rho[g/cm3] 5:entropy[kB/baryon]
     300  5.6132573E-04  2.6723630  1.0372205E+12    0.0042875
     301  5.6358669E-04  2.6630933  1.0282796E+12    0.0042852
     302  5.6582207E-04  2.6539714  1.0194939E+12    0.0042830
     303  5.6803952E-04  2.6449354  1.0108884E+12    0.0042807
     304  5.7024597E-04  2.6359279  1.0024876E+12    0.0042782
     305  5.7244800E-04  2.6268941  9.9431611E+11    0.0042754
     306  5.7465196E-04  2.6177804  9.8639944E+11    0.0042721
     307  5.7686418E-04  2.6085328  9.7876496E+11    0.0042683
     308  5.7909115E-04  2.5990950  9.7144276E+11    0.0042637
     309  5.8000000E-04  2.5952000  9.6857000E+11    0.0042616
     310  5.8181770E-04  2.5873057  9.6307886E+11    0.0042568
     311  5.8413249E-04  2.5770608  9.5655621E+11    0.0042498
     312  5.8695785E-04  2.5643441  9.4915388E+11    0.0042400
     313  5.8975283E-04  2.5516310  9.4225054E+11    0.0042295
     314  5.9253773E-04  2.5389308  9.3559861E+11    0.0042186
     315  5.9530654E-04  2.5263669  9.2902950E+11    0.0042078
     316  5.9805516E-04  2.5140483  9.2238071E+11    0.0041975
     317  6.0078009E-04  2.5020748  9.1550122E+11    0.0041882
     318  6.0347855E-04  2.4905357  9.0825299E+11    0.0041801
     319  6.0500000E-04  2.4842000  9.0392000E+11    0.0041763
     320  6.0774430E-04  2.4731130  8.9560229E+11    0.0041707
     321  6.1039869E-04  2.4627435  8.8706494E+11    0.0041667
     322  6.1295695E-04  2.4529968  8.7853694E+11    0.0041638
     323  6.1544940E-04  2.4436600  8.7008517E+11    0.0041616
     324  6.1789817E-04  2.4345716  8.6177002E+11    0.0041597
     325  6.2032151E-04  2.4255960  8.5364638E+11    0.0041576
     326  6.2273546E-04  2.4166111  8.4576769E+11    0.0041553
     327  6.2515513E-04  2.4074998  8.3818940E+11    0.0041523
     328  6.2759564E-04  2.3981424  8.3097267E+11    0.0041483
     329  6.3000000E-04  2.3887000  8.2438000E+11    0.0041431
     330  6.3253492E-04  2.3785339  8.1805717E+11    0.0041363
     331  6.3514703E-04  2.3679214  8.1212237E+11    0.0041280
     332  6.3784109E-04  2.3568585  8.0646584E+11    0.0041185
     333  6.4059243E-04  2.3454667  8.0101651E+11    0.0041081
     334  6.4337095E-04  2.3338969  7.9568708E+11    0.0040971
     335  6.4614216E-04  2.3223220  7.9038624E+11    0.0040861
     336  6.4901982E-04  2.3102969  7.8473075E+11    0.0040749
     337  6.5183609E-04  2.2985534  7.7888669E+11    0.0040645
     338  6.5458840E-04  2.2871297  7.7273199E+11    0.0040552
     339  6.5600000E-04  2.2813000  7.6936000E+11    0.0040509
     340  6.5868726E-04  2.2700987  7.6251242E+11    0.0040432
     341  6.6122158E-04  2.2593623  7.5564535E+11    0.0040364
     342  6.6365496E-04  2.2489719  7.4879592E+11    0.0040303
     343  6.6602168E-04  2.2388567  7.4199657E+11    0.0040246
     344  6.6834767E-04  2.2289681  7.3527491E+11    0.0040191
     345  6.7065449E-04  2.2192706  7.2865631E+11    0.0040139
     346  6.7296176E-04  2.2097369  7.2216598E+11    0.0040088
     347  6.7528891E-04  2.2003452  7.1583114E+11    0.0040037
     348  6.7765688E-04  2.1910773  7.0968360E+11    0.0039985
     349  6.8009015E-04  2.1819178  7.0376343E+11    0.0039931

#-- 1:it 2:time[s] 3:T9[GK] 4:rho[g/cm3] 5:entropy[kB/baryon]
     350  6.8100000E-04  2.1786000  7.0167000E+11    0.0039910
     351  6.8281971E-04  2.1721761  6.9768732E+11    0.0039870
     352  6.8556327E-04  2.1629875  6.9212226E+11    0.0039809
     353  6.8874657E-04  2.1529032  6.8616618E+11    0.0039740
     354  6.9219247E-04  2.1424391  6.8009665E+11    0.0039667
     355  6.9585634E-04  2.1315255  6.7379787E+11    0.0039590
     356  6.9964693E-04  2.1201236  6.6714289E+11    0.0039512
     357  7.0343720E-04  2.1082597  6.6003915E+11    0.0039434
     358  7.0600000E-04  2.0998000  6.5483000E+11    0.0039382
     359  7.0943746E-04  2.0878929  6.4723030E+11    0.0039314
     360  7.1273844E-04  2.0760592  6.3944288E+11    0.0039251
     361  7.1581093E-04  2.0648188  6.3195956E+11    0.0039195
     362  7.1874980E-04  2.0539687  6.2475036E+11    0.0039140
     363  7.2161390E-04  2.0433945  6.1781398E+11    0.0039086
     364  7.2444761E-04  2.0330180  6.1116236E+11    0.0039030
     365  7.2728990E-04  2.0227783  6.0481901E+11    0.0038971
     366  7.3018030E-04  2.0126217  5.9882174E+11    0.0038907
     367  7.3100000E-04  2.0098000  5.9722000E+11    0.0038887
     368  7.3263939E-04  2.0041986  5.9412626E+11    0.0038847
     369  7.3581448E-04  1.9934309  5.8845460E+11    0.0038765
     370  7.3894669E-04  1.9829245  5.8320451E+11    0.0038678
     371  7.4212275E-04  1.9724019  5.7815043E+11    0.0038586
     372  7.4533696E-04  1.9619009  5.7323229E+11    0.0038493
     373  7.4857887E-04  1.9514739  5.6839290E+11    0.0038399
     374  7.5183707E-04  1.9411747  5.6357357E+11    0.0038307
     375  7.5509938E-04  1.9310571  5.5871643E+11    0.0038219
     376  7.5600000E-04  1.9283000  5.5736000E+11    0.0038196
     377  7.5780124E-04  1.9228931  5.5468561E+11    0.0038151
     378  7.6116232E-04  1.9132143  5.4990436E+11    0.0038071
     379  7.6457312E-04  1.9037692  5.4523306E+11    0.0037994
     380  7.6808705E-04  1.8942251  5.4049121E+11    0.0037916
     381  7.7161727E-04  1.8846135  5.3567954E+11    0.0037838
     382  7.7503829E-04  1.8750762  5.3086005E+11    0.0037763
     383  7.7826399E-04  1.8657098  5.2608087E+11    0.0037690
     384  7.8125530E-04  1.8565614  5.2137156E+11    0.0037619
     385  7.8200000E-04  1.8542000  5.2015000E+11    0.0037601
     386  7.8348939E-04  1.8493665  5.1762674E+11    0.0037565
     387  7.8604952E-04  1.8407511  5.1305122E+11    0.0037503
     388  7.8838892E-04  1.8326075  5.0867054E+11    0.0037445
     389  7.9057963E-04  1.8248117  5.0445519E+11    0.0037391
     390  7.9266883E-04  1.8172778  5.0038202E+11    0.0037339
     391  7.9468919E-04  1.8099467  4.9643547E+11    0.0037288
     392  7.9666495E-04  1.8027763  4.9260596E+11    0.0037237
     393  7.9861571E-04  1.7957348  4.8888807E+11    0.0037187
     394  8.0055874E-04  1.7887969  4.8527957E+11    0.0037136
     395  8.0251056E-04  1.7819407  4.8178115E+11    0.0037084
     396  8.0448839E-04  1.7751465  4.7839665E+11    0.0037031
     397  8.0651163E-04  1.7683951  4.7513378E+11    0.0036976
     398  8.0700000E-04  1.7668000  4.7438000E+11    0.0036962
     399  8.0797674E-04  1.7636332  4.7290502E+11    0.0036935

#-- 1:it 2:time[s] 3:T9[GK] 4:rho[g/cm3] 5:entropy[kB/baryon]
     400  8.0993021E-04  1.7573533  4.7006024E+11    0.0036879
     401  8.1216970E-04  1.7502414  4.6695227E+11    0.0036812
     402  8.1444692E-04  1.7431045  4.6393420E+11    0.0036743
     403  8.1677048E-04  1.7359201  4.6097513E+11    0.0036671
     404  8.1913601E-04  1.7287060  4.5805931E+11    0.0036597
     405  8.2153588E-04  1.7214895  4.5517203E+11    0.0036522
     406  8.2396038E-04  1.7143023  4.5229840E+11    0.0036448
     407  8.2639834E-04  1.7071790  4.4942357E+11    0.0036375
     408  8.2883762E-04  1.7001548  4.4653332E+11    0.0036305
     409  8.3200000E-04  1.6912000  4.4272000E+11    0.0036219
     410  8.3512579E-04  1.6826456  4.3891287E+11    0.0036142
     411  8.3823358E-04  1.6744852  4.3516007E+11    0.0036071
     412  8.4136940E-04  1.6664841  4.3140590E+11    0.0036005
     413  8.4452904E-04  1.6585432  4.2765591E+11    0.0035940
     414  8.4769458E-04  1.6505944  4.2393156E+11    0.0035874
     415  8.5148500E-04  1.6409271  4.1951461E+11    0.0035791
     416  8.5515824E-04  1.6312341  4.1527809E+11    0.0035702
     417  8.5700000E-04  1.6262000  4.1317000E+11    0.0035653
     418  8.6048808E-04  1.6163438  4.0919785E+11    0.0035553
     419  8.6376828E-04  1.6067936  4.0548614E+11    0.0035453
     420  8.6693499E-04  1.5974078  4.0193147E+11    0.0035351
     421  8.7002178E-04  1.5881838  3.9849950E+11    0.0035249
     422  8.7305610E-04  1.5791196  3.9516297E+11    0.0035147
     423  8.7606125E-04  1.5702162  3.9189977E+11    0.0035047
     424  8.7905844E-04  1.5614769  3.8869078E+11    0.0034949
     425  8.8200000E-04  1.5531000  3.8559000E+11    0.0034856
     426  8.8504741E-04  1.5445753  3.8243754E+11    0.0034761
     427  8.8811121E-04  1.5360706  3.7932793E+11    0.0034666
     428  8.9116805E-04  1.5276606  3.7627384E+11    0.0034570
     429  8.9422049E-04  1.5193469  3.7326150E+11    0.0034476
     430  8.9726992E-04  1.5111342  3.7027888E+11    0.0034383
     431  9.0031785E-04  1.5030271  3.6731422E+11    0.0034292
     432  9.0336586E-04  1.4950298  3.6435612E+11    0.0034203
     433  9.0638881E-04  1.4872149  3.6141948E+11    0.0034117
     434  9.0800000E-04  1.4831000  3.5985000E+11    0.0034073
     435  9.1108542E-04  1.4753580  3.5683990E+11    0.0033992
     436  9.1411847E-04  1.4679199  3.5388351E+11    0.0033916
     437  9.1718135E-04  1.4605386  3.5090592E+11    0.0033842
     438  9.2025693E-04  1.4532150  3.4792903E+11    0.0033770
     439  9.2333234E-04  1.4459378  3.4497037E+11    0.0033698
     440  9.2639395E-04  1.4386976  3.4204769E+11    0.0033626
     441  9.2942823E-04  1.4314863  3.3917796E+11    0.0033553
     442  9.3242239E-04  1.4242981  3.3637660E+11    0.0033479
     443  9.3300000E-04  1.4229000  3.3584000E+11    0.0033464
     444  9.3415523E-04  1.4201023  3.3476977E+11    0.0033434
     445  9.3646568E-04  1.4145195  3.3263935E+11    0.0033375
     446  9.3938448E-04  1.4074807  3.2996711E+11    0.0033299
     447  9.4225405E-04  1.4005621  3.2736063E+11    0.0033225
     448  9.4509930E-04  1.3936893  3.2479645E+11    0.0033150
     449  9.4791424E-04  1.3868636  3.2227927E+11    0.0033074

#-- 1:it 2:time[s] 3:T9[GK] 4:rho[g/cm3] 5:entropy[kB/baryon]
     450  9.5069471E-04  1.3800835  3.1981208E+11    0.0032998
     451  9.5343689E-04  1.3733478  3.1739744E+11    0.0032922
     452  9.5613744E-04  1.3666554  3.1503738E+11    0.0032844
     453  9.5800000E-04  1.3620000  3.1342000E+11    0.0032789
     454  9.6065544E-04  1.3553340  3.1112451E+11    0.0032710
     455  9.6324043E-04  1.3488312  3.0890022E+11    0.0032632
     456  9.6671837E-04  1.3400438  3.0592825E+11    0.0032525
     457  9.7009097E-04  1.3314612  3.0307428E+11    0.0032419
     458  9.7339495E-04  1.3229754  3.0031036E+11    0.0032312
     459  9.7662739E-04  1.3145809  2.9764167E+11    0.0032204
     460  9.8002380E-04  1.3056440  2.9488017E+11    0.0032086
     461  9.8300000E-04  1.2977000  2.9250000E+11    0.0031978
     462  9.8624620E-04  1.2889697  2.8990570E+11    0.0031858
     463  9.8940972E-04  1.2804331  2.8736057E+11    0.0031741
     464  9.9251467E-04  1.2719965  2.8487543E+11    0.0031624
     465  9.9555871E-04  1.2636417  2.8247789E+11    0.0031506
     466  9.9854074E-04  1.2553511  2.8019051E+11    0.0031385
     467  1.0014599E-03  1.2471104  2.7803200E+11    0.0031260
     468  1.0043156E-03  1.2389082  2.7601748E+11    0.0031130
     469  1.0071075E-03  1.2307356  2.7415885E+11    0.0030995
     470  1.0090000E-03  1.2251000  2.7297000E+11    0.0030898
     471  1.0117150E-03  1.2169188  2.7140724E+11    0.0030751
     472  1.0143554E-03  1.2088841  2.7004612E+11    0.0030599
     473  1.0169678E-03  1.2008499  2.6881065E+11    0.0030442
     474  1.0195386E-03  1.1928545  2.6766312E+11    0.0030282
     475  1.0220580E-03  1.1849257  2.6656710E+11    0.0030122
     476  1.0245182E-03  1.1770881  2.6549003E+11    0.0029963
     477  1.0269133E-03  1.1693620  2.6440391E+11    0.0029806
     478  1.0292392E-03  1.1617640  2.6328562E+11    0.0029654
     479  1.0314935E-03  1.1543060  2.6211679E+11    0.0029507
     480  1.0336751E-03  1.1469965  2.6088355E+11    0.0029366
     481  1.0340000E-03  1.1459000  2.6069000E+11    0.0029345
     482  1.0346498E-03  1.1436948  2.6029646E+11    0.0029303
     483  1.0359494E-03  1.1392274  2.5948827E+11    0.0029219
     484  1.0379926E-03  1.1320709  2.5816649E+11    0.0029084
     485  1.0399325E-03  1.1251553  2.5686212E+11    0.0028955
     486  1.0418101E-03  1.1183796  2.5556242E+11    0.0028829
     487  1.0436377E-03  1.1117334  2.5426987E+11    0.0028705
     488  1.0454260E-03  1.1052067  2.5298608E+11    0.0028585
     489  1.0471834E-03  1.0987916  2.5171247E+11    0.0028466
     490  1.0489176E-03  1.0924817  2.5045027E+11    0.0028350
     491  1.0506351E-03  1.0862718  2.4920059E+11    0.0028235
     492  1.0523422E-03  1.0801576  2.4796450E+11    0.0028122
     493  1.0540446E-03  1.0741356  2.4674303E+11    0.0028011
     494  1.0557482E-03  1.0682028  2.4553723E+11    0.0027901
     495  1.0574589E-03  1.0623567  2.4434822E+11    0.0027793
     496  1.0590000E-03  1.0572000  2.4330000E+11    0.0027697
     497  1.0608241E-03  1.0511873  2.4206285E+11    0.0027586
     498  1.0626414E-03  1.0452465  2.4081333E+11    0.0027477
     499  1.0644506E-03  1.0393836  2.3955921E+11    0.0027370

#-- 1:it 2:time[s] 3:T9[GK] 4:rho[g/cm3] 5:entropy[kB/baryon]
     500  1.0662534E-03  1.0335950  2.3830600E+11    0.0027265
     501  1.0680510E-03  1.0278779  2.3705908E+11    0.0027161
     502  1.0698449E-03  1.0222296  2.3582357E+11    0.0027058
     503  1.0716364E-03  1.0166473  2.3460446E+11    0.0026956
     504  1.0734268E-03  1.0111288  2.3340658E+11    0.0026855
     505  1.0752176E-03  1.0056715  2.3223471E+11    0.0026755
     506  1.0770101E-03  1.0002733  2.3109357E+11    0.0026654
     507  1.0788058E-03  0.9949318  2.2998789E+11    0.0026554
     508  1.0805889E-03  0.9896951  2.2893240E+11    0.0026454
     509  1.0823780E-03  0.9845096  2.2792109E+11    0.0026354
     510  1.0840000E-03  0.9798700  2.2705000E+11    0.0026262
     511  1.0858140E-03  0.9747295  2.2614113E+11    0.0026159
     512  1.0876225E-03  0.9696405  2.2530584E+11    0.0026053
     513  1.0894301E-03  0.9645964  2.2452980E+11    0.0025947
     514  1.0912383E-03  0.9596000  2.2380084E+11    0.0025840
     515  1.0936061E-03  0.9531429  2.2289889E+11    0.0025699
     516  1.0959458E-03  0.9468707  2.2204363E+11    0.0025562
     517  1.0982946E-03  0.9406965  2.2119691E+11    0.0025426
     518  1.1006604E-03  0.9346151  2.2033204E+11    0.0025294
     519  1.1030531E-03  0.9286182  2.1942066E+11    0.0025165
     520  1.1054839E-03  0.9226980  2.1843209E+11    0.0025041
     521  1.1079658E-03  0.9168471  2.1733178E+11    0.0024924
     522  1.1090000E-03  0.9144700  2.1684000E+11    0.0024877
     523  1.1110684E-03  0.9099101  2.1579504E+11    0.0024793
     524  1.1138103E-03  0.9042812  2.1430559E+11    0.0024696
     525  1.1167279E-03  0.8986765  2.1262632E+11    0.0024607
     526  1.1198408E-03  0.8929641  2.1077291E+11    0.0024522
     527  1.1230795E-03  0.8871216  2.0882807E+11    0.0024437
     528  1.1265467E-03  0.8807567  2.0678643E+11    0.0024341
     529  1.1299127E-03  0.8742475  2.0490222E+11    0.0024235
     530  1.1330708E-03  0.8676539  2.0327147E+11    0.0024115
     531  1.1350000E-03  0.8633200  2.0236000E+11    0.0024030
     532  1.1376727E-03  0.8569055  2.0121878E+11    0.0023895
     533  1.1401617E-03  0.8505878  2.0026404E+11    0.0023755
     534  1.1424911E-03  0.8444538  1.9944040E+11    0.0023614
     535  1.1447112E-03  0.8384736  1.9869805E+11    0.0023474
     536  1.1468545E-03  0.8326324  1.9800330E+11    0.0023336
     537  1.1489448E-03  0.8269214  1.9733073E+11    0.0023200
     538  1.1510008E-03  0.8213355  1.9665940E+11    0.0023068
     539  1.1530386E-03  0.8158724  1.9597053E+11    0.0022939
     540  1.1550733E-03  0.8105316  1.9524602E+11    0.0022815
     541  1.1571197E-03  0.8053148  1.9446706E+11    0.0022697
     542  1.1591935E-03  0.8002264  1.9361274E+11    0.0022585
     543  1.1600000E-03  0.7983100  1.9326000E+11    0.0022544
     544  1.1616130E-03  0.7945429  1.9251684E+11    0.0022465
     545  1.1637915E-03  0.7895407  1.9144251E+11    0.0022364
     546  1.1660370E-03  0.7844830  1.9026852E+11    0.0022265
     547  1.1682731E-03  0.7795402  1.8905215E+11    0.0022171
     548  1.1705074E-03  0.7746899  1.8780938E+11    0.0022080
     549  1.1727431E-03  0.7699195  1.8655747E+11    0.0021992

#-- 1:it 2:time[s] 3:T9[GK] 4:rho[g/cm3] 5:entropy[kB/baryon]
     550  1.1749839E-03  0.7652168  1.8531312E+11    0.0021906
     551  1.1772333E-03  0.7605701  1.8409287E+11    0.0021819
     552  1.1794950E-03  0.7559681  1.8291331E+11    0.0021733
     553  1.1817727E-03  0.7513993  1.8179143E+11    0.0021644
     554  1.1840705E-03  0.7468526  1.8074492E+11    0.0021554
     555  1.1850000E-03  0.7450300  1.8035000E+11    0.0021516
     556  1.1868590E-03  0.7414126  1.7960166E+11    0.0021440
     557  1.1892381E-03  0.7368390  1.7870704E+11    0.0021342
     558  1.1916120E-03  0.7323414  1.7787423E+11    0.0021243
     559  1.1940088E-03  0.7278708  1.7708249E+11    0.0021143
     560  1.1964277E-03  0.7234346  1.7632193E+11    0.0021042
     561  1.1988692E-03  0.7190372  1.7558172E+11    0.0020942
     562  1.2017357E-03  0.7139822  1.7473226E+11    0.0020826
     563  1.2046697E-03  0.7089346  1.7386641E+11    0.0020711
     564  1.2076750E-03  0.7039028  1.7296310E+11    0.0020598
     565  1.2100000E-03  0.7001100  1.7224000E+11    0.0020514
     566  1.2131377E-03  0.6952180  1.7127143E+11    0.0020407
     567  1.2163834E-03  0.6904433  1.7031007E+11    0.0020303
     568  1.2197626E-03  0.6856774  1.6932862E+11    0.0020200
     569  1.2232828E-03  0.6808225  1.6830060E+11    0.0020096
     570  1.2269355E-03  0.6757798  1.6719845E+11    0.0019989
     571  1.2302876E-03  0.6710403  1.6612972E+11    0.0019889
     572  1.2335361E-03  0.6662528  1.6501962E+11    0.0019790
     573  1.2350000E-03  0.6640100  1.6449000E+11    0.0019743
     574  1.2379278E-03  0.6593852  1.6335200E+11    0.0019649
     575  1.2407953E-03  0.6547281  1.6214473E+11    0.0019557
     576  1.2435699E-03  0.6501335  1.6091778E+11    0.0019467
     577  1.2462696E-03  0.6456083  1.5969408E+11    0.0019379
     578  1.2489153E-03  0.6411475  1.5848941E+11    0.0019292
     579  1.2515255E-03  0.6367451  1.5731698E+11    0.0019205
     580  1.2541164E-03  0.6323967  1.5618911E+11    0.0019117
     581  1.2567025E-03  0.6280993  1.5511818E+11    0.0019029
     582  1.2592978E-03  0.6238511  1.5411735E+11    0.0018939
     583  1.2610000E-03  0.6211100  1.5351000E+11    0.0018879
     584  1.2636204E-03  0.6169201  1.5264264E+11    0.0018785
     585  1.2662810E-03  0.6126706  1.5182437E+11    0.0018686
     586  1.2689589E-03  0.6084091  1.5105231E+11    0.0018585
     587  1.2716487E-03  0.6041555  1.5031700E+11    0.0018482
     588  1.2743514E-03  0.5999191  1.4960687E+11    0.0018379
     589  1.2770709E-03  0.5957053  1.4890966E+11    0.0018275
     590  1.2798118E-03  0.5915182  1.4821272E+11    0.0018172
     591  1.2825797E-03  0.5873616  1.4750294E+11    0.0018070
     592  1.2853804E-03  0.5832395  1.4676657E+11    0.0017970
     593  1.2860000E-03  0.5823400  1.4660000E+11    0.0017948
     594  1.2872392E-03  0.5805471  1.4626566E+11    0.0017905
     595  1.2897176E-03  0.5769737  1.4559924E+11    0.0017820
     596  1.2925943E-03  0.5728598  1.4482949E+11    0.0017721
     597  1.2955144E-03  0.5687380  1.4405224E+11    0.0017622
     598  1.2984790E-03  0.5646278  1.4326743E+11    0.0017523
     599  1.3014941E-03  0.5605430  1.4247364E+11    0.0017425

#-- 1:it 2:time[s] 3:T9[GK] 4:rho[g/cm3] 5:entropy[kB/baryon]
     600  1.3045690E-03  0.5564955  1.4166867E+11    0.0017329
     601  1.3077153E-03  0.5524975  1.4084977E+11    0.0017235
     602  1.3109468E-03  0.5485633  1.4001373E+11    0.0017143
     603  1.3110000E-03  0.5485000  1.4000000E+11    0.0017141
     604  1.3111065E-03  0.5483737  1.3997253E+11    0.0017138
     605  1.3113195E-03  0.5481217  1.3991761E+11    0.0017133
     606  1.3117455E-03  0.5476206  1.3980776E+11    0.0017121
     607  1.3125975E-03  0.5466294  1.3958816E+11    0.0017098
     608  1.3143015E-03  0.5446882  1.3914936E+11    0.0017054
     609  1.3177094E-03  0.5409522  1.3827420E+11    0.0016970
     610  1.3212816E-03  0.5372063  1.3736197E+11    0.0016887
     611  1.3250009E-03  0.5334400  1.3641981E+11    0.0016804
     612  1.3288689E-03  0.5296118  1.3545059E+11    0.0016720
     613  1.3328819E-03  0.5256746  1.3445902E+11    0.0016634
     614  1.3360000E-03  0.5226000  1.3370000E+11    0.0016565
     615  1.3402360E-03  0.5185371  1.3268884E+11    0.0016475
     616  1.3445052E-03  0.5146335  1.3169060E+11    0.0016389
     617  1.3489072E-03  0.5106720  1.3067620E+11    0.0016302
     618  1.3533030E-03  0.5066432  1.2967127E+11    0.0016212
     619  1.3575540E-03  0.5025521  1.2870059E+11    0.0016118
     620  1.3615476E-03  0.4984285  1.2778429E+11    0.0016019
     621  1.3620000E-03  0.4979400  1.2768000E+11    0.0016008
     622  1.3629047E-03  0.4969471  1.2747121E+11    0.0015983
     623  1.3647142E-03  0.4949003  1.2705314E+11    0.0015933
     624  1.3681147E-03  0.4908745  1.2626646E+11    0.0015832
     625  1.3712504E-03  0.4870187  1.2554099E+11    0.0015733
     626  1.3742321E-03  0.4832883  1.2485231E+11    0.0015637
     627  1.3771222E-03  0.4796669  1.2418683E+11    0.0015543
     628  1.3799661E-03  0.4761471  1.2353485E+11    0.0015451
     629  1.3828021E-03  0.4727261  1.2288838E+11    0.0015363
     630  1.3856671E-03  0.4694058  1.2223990E+11    0.0015278
     631  1.3870000E-03  0.4679200  1.2194000E+11    0.0015240
     632  1.3896658E-03  0.4650180  1.2134280E+11    0.0015167
     633  1.3927334E-03  0.4617461  1.2065900E+11    0.0015084
     634  1.3958003E-03  0.4585460  1.1997905E+11    0.0015004
     635  1.3988882E-03  0.4553942  1.1929816E+11    0.0014925
     636  1.4019974E-03  0.4522909  1.1861643E+11    0.0014847
     637  1.4051293E-03  0.4492349  1.1793370E+11    0.0014772
     638  1.4082850E-03  0.4462251  1.1724981E+11    0.0014697
     639  1.4114661E-03  0.4432608  1.1656460E+11    0.0014624
     640  1.4120000E-03  0.4427700  1.1645000E+11    0.0014612
     641  1.4130679E-03  0.4417959  1.1622115E+11    0.0014588
     642  1.4152036E-03  0.4398800  1.1576487E+11    0.0014542
     643  1.4185237E-03  0.4369784  1.1505922E+11    0.0014471
     644  1.4218325E-03  0.4341658  1.1436037E+11    0.0014404
     645  1.4251867E-03  0.4313798  1.1365626E+11    0.0014337
     646  1.4285697E-03  0.4286209  1.1295045E+11    0.0014271
     647  1.4319668E-03  0.4258866  1.1224600E+11    0.0014206
     648  1.4353617E-03  0.4231753  1.1154622E+11    0.0014142
     649  1.4370000E-03  0.4218700  1.1121000E+11    0.0014110

#-- 1:it 2:time[s] 3:T9[GK] 4:rho[g/cm3] 5:entropy[kB/baryon]
     650  1.4402766E-03  0.4192508  1.1053897E+11    0.0014047
     651  1.4435903E-03  0.4165995  1.0986224E+11    0.0013983
     652  1.4468556E-03  0.4140075  1.0919861E+11    0.0013921
     653  1.4501056E-03  0.4114698  1.0854257E+11    0.0013859
     654  1.4543867E-03  0.4082275  1.0768742E+11    0.0013782
     655  1.4586946E-03  0.4051239  1.0683982E+11    0.0013709
     656  1.4620000E-03  0.4028800  1.0620000E+11    0.0013657
     657  1.4663827E-03  0.4002327  1.0536926E+11    0.0013599
     658  1.4708481E-03  0.3978822  1.0454107E+11    0.0013552
     659  1.4754303E-03  0.3956104  1.0370380E+11    0.0013509
     660  1.4801420E-03  0.3931862  1.0284927E+11    0.0013460
     661  1.4849677E-03  0.3903624  1.0197365E+11    0.0013398
     662  1.4880000E-03  0.3883000  1.0142000E+11    0.0013348
     663  1.4928353E-03  0.3845001  1.0053191E+11    0.0013249
 Evolution mode: switching on heating
     664  1.4957266E-03  0.3820087  9.9999996E+10    0.0013182
     665  1.4959663E-03  0.3975234  9.9955905E+10    0.0013766
     666  1.4962142E-03  0.4130470  9.9910323E+10    0.0014348
     667  1.4963197E-03  0.4195782  9.9890911E+10    0.0014592
     668  1.4963726E-03  0.4228283  9.9881189E+10    0.0014714
     669  1.4964238E-03  0.4259572  9.9871767E+10    0.0014831
     670  1.4964761E-03  0.4291294  9.9862150E+10    0.0014949
     671  1.4965295E-03  0.4323486  9.9852323E+10    0.0015069
     672  1.4965842E-03  0.4356185  9.9842272E+10    0.0015191
     673  1.4966370E-03  0.4387565  9.9832560E+10    0.0015308
     674  1.4966868E-03  0.4416975  9.9823402E+10    0.0015417
     675  1.4967343E-03  0.4444887  9.9814657E+10    0.0015521
     676  1.4967802E-03  0.4471662  9.9806220E+10    0.0015621
     677  1.4968249E-03  0.4497589  9.9798006E+10    0.0015717
     678  1.4968688E-03  0.4522912  9.9789939E+10    0.0015811
     679  1.4969122E-03  0.4547843  9.9781956E+10    0.0015904
     680  1.4969555E-03  0.4572577  9.9773993E+10    0.0015996
     681  1.4969990E-03  0.4597298  9.9765994E+10    0.0016088
     682  1.4970430E-03  0.4622186  9.9757898E+10    0.0016180
     683  1.4970879E-03  0.4647418  9.9749648E+10    0.0016274
     684  1.4971339E-03  0.4673174  9.9741182E+10    0.0016369
     685  1.4971815E-03  0.4699638  9.9732436E+10    0.0016467
     686  1.4972310E-03  0.4726991  9.9723345E+10    0.0016569
     687  1.4972826E-03  0.4755414  9.9713846E+10    0.0016674
     688  1.4973369E-03  0.4785073  9.9703874E+10    0.0016784
     689  1.4973940E-03  0.4816112  9.9693374E+10    0.0016899
     690  1.4974542E-03  0.4848637  9.9682301E+10    0.0017019
     691  1.4975177E-03  0.4882707  9.9670626E+10    0.0017145
     692  1.4975846E-03  0.4918325  9.9658336E+10    0.0017277
     693  1.4976548E-03  0.4955447  9.9645437E+10    0.0017414
     694  1.4977282E-03  0.4993992  9.9631946E+10    0.0017557
     695  1.4978047E-03  0.5033862  9.9617887E+10    0.0017704
     696  1.4978841E-03  0.5074957  9.9603286E+10    0.0017856
     697  1.4979664E-03  0.5117192  9.9588164E+10    0.0018012
     698  1.4980514E-03  0.5160496  9.9572539E+10    0.0018172
     699  1.4981392E-03  0.5204817  9.9556419E+10    0.0018335

#-- 1:it 2:time[s] 3:T9[GK] 4:rho[g/cm3] 5:entropy[kB/baryon]
     700  1.4982295E-03  0.5250118  9.9539813E+10    0.0018502
     701  1.4983226E-03  0.5296370  9.9522721E+10    0.0018673
     702  1.4984113E-03  0.5340161  9.9506418E+10    0.0018834
     703  1.4985020E-03  0.5384567  9.9489763E+10    0.0018998
     704  1.4985947E-03  0.5429636  9.9472732E+10    0.0019164
     705  1.4986896E-03  0.5475435  9.9455297E+10    0.0019333
     706  1.4987868E-03  0.5521985  9.9437445E+10    0.0019504
     707  1.4988863E-03  0.5569304  9.9419163E+10    0.0019678
     708  1.4989883E-03  0.5617413  9.9400440E+10    0.0019855
     709  1.4990927E-03  0.5666334  9.9381264E+10    0.0020035
     710  1.4991997E-03  0.5716086  9.9361621E+10    0.0020218
     711  1.4993093E-03  0.5766695  9.9341501E+10    0.0020405
     712  1.4994216E-03  0.5818183  9.9320890E+10    0.0020594
     713  1.4995366E-03  0.5870575  9.9299778E+10    0.0020787
     714  1.4996544E-03  0.5923898  9.9278152E+10    0.0020983
     715  1.4997751E-03  0.5978180  9.9256002E+10    0.0021182
     716  1.4998988E-03  0.6033449  9.9233317E+10    0.0021385
     717  1.5000258E-03  0.6089925  9.9210012E+10    0.0021593
     718  1.5001562E-03  0.6147592  9.9186096E+10    0.0021805
     719  1.5002897E-03  0.6206372  9.9161611E+10    0.0022020
     720  1.5004263E-03  0.6266297  9.9136554E+10    0.0022240
     721  1.5005661E-03  0.6327407  9.9110925E+10    0.0022465
     722  1.5007090E-03  0.6389746  9.9084723E+10    0.0022694
     723  1.5008550E-03  0.6453359  9.9057952E+10    0.0022927
     724  1.5009878E-03  0.6511180  9.9033617E+10    0.0023139
     725  1.5011076E-03  0.6563391  9.9011657E+10    0.0023331
     726  1.5012171E-03  0.6611115  9.8991613E+10    0.0023506
     727  1.5013178E-03  0.6655161  9.8973147E+10    0.0023668
     728  1.5014114E-03  0.6696136  9.8956008E+10    0.0023818
     729  1.5014988E-03  0.6734506  9.8940002E+10    0.0023959
     730  1.5015809E-03  0.6770636  9.8924975E+10    0.0024091
     731  1.5016583E-03  0.6804820  9.8910802E+10    0.0024217
     732  1.5017315E-03  0.6837297  9.8897383E+10    0.0024336
     733  1.5018012E-03  0.6868266  9.8884634E+10    0.0024449
     734  1.5018676E-03  0.6897893  9.8872483E+10    0.0024558
     735  1.5019310E-03  0.6926320  9.8860869E+10    0.0024662
     736  1.5019918E-03  0.6953665  9.8849743E+10    0.0024763
     737  1.5020502E-03  0.6980036  9.8839057E+10    0.0024859
     738  1.5021064E-03  0.7005521  9.8828774E+10    0.0024953
     739  1.5021606E-03  0.7030203  9.8818858E+10    0.0025043
     740  1.5022129E-03  0.7054151  9.8809278E+10    0.0025131
     741  1.5022636E-03  0.7077430  9.8800008E+10    0.0025216
     742  1.5023127E-03  0.7100098  9.8791022E+10    0.0025299
     743  1.5023604E-03  0.7122206  9.8782297E+10    0.0025380
     744  1.5024068E-03  0.7143802  9.8773814E+10    0.0025459
     745  1.5024515E-03  0.7164724  9.8765633E+10    0.0025536
     746  1.5024947E-03  0.7185024  9.8757732E+10    0.0025610
     747  1.5025365E-03  0.7204753  9.8750088E+10    0.0025683
     748  1.5025770E-03  0.7223952  9.8742683E+10    0.0025753
     749  1.5026162E-03  0.7242664  9.8735499E+10    0.0025822

#-- 1:it 2:time[s] 3:T9[GK] 4:rho[g/cm3] 5:entropy[kB/baryon]
     750  1.5026544E-03  0.7260923  9.8728521E+10    0.0025888
     751  1.5026915E-03  0.7278764  9.8721733E+10    0.0025954
     752  1.5027277E-03  0.7296218  9.8715122E+10    0.0026018
     753  1.5027630E-03  0.7302595  9.8708675E+10    0.0026080
     754  1.5027981E-03  0.7302309  9.8702255E+10    0.0026142
     755  1.5028335E-03  0.7302021  9.8695773E+10    0.0026205
