# 1:A 2:Y(A) 3:X(A)
    1     3.47482459269864E-06     3.47482459269864E-06
    2     1.11819366512639E-09     2.23638733025277E-09
    3     5.72305959222528E-12     1.71691787766759E-11
    4     2.81740277070619E-04     1.12696110828247E-03
    5     0.00000000000000E+00     0.00000000000000E+00
    6     0.00000000000000E+00     0.00000000000000E+00
    7     2.72614999270273E-10     1.90830499489191E-09
    8     0.00000000000000E+00     0.00000000000000E+00
    9     1.15305919336524E-06     1.03775327402872E-05
   10     7.53654924857668E-07     7.53654924857668E-06
   11     6.14404330589919E-10     6.75844763648911E-09
   12     4.08977027414551E-07     4.90772432897461E-06
   13     1.87539072828474E-08     2.43800794677017E-07
   14     1.11011390067861E-08     1.55415946095005E-07
   15     4.79561886262385E-06     7.19342829393578E-05
   16     1.19984551584640E-07     1.91975282535425E-06
   17     1.98392560705329E-09     3.37267353199060E-08
   18     1.28986994234503E-08     2.32176589622106E-07
   19     3.07688664446686E-07     5.84608462448703E-06
   20     6.62283576319747E-07     1.32456715263949E-05
   21     2.25497206727255E-07     4.73544134127235E-06
   22     4.89765368620904E-06     1.07748381096599E-04
   23     2.69709743278006E-08     6.20332409539414E-07
   24     1.42448433944312E-08     3.41876241466350E-07
   25     2.39282602076448E-08     5.98206505191120E-07
   26     1.11798834208716E-08     2.90676968942661E-07
   27     1.48958415623045E-09     4.02187722182222E-08
   28     2.22267073572326E-09     6.22347806002512E-08
   29     4.32902305516530E-10     1.25541668599794E-08
   30     3.05190318363408E-10     9.15570955090223E-09
   31     1.26433010274658E-09     3.91942331851439E-08
   32     4.96158494679158E-09     1.58770718297331E-07
   33     3.78586917795349E-09     1.24933682872465E-07
   34     1.04901803006628E-08     3.56666130222534E-07
   35     9.66017484791692E-09     3.38106119677092E-07
   36     6.09617156214929E-09     2.19462176237374E-07
   37     1.04477608653024E-08     3.86567152016190E-07
   38     4.16915839027700E-09     1.58428018830526E-07
   39     8.15626141884474E-10     3.18094195334945E-08
   40     1.21562306923219E-09     4.86249227692877E-08
   41     2.83115313797865E-09     1.16077278657125E-07
   42     2.70402447516101E-08     1.13569027956763E-06
   43     2.06273496364085E-08     8.86976034365566E-07
   44     2.54397697456474E-08     1.11934986880849E-06
   45     1.74254219742155E-08     7.84143988839699E-07
   46     2.40813086608563E-08     1.10774019839939E-06
   47     1.61508127017228E-08     7.59088196980971E-07
   48     1.81277857068850E-08     8.70133713930480E-07
   49     1.88126431262107E-09     9.21819513184324E-08
   50     8.27903717557308E-09     4.13951858778654E-07
   51     1.16983088772104E-08     5.96613752737730E-07
   52     1.17703786140258E-08     6.12059687929343E-07
   53     5.00773272964671E-09     2.65409834671276E-07
   54     5.20442640018732E-09     2.81039025610115E-07
   55     1.63886740413428E-09     9.01377072273852E-08
   56     3.49562771926434E-09     1.95755152278803E-07
   57     3.23101216976222E-09     1.84167693676447E-07
   58     8.13026665077560E-09     4.71555465744985E-07
   59     2.68484921634807E-09     1.58406103764536E-07
   60     1.25520951193177E-08     7.53125707159063E-07
   61     3.88997501066915E-09     2.37288475650818E-07
   62     4.83711173819789E-09     2.99900927768269E-07
   63     4.89676271976993E-09     3.08496051345506E-07
   64     1.25373333627877E-08     8.02389335218413E-07
   65     1.03908849372725E-09     6.75407520922713E-08
   66     6.97930043526998E-09     4.60633828727818E-07
   67     1.58430709583856E-09     1.06148575421184E-07
   68     3.42962713569565E-09     2.33214645227304E-07
   69     4.79920260619204E-09     3.31144979827251E-07
   70     3.32709565134381E-09     2.32896695594066E-07
   71     2.21017795791994E-09     1.56922635012316E-07
   72     6.21750388576692E-09     4.47660279775218E-07
   73     1.87959954418628E-09     1.37210766725599E-07
   74     5.10642044726643E-09     3.77875113097716E-07
   75     3.17778136829849E-09     2.38333602622387E-07
   76     7.57098361415627E-09     5.75394754675877E-07
   77     4.32411025356191E-09     3.32956489524267E-07
   78     2.01041173946480E-08     1.56812115678255E-06
   79     2.91424579988893E-09     2.30225418191225E-07
   80     1.48414170708688E-08     1.18731336566950E-06
   81     1.31386170848501E-08     1.06422798387286E-06
   82     2.86312740894262E-08     2.34776447533295E-06
   83     1.39511140603113E-08     1.15794246700584E-06
   84     2.10239163508483E-08     1.76600897347126E-06
   85     1.55277080765326E-08     1.31985518650527E-06
   86     6.97528123533375E-09     5.99874186238702E-07
   87     1.79396503660738E-09     1.56074958184842E-07
   88     2.30572600051630E-09     2.02903888045435E-07
   89     1.81282934608919E-09     1.61341811801938E-07
   90     1.05790622201339E-09     9.52115599812054E-08
   91     1.24870762825938E-09     1.13632394171604E-07
   92     1.47153688201090E-09     1.35381393145003E-07
   93     7.51702316561471E-10     6.99083154402168E-08
   94     6.49097734990392E-10     6.10151870890968E-08
   95     1.08648458278298E-09     1.03216035364383E-07
   96     7.10218055165793E-10     6.81809332959161E-08
   97     1.22426898267899E-09     1.18754091319862E-07
   98     2.69992676397683E-10     2.64592822869729E-08
   99     1.23416310065996E-10     1.22182146965336E-08
  100     9.21379662046569E-10     9.21379662046569E-08
  101     2.99872847458365E-09     3.02871575932948E-07
  102     4.28140675139721E-10     4.36703488642515E-08
  103     3.01569679529009E-10     3.10616769914880E-08
  104     7.19986809526937E-09     7.48786281908014E-07
  105     3.86309795755832E-09     4.05625285543623E-07
  106     3.47177132772606E-08     3.68007760738963E-06
  107     2.05103887649268E-09     2.19461159784717E-07
  108     5.40079340850708E-09     5.83285688118765E-07
  109     1.92763041840887E-10     2.10111715606567E-08
  110     3.43616866272429E-10     3.77978552899672E-08
  111     1.78787733783309E-10     1.98454384499473E-08
  112     5.93204248035938E-10     6.64388757800250E-08
  113     8.76503899504049E-10     9.90449406439576E-08
  114     6.69983921096803E-08     7.63781670050355E-06
  115     3.48240032652928E-07     4.00476037550868E-05
  116     6.60506564047294E-07     7.66187614294861E-05
  117     2.52751500340113E-06     2.95719255397932E-04
  118     8.71459560863092E-06     1.02832228181845E-03
  119     2.10090363717225E-06     2.50007532823498E-04
  120     1.21232135871317E-05     1.45478563045581E-03
  121     1.43283985479980E-05     1.73373622430776E-03
  122     1.96173183792840E-05     2.39331284227265E-03
  123     2.17243106660278E-06     2.67209021192141E-04
  124     6.57625052127901E-06     8.15455064638597E-04
  125     2.88885182941310E-06     3.61106478676638E-04
  126     4.19584877935969E-05     5.28676946199321E-03
  127     1.46751879424760E-05     1.86374886869445E-03
  128     1.40450620117922E-04     1.79776793750940E-02
  129     3.60531838756820E-04     4.65086071996297E-02
  130     2.51131808088496E-04     3.26471350515045E-02
  131     2.96483338296308E-04     3.88393173168163E-02
  132     5.42211403353069E-04     7.15719052426051E-02
  133     8.14127961528804E-04     1.08279018883331E-01
  134     5.32591240228167E-04     7.13672261905744E-02
  135     1.75476636369358E-04     2.36893459098633E-02
  136     1.05762007136049E-04     1.43836329705026E-02
  137     6.48466924791479E-05     8.88399686964326E-03
  138     5.57239227872489E-05     7.68990134464034E-03
  139     3.16813163939405E-05     4.40370297875773E-03
  140     1.76555618164304E-05     2.47177865430026E-03
  141     8.30361230010887E-06     1.17080933431535E-03
  142     6.02380721661717E-06     8.55380624759638E-04
  143     1.39829006889389E-06     1.99955479851826E-04
  144     7.28328930982401E-07     1.04879366061466E-04
  145     3.39722087087018E-07     4.92597026276175E-05
  146     1.61001616158053E-06     2.35062359590757E-04
  147     6.04136874180785E-07     8.88081205045753E-05
  148     5.64300525557986E-07     8.35164777825819E-05
  149     4.84168991242817E-07     7.21411796951798E-05
  150     6.66809270754100E-07     1.00021390613115E-04
  151     4.99760285073758E-07     7.54638030461374E-05
  152     1.83149571452174E-06     2.78387348607304E-04
  153     6.12434147689971E-07     9.37024245965656E-05
  154     3.80215491826934E-06     5.85531857413478E-04
  155     8.77081934565499E-06     1.35947699857652E-03
  156     2.84641183293253E-06     4.44040245937475E-04
  157     3.42622590119006E-06     5.37917466486840E-04
  158     1.04743605357231E-05     1.65494896464424E-03
  159     1.02883298195514E-05     1.63584444130867E-03
  160     1.54727291521428E-05     2.47563666434284E-03
  161     1.14109121717762E-05     1.83715685965597E-03
  162     4.28745148398696E-05     6.94567140405887E-03
  163     2.95570599399627E-06     4.81780077021393E-04
  164     2.69452373021989E-05     4.41901891756062E-03
  165     6.70501230032599E-06     1.10632702955379E-03
  166     1.63259487394569E-05     2.71010749074984E-03
  167     3.26933487029888E-06     5.45978923339912E-04
  168     1.77839665082109E-05     2.98770637337943E-03
  169     6.18967603993122E-06     1.04605525074838E-03
  170     2.60275074504460E-05     4.42467626657583E-03
  171     6.10911135876210E-06     1.04465804234832E-03
  172     1.10848409546732E-05     1.90659264420380E-03
  173     1.87042837284572E-06     3.23584108502310E-04
  174     7.86742819498513E-06     1.36893250592741E-03
  175     2.85702223036095E-06     4.99978890313166E-04
  176     1.11996008381600E-05     1.97112974751616E-03
  177     1.33171860280204E-05     2.35714192695961E-03
  178     8.22297013732821E-06     1.46368868444442E-03
  179     2.00935412440476E-06     3.59674388268452E-04
  180     1.14867720030219E-05     2.06761896054394E-03
  181     3.11955424593904E-06     5.64639318514966E-04
  182     1.89100874203183E-05     3.44163591049794E-03
  183     9.25120286667571E-07     1.69297012460166E-04
  184     4.09827621358478E-06     7.54082823299600E-04
  185     8.50777284683023E-07     1.57393797666359E-04
  186     3.01035632043061E-06     5.59926275600093E-04
  187     7.72458093772289E-07     1.44449663535418E-04
  188     5.54262199514838E-06     1.04201293508789E-03
  189     1.01836142565778E-05     1.92470309449320E-03
  190     5.11909215253255E-04     9.72627508981185E-02
  191     4.61383859467392E-05     8.81243171582719E-03
  192     4.65283715188742E-04     8.93344733162385E-02
  193     1.58066750869312E-04     3.05068829177772E-02
  194     5.59347109896956E-04     1.08513339320009E-01
  195     9.92913096636507E-05     1.93618053844119E-02
  196     1.29989929504973E-04     2.54780261829747E-02
  197     3.10277713552895E-05     6.11247095699203E-03
  198     2.35585483731134E-06     4.66459257787644E-04
  199     7.84194812940797E-07     1.56054767775219E-04
  200     1.31428774875573E-07     2.62857549751147E-05
  201     3.43281542996484E-08     6.89995901422933E-06
  202     6.94137689099830E-08     1.40215813198166E-05
  203     7.43979177425211E-08     1.51027773017318E-05
  204     3.74460434237261E-08     7.63899285844012E-06
  205     1.01879223925351E-07     2.08852409046969E-05
  206     1.98130794642770E-07     4.08149436964106E-05
  207     4.50216544591848E-07     9.31948247305126E-05
  208     2.43644895549271E-06     5.06781382742483E-04
  209     8.67111438729455E-07     1.81226290694456E-04
  210     1.03735377656737E-06     2.17844293079148E-04
  211     1.37196669456570E-06     2.89484972553363E-04
  212     5.89198604108404E-08     1.24910104070982E-05
  213     2.05569495750184E-15     4.37863025947892E-13
  214     1.30060555483202E-19     2.78329588734053E-17
  215     0.00000000000000E+00     0.00000000000000E+00
  216     1.56807565411617E-06     3.38704341289094E-04
  217     8.28045576463394E-08     1.79685890092557E-05
  218     2.23137461516494E-06     4.86439666105957E-04
  219     2.78713895494074E-07     6.10383431132021E-05
  220     1.34681604633949E-06     2.96299530194688E-04
  221     8.60778541898172E-08     1.90232057759496E-05
  222     2.38350849664594E-07     5.29138886255398E-05
  223     6.90997603619732E-08     1.54092465607200E-05
  224     3.24004573476086E-06     7.25770244586433E-04
  225     1.35318715820262E-07     3.04467110595589E-05
  226     1.49590146265553E-06     3.38073730560150E-04
  227     1.63720014933628E-07     3.71644433899336E-05
  228     2.50234663727591E-06     5.70535033298907E-04
  229     5.43633757914205E-07     1.24492130562353E-04
  230     7.59005294940800E-06     1.74571217836384E-03
  231     9.26972600725072E-07     2.14130670767492E-04
  232     5.84695658515795E-06     1.35649392775664E-03
  233     1.59135398516813E-06     3.70785478544173E-04
  234     2.22806936710643E-05     5.21368231902906E-03
  235     8.01267851104827E-06     1.88297945009634E-03
  236     1.89682571275090E-05     4.47650868209212E-03
  237     5.25802443997982E-06     1.24615179227522E-03
  238     2.27345604685412E-05     5.41082539151280E-03
  239     7.04121740329310E-06     1.68285095938705E-03
  240     5.63840633040872E-05     1.35321751929809E-02
  241     1.59433692941135E-06     3.84235199988134E-04
  242     1.48682680502725E-05     3.59812086816594E-03
  243     2.31818340180501E-06     5.63318566638618E-04
  244     3.52997921670282E-05     8.61314928875487E-03
  245     4.10078850853046E-06     1.00469318458996E-03
  246     1.51274279106835E-05     3.72134726602814E-03
  247     6.44308393445476E-07     1.59144173181032E-04
  248     1.00095159631949E-05     2.48235995887233E-03
  249     4.62701774356800E-07     1.15212741814843E-04
  250     1.15082546617920E-05     2.87706366544800E-03
  251     1.39077193419232E-06     3.49083755482272E-04
  252     7.36581012354854E-05     1.85618415113423E-02
  253     8.75241283257680E-06     2.21436044664193E-03
  254     2.20204877806898E-06     5.59320389629521E-04
  255     3.12332968938627E-08     7.96449070793499E-06
  256     1.04014906788355E-06     2.66278161378189E-04
  257     5.16519022014992E-09     1.32745388657853E-06
  258     4.83531072254279E-07     1.24751016641604E-04
  259     2.88127415750239E-15     7.46250006793119E-13
  260     1.03832316015342E-17     2.69964021639890E-15
  261     0.00000000000000E+00     0.00000000000000E+00
  262     0.00000000000000E+00     0.00000000000000E+00
  263     0.00000000000000E+00     0.00000000000000E+00
  264     0.00000000000000E+00     0.00000000000000E+00
  265     0.00000000000000E+00     0.00000000000000E+00
  266     0.00000000000000E+00     0.00000000000000E+00
  267     0.00000000000000E+00     0.00000000000000E+00
  268     0.00000000000000E+00     0.00000000000000E+00
  269     0.00000000000000E+00     0.00000000000000E+00
  270     0.00000000000000E+00     0.00000000000000E+00
  271     0.00000000000000E+00     0.00000000000000E+00
  272     0.00000000000000E+00     0.00000000000000E+00
  273     0.00000000000000E+00     0.00000000000000E+00
  274     0.00000000000000E+00     0.00000000000000E+00
  275     0.00000000000000E+00     0.00000000000000E+00
  276     0.00000000000000E+00     0.00000000000000E+00
  277     0.00000000000000E+00     0.00000000000000E+00
  278     0.00000000000000E+00     0.00000000000000E+00
  279     0.00000000000000E+00     0.00000000000000E+00
  280     0.00000000000000E+00     0.00000000000000E+00
  281     0.00000000000000E+00     0.00000000000000E+00
  282     0.00000000000000E+00     0.00000000000000E+00
  283     0.00000000000000E+00     0.00000000000000E+00
  284     0.00000000000000E+00     0.00000000000000E+00
  285     0.00000000000000E+00     0.00000000000000E+00
  286     0.00000000000000E+00     0.00000000000000E+00
  287     0.00000000000000E+00     0.00000000000000E+00
  288     0.00000000000000E+00     0.00000000000000E+00
  289     0.00000000000000E+00     0.00000000000000E+00
  290     0.00000000000000E+00     0.00000000000000E+00
  291     0.00000000000000E+00     0.00000000000000E+00
  292     0.00000000000000E+00     0.00000000000000E+00
  293     0.00000000000000E+00     0.00000000000000E+00
  294     0.00000000000000E+00     0.00000000000000E+00
  295     0.00000000000000E+00     0.00000000000000E+00
  296     0.00000000000000E+00     0.00000000000000E+00
  297     0.00000000000000E+00     0.00000000000000E+00
  298     0.00000000000000E+00     0.00000000000000E+00
  299     0.00000000000000E+00     0.00000000000000E+00
  300     0.00000000000000E+00     0.00000000000000E+00
  301     0.00000000000000E+00     0.00000000000000E+00
  302     0.00000000000000E+00     0.00000000000000E+00
  303     0.00000000000000E+00     0.00000000000000E+00
  304     0.00000000000000E+00     0.00000000000000E+00
  305     0.00000000000000E+00     0.00000000000000E+00
  306     0.00000000000000E+00     0.00000000000000E+00
  307     0.00000000000000E+00     0.00000000000000E+00
  308     0.00000000000000E+00     0.00000000000000E+00
  309     0.00000000000000E+00     0.00000000000000E+00
  310     0.00000000000000E+00     0.00000000000000E+00
  311     0.00000000000000E+00     0.00000000000000E+00
  312     0.00000000000000E+00     0.00000000000000E+00
  313     0.00000000000000E+00     0.00000000000000E+00
  314     0.00000000000000E+00     0.00000000000000E+00
  315     0.00000000000000E+00     0.00000000000000E+00
  316     0.00000000000000E+00     0.00000000000000E+00
  317     0.00000000000000E+00     0.00000000000000E+00
  318     0.00000000000000E+00     0.00000000000000E+00
  319     0.00000000000000E+00     0.00000000000000E+00
  320     0.00000000000000E+00     0.00000000000000E+00
  321     0.00000000000000E+00     0.00000000000000E+00
  322     0.00000000000000E+00     0.00000000000000E+00
  323     0.00000000000000E+00     0.00000000000000E+00
  324     0.00000000000000E+00     0.00000000000000E+00
  325     0.00000000000000E+00     0.00000000000000E+00
  326     0.00000000000000E+00     0.00000000000000E+00
  327     0.00000000000000E+00     0.00000000000000E+00
  328     0.00000000000000E+00     0.00000000000000E+00
  329     0.00000000000000E+00     0.00000000000000E+00
  330     0.00000000000000E+00     0.00000000000000E+00
  331     0.00000000000000E+00     0.00000000000000E+00
  332     0.00000000000000E+00     0.00000000000000E+00
  333     0.00000000000000E+00     0.00000000000000E+00
  334     0.00000000000000E+00     0.00000000000000E+00
  335     0.00000000000000E+00     0.00000000000000E+00
  336     0.00000000000000E+00     0.00000000000000E+00
  337     0.00000000000000E+00     0.00000000000000E+00
