               WinNet - Nuclear reaction network
              ===================================
 
 
Option                                   :      Value     Unit
--------------------------------------------------------------
Release                                  :    Unknown         
Git hash                                 :    Unknown         
Network size                             :       6757         
Amount reaclib rates                     :      72724         
Amount fission rates                     :       5833         
Total number of fission neutrons         :      27813         
Amount weak (ffn) rates                  :        212         
Total reactions after merge              :      78557         
Thermodynamic trajectory                 :  from file         
Starting index                           :          2         
Expansion velocity:                      :   4.00E+04   [km/s]
Evolution mode                           :        NSE         
Initial abundance source                 :        NSE         
Initial entropy                          :   7.71E-03 [kB/nuc]

#-- 1:it 2:time[s] 3:T9[GK] 4:rho[g/cm3] 5:entropy[kB/baryon]
       0  4.3935899E-05 10.0000000  9.0225079E+12    0.0077147
       1  4.3935901E-05  9.9999999  9.0225077E+12    0.0077147
       2  4.3935905E-05  9.9999997  9.0225075E+12    0.0077147
       3  4.3935913E-05  9.9999994  9.0225071E+12    0.0077147
       4  4.3935929E-05  9.9999987  9.0225061E+12    0.0077147
       5  4.3935961E-05  9.9999972  9.0225043E+12    0.0077147
       6  4.3936025E-05  9.9999943  9.0225007E+12    0.0077147
       7  4.3936153E-05  9.9999886  9.0224933E+12    0.0077147
       8  4.3936409E-05  9.9999770  9.0224787E+12    0.0077147
       9  4.3936921E-05  9.9999540  9.0224495E+12    0.0077146
      10  4.3937945E-05  9.9999079  9.0223909E+12    0.0077146
      11  4.3939993E-05  9.9998156  9.0222739E+12    0.0077146
      12  4.3944089E-05  9.9996312  9.0220398E+12    0.0077145
      13  4.3952281E-05  9.9992623  9.0215718E+12    0.0077144
      14  4.3968665E-05  9.9985245  9.0206358E+12    0.0077141
      15  4.4001433E-05  9.9970490  9.0187646E+12    0.0077135
      16  4.4066969E-05  9.9940989  9.0150250E+12    0.0077123
      17  4.4198041E-05  9.9882013  9.0075571E+12    0.0077099
      18  4.4460185E-05  9.9764169  8.9926668E+12    0.0077051
      19  4.4984473E-05  9.9528929  8.9630707E+12    0.0076954
      20  4.6033049E-05  9.9060319  8.9046342E+12    0.0076761
      21  4.8130201E-05  9.8131234  8.7909230E+12    0.0076371
      22  5.0000000E-05  9.7313000  8.6933000E+12    0.0076019
      23  5.3739598E-05  9.5683241  8.5091780E+12    0.0075287
      24  6.1218793E-05  9.2448875  8.1754686E+12    0.0073730
      25  7.1186546E-05  8.8355765  7.7670888E+12    0.0071693
      26  7.6000000E-05  8.6531000  7.5715000E+12    0.0070819
      27  8.5168704E-05  8.3353467  7.1931179E+12    0.0069408
      28  9.4276005E-05  8.0446773  6.8337690E+12    0.0068155
      29  1.0100000E-04  7.8374000  6.5945000E+12    0.0067202
      30  1.1205729E-04  7.5014762  6.2650767E+12    0.0065445
      31  1.2281942E-04  7.1973410  5.9698035E+12    0.0063824
      32  1.2600000E-04  7.1150000  5.8774000E+12    0.0063427
 Evolution mode: switching to network
      33  1.3070188E-04  6.9999994  5.7326182E+12    0.0062929
      34  1.3070188E-04  6.9999994  5.7326182E+12    0.0062929
      35  1.3070188E-04  6.9999994  5.7326182E+12    0.0062929
      36  1.3070188E-04  6.9999994  5.7326182E+12    0.0062929
      37  1.3070188E-04  6.9999994  5.7326182E+12    0.0062929
      38  1.3070188E-04  6.9999994  5.7326182E+12    0.0062929
      39  1.3070188E-04  6.9999994  5.7326182E+12    0.0062929
      40  1.3070188E-04  6.9999994  5.7326182E+12    0.0062929
      41  1.3070188E-04  6.9999994  5.7326182E+12    0.0062929
      42  1.3070188E-04  6.9999994  5.7326182E+12    0.0062929
      43  1.3070188E-04  6.9999994  5.7326182E+12    0.0062929
      44  1.3070188E-04  6.9999994  5.7326182E+12    0.0062929
      45  1.3070188E-04  6.9999994  5.7326181E+12    0.0062929
      46  1.3070188E-04  6.9999993  5.7326181E+12    0.0062929
      47  1.3070188E-04  6.9999992  5.7326179E+12    0.0062929
      48  1.3070189E-04  6.9999990  5.7326176E+12    0.0062929
      49  1.3070191E-04  6.9999986  5.7326170E+12    0.0062929

#-- 1:it 2:time[s] 3:T9[GK] 4:rho[g/cm3] 5:entropy[kB/baryon]
      50  1.3070195E-04  6.9999977  5.7326159E+12    0.0062929
      51  1.3070202E-04  6.9999960  5.7326136E+12    0.0062929
      52  1.3070217E-04  6.9999925  5.7326090E+12    0.0062929
      53  1.3070246E-04  6.9999856  5.7325998E+12    0.0062929
      54  1.3070304E-04  6.9999718  5.7325814E+12    0.0062929
      55  1.3070421E-04  6.9999442  5.7325446E+12    0.0062929
      56  1.3070653E-04  6.9998889  5.7324711E+12    0.0062929
      57  1.3071119E-04  6.9997783  5.7323239E+12    0.0062928
      58  1.3072051E-04  6.9995572  5.7320296E+12    0.0062928
      59  1.3073915E-04  6.9991151  5.7314409E+12    0.0062926
      60  1.3077643E-04  6.9982312  5.7302633E+12    0.0062922
      61  1.3081957E-04  6.9972088  5.7289000E+12    0.0062918
      62  1.3086702E-04  6.9960848  5.7274000E+12    0.0062913
      63  1.3091921E-04  6.9948492  5.7257495E+12    0.0062908
      64  1.3097663E-04  6.9934910  5.7239333E+12    0.0062903
      65  1.3103977E-04  6.9919982  5.7219347E+12    0.0062897
      66  1.3110923E-04  6.9903575  5.7197355E+12    0.0062890
      67  1.3118563E-04  6.9885545  5.7173153E+12    0.0062883
      68  1.3126967E-04  6.9865733  5.7146518E+12    0.0062875
      69  1.3136209E-04  6.9843965  5.7117207E+12    0.0062866
      70  1.3146376E-04  6.9820051  5.7084948E+12    0.0062857
      71  1.3157557E-04  6.9793782  5.7049445E+12    0.0062846
      72  1.3169855E-04  6.9764931  5.7010370E+12    0.0062835
      73  1.3183381E-04  6.9733248  5.6967363E+12    0.0062822
      74  1.3198257E-04  6.9698462  5.6920026E+12    0.0062809
      75  1.3214617E-04  6.9660276  5.6867925E+12    0.0062794
      76  1.3232610E-04  6.9618365  5.6810580E+12    0.0062777
      77  1.3252398E-04  6.9572376  5.6747462E+12    0.0062759
      78  1.3274159E-04  6.9521925  5.6677993E+12    0.0062740
      79  1.3298088E-04  6.9466593  5.6601537E+12    0.0062718
      80  1.3324402E-04  6.9405925  5.6517398E+12    0.0062695
      81  1.3353336E-04  6.9339428  5.6424812E+12    0.0062670
      82  1.3385149E-04  6.9266565  5.6322945E+12    0.0062642
      83  1.3420125E-04  6.9186758  5.6210889E+12    0.0062612
      84  1.3458578E-04  6.9099379  5.6087653E+12    0.0062579
      85  1.3500849E-04  6.9003751  5.5952166E+12    0.0062543
      86  1.3547312E-04  6.8899143  5.5803268E+12    0.0062505
      87  1.3598379E-04  6.8784770  5.5639718E+12    0.0062463
      88  1.3654500E-04  6.8659786  5.5460186E+12    0.0062417
      89  1.3716168E-04  6.8523283  5.5263269E+12    0.0062368
      90  1.3783921E-04  6.8374287  5.5047495E+12    0.0062315
      91  1.3857772E-04  6.8213011  5.4813173E+12    0.0062257
      92  1.3936330E-04  6.8042706  5.4565143E+12    0.0062197
      93  1.4019710E-04  6.7863301  5.4303536E+12    0.0062134
      94  1.4108049E-04  6.7674689  5.4028543E+12    0.0062067
      95  1.4201473E-04  6.7476777  5.3740509E+12    0.0061997
      96  1.4300107E-04  6.7269486  5.3439954E+12    0.0061924
      97  1.4404068E-04  6.7052738  5.3127582E+12    0.0061847
      98  1.4513475E-04  6.6826451  5.2804298E+12    0.0061765
      99  1.4624373E-04  6.6598850  5.2482892E+12    0.0061682

#-- 1:it 2:time[s] 3:T9[GK] 4:rho[g/cm3] 5:entropy[kB/baryon]
     100  1.4740357E-04  6.6362589  5.2154163E+12    0.0061593
     101  1.4861644E-04  6.6117310  5.1819212E+12    0.0061499
     102  1.4988394E-04  6.5862766  5.1479591E+12    0.0061399
     103  1.5100000E-04  6.5640000  5.1190000E+12    0.0061308
     104  1.5236819E-04  6.5370078  5.0846149E+12    0.0061195
     105  1.5380149E-04  6.5092279  5.0497036E+12    0.0061077
     106  1.5526812E-04  6.4812856  5.0150478E+12    0.0060956
     107  1.5676513E-04  6.4532249  4.9806752E+12    0.0060834
     108  1.5829396E-04  6.4250011  4.9464988E+12    0.0060709
     109  1.5985590E-04  6.3965691  4.9124279E+12    0.0060582
     110  1.6145202E-04  6.3678849  4.8783692E+12    0.0060453
     111  1.6308309E-04  6.3389049  4.8442252E+12    0.0060321
     112  1.6474960E-04  6.3095863  4.8098938E+12    0.0060186
     113  1.6645170E-04  6.2798863  4.7752674E+12    0.0060050
     114  1.6818918E-04  6.2497623  4.7402325E+12    0.0059911
     115  1.6996145E-04  6.2191721  4.7046701E+12    0.0059770
     116  1.7176753E-04  6.1880744  4.6684561E+12    0.0059627
     117  1.7360600E-04  6.1564284  4.6314624E+12    0.0059482
     118  1.7547501E-04  6.1241954  4.5935584E+12    0.0059335
     119  1.7700000E-04  6.0978000  4.5623000E+12    0.0059216
     120  1.7890520E-04  6.0646367  4.5233608E+12    0.0059065
     121  1.8069195E-04  6.0333848  4.4873842E+12    0.0058920
     122  1.8250109E-04  6.0016798  4.4513876E+12    0.0058770
     123  1.8433653E-04  5.9695367  4.4152091E+12    0.0058617
     124  1.8622925E-04  5.9365058  4.3781562E+12    0.0058459
     125  1.8815051E-04  5.9031903  4.3407000E+12    0.0058300
     126  1.9009659E-04  5.8697606  4.3028104E+12    0.0058142
     127  1.9206639E-04  5.8363451  4.2644003E+12    0.0057987
     128  1.9405895E-04  5.8030744  4.2253766E+12    0.0057836
     129  1.9607338E-04  5.7700814  4.1856422E+12    0.0057691
     130  1.9810884E-04  5.7375014  4.1450960E+12    0.0057554
     131  2.0016320E-04  5.7054930  4.1036632E+12    0.0057428
     132  2.0200000E-04  5.6777000  4.0661000E+12    0.0057326
     133  2.0405755E-04  5.6476168  4.0230521E+12    0.0057228
     134  2.0612395E-04  5.6184692  3.9787145E+12    0.0057146
     135  2.0807202E-04  5.5918181  3.9362196E+12    0.0057081
     136  2.1002143E-04  5.5658118  3.8933100E+12    0.0057026
     137  2.1198089E-04  5.5402041  3.8500680E+12    0.0056979
     138  2.1395430E-04  5.5148178  3.8066758E+12    0.0056935
     139  2.1594547E-04  5.4894766  3.7633180E+12    0.0056893
     140  2.1795843E-04  5.4639995  3.7201805E+12    0.0056850
     141  2.1999745E-04  5.4381966  3.6774543E+12    0.0056802
     142  2.2206712E-04  5.4118659  3.6353396E+12    0.0056748
     143  2.2417249E-04  5.3847885  3.5940511E+12    0.0056682
     144  2.2631911E-04  5.3567232  3.5538241E+12    0.0056601
     145  2.2700000E-04  5.3477000  3.5415000E+12    0.0056572
     146  2.2836177E-04  5.3295139  3.5173907E+12    0.0056510
     147  2.3024560E-04  5.3041439  3.4850224E+12    0.0056417
     148  2.3217791E-04  5.2779288  3.4528851E+12    0.0056315
     149  2.3413980E-04  5.2511861  3.4212226E+12    0.0056204

#-- 1:it 2:time[s] 3:T9[GK] 4:rho[g/cm3] 5:entropy[kB/baryon]
     150  2.3612965E-04  5.2240066  3.3899660E+12    0.0056087
     151  2.3814645E-04  5.1964781  3.3590287E+12    0.0055965
     152  2.4018914E-04  5.1686938  3.3283178E+12    0.0055839
     153  2.4225655E-04  5.1407516  3.2977351E+12    0.0055711
     154  2.4434749E-04  5.1127542  3.2671768E+12    0.0055582
     155  2.4646073E-04  5.0848074  3.2365352E+12    0.0055455
     156  2.4859503E-04  5.0570201  3.2056981E+12    0.0055331
     157  2.5074914E-04  5.0295030  3.1745505E+12    0.0055212
     158  2.5200000E-04  5.0138000  3.1564000E+12    0.0055146
     159  2.5414399E-04  4.9873387  3.1255637E+12    0.0055038
     160  2.5635481E-04  4.9605645  3.0943838E+12    0.0054928
     161  2.5860754E-04  4.9337404  3.0631332E+12    0.0054819
     162  2.6089658E-04  4.9068771  3.0317899E+12    0.0054711
     163  2.6321870E-04  4.8799487  3.0002892E+12    0.0054603
     164  2.6557040E-04  4.8529256  2.9685629E+12    0.0054496
     165  2.6789848E-04  4.8263386  2.9372075E+12    0.0054393
     166  2.7024435E-04  4.7996341  2.9055471E+12    0.0054291
     167  2.7260564E-04  4.7727608  2.8734980E+12    0.0054190
     168  2.7497819E-04  4.7456871  2.8410028E+12    0.0054090
     169  2.7700000E-04  4.7225000  2.8130000E+12    0.0054006
     170  2.7936607E-04  4.6950652  2.7796198E+12    0.0053909
     171  2.8174162E-04  4.6671911  2.7454540E+12    0.0053814
     172  2.8411181E-04  4.6392090  2.7109791E+12    0.0053720
     173  2.8648760E-04  4.6111445  2.6762900E+12    0.0053627
     174  2.8888060E-04  4.5830137  2.6414612E+12    0.0053536
     175  2.9130227E-04  4.5548402  2.6065696E+12    0.0053447
     176  2.9376428E-04  4.5266577  2.5717001E+12    0.0053358
     177  2.9627901E-04  4.4985129  2.5369502E+12    0.0053270
     178  2.9886085E-04  4.4704612  2.5024258E+12    0.0053184
     179  3.0154072E-04  4.4424313  2.4680778E+12    0.0053098
     180  3.0300000E-04  4.4277000  2.4501000E+12    0.0053053
     181  3.0581547E-04  4.4005669  2.4166842E+12    0.0052973
     182  3.0878285E-04  4.3736131  2.3829004E+12    0.0052900
     183  3.1186737E-04  4.3468860  2.3490767E+12    0.0052832
     184  3.1440501E-04  4.3255247  2.3220504E+12    0.0052778
     185  3.1697793E-04  4.3041356  2.2952292E+12    0.0052724
     186  3.1959696E-04  4.2823464  2.2683813E+12    0.0052667
     187  3.2223050E-04  4.2601218  2.2417026E+12    0.0052604
     188  3.2485821E-04  4.2373384  2.2152622E+12    0.0052533
     189  3.2746381E-04  4.2138646  2.1890911E+12    0.0052453
     190  3.2800000E-04  4.2089000  2.1837000E+12    0.0052434
     191  3.2907238E-04  4.1988287  2.1728959E+12    0.0052397
     192  3.3121713E-04  4.1781946  2.1512185E+12    0.0052316
     193  3.3368638E-04  4.1537971  2.1262574E+12    0.0052217
     194  3.3613938E-04  4.1291006  2.1015956E+12    0.0052111
     195  3.3856974E-04  4.1044014  2.0774308E+12    0.0052002
     196  3.4099053E-04  4.0797830  2.0537557E+12    0.0051891
     197  3.4341543E-04  4.0553128  2.0305568E+12    0.0051778
     198  3.4585833E-04  4.0310574  2.0078257E+12    0.0051665
     199  3.4833410E-04  4.0070873  1.9855602E+12    0.0051552

#-- 1:it 2:time[s] 3:T9[GK] 4:rho[g/cm3] 5:entropy[kB/baryon]
     200  3.5085943E-04  3.9834828  1.9637652E+12    0.0051440
     201  3.5300000E-04  3.9643000  1.9461000E+12    0.0051349
     202  3.5567064E-04  3.9414968  1.9253791E+12    0.0051239
     203  3.5848621E-04  3.9185698  1.9050470E+12    0.0051125
     204  3.6135118E-04  3.8961225  1.8855298E+12    0.0051010
     205  3.6433316E-04  3.8733871  1.8660212E+12    0.0050892
     206  3.6739832E-04  3.8503482  1.8463531E+12    0.0050772
     207  3.7049699E-04  3.8270493  1.8263879E+12    0.0050651
     208  3.7357185E-04  3.8035795  1.8060346E+12    0.0050532
     209  3.7610748E-04  3.7837274  1.7885343E+12    0.0050435
     210  3.7800000E-04  3.7685000  1.7749000E+12    0.0050362
     211  3.8029117E-04  3.7494715  1.7576355E+12    0.0050274
     212  3.8251163E-04  3.7304841  1.7402472E+12    0.0050188
     213  3.8465018E-04  3.7118435  1.7230777E+12    0.0050105
     214  3.8673243E-04  3.6934991  1.7061275E+12    0.0050024
     215  3.8878036E-04  3.6753973  1.6893828E+12    0.0049945
     216  3.9081213E-04  3.6575002  1.6728367E+12    0.0049867
     217  3.9284387E-04  3.6397817  1.6564890E+12    0.0049791
     218  3.9489104E-04  3.6222244  1.6403458E+12    0.0049715
     219  3.9696961E-04  3.6048192  1.6244199E+12    0.0049639
     220  3.9909724E-04  3.5875651  1.6087333E+12    0.0049564
     221  4.0129471E-04  3.5704714  1.5933210E+12    0.0049489
     222  4.0300000E-04  3.5578000  1.5820000E+12    0.0049432
     223  4.0537546E-04  3.5410384  1.5670980E+12    0.0049358
     224  4.0790451E-04  3.5241604  1.5521104E+12    0.0049283
     225  4.1057120E-04  3.5072378  1.5371175E+12    0.0049208
     226  4.1337194E-04  3.4901945  1.5220760E+12    0.0049133
     227  4.1630310E-04  3.4728923  1.5068967E+12    0.0049056
     228  4.1934421E-04  3.4552240  1.4915272E+12    0.0048977
     229  4.2246137E-04  3.4370967  1.4759334E+12    0.0048894
     230  4.2561764E-04  3.4183964  1.4600646E+12    0.0048807
     231  4.2877256E-04  3.3990307  1.4438849E+12    0.0048714
     232  4.2900000E-04  3.3976000  1.4427000E+12    0.0048708
     233  4.2945489E-04  3.3947301  1.4403277E+12    0.0048694
     234  4.3036466E-04  3.3889717  1.4355857E+12    0.0048665
     235  4.3218421E-04  3.3773880  1.4261142E+12    0.0048608
     236  4.3521280E-04  3.3579484  1.4104003E+12    0.0048510
     237  4.3820599E-04  3.3386052  1.3949551E+12    0.0048411
     238  4.4112093E-04  3.3197113  1.3800186E+12    0.0048313
     239  4.4397386E-04  3.3012283  1.3655210E+12    0.0048217
     240  4.4677683E-04  3.2831354  1.3514130E+12    0.0048122
     241  4.4954040E-04  3.2654154  1.3376524E+12    0.0048028
     242  4.5227406E-04  3.2480539  1.3242024E+12    0.0047937
     243  4.5400000E-04  3.2372000  1.3158000E+12    0.0047880
     244  4.5674710E-04  3.2199252  1.3025504E+12    0.0047788
     245  4.5941368E-04  3.2030734  1.2898154E+12    0.0047697
     246  4.6203270E-04  3.1865223  1.2774277E+12    0.0047606
     247  4.6469713E-04  3.1697639  1.2649465E+12    0.0047513
     248  4.6733104E-04  3.1533531  1.2527277E+12    0.0047423
     249  4.6994787E-04  3.1372758  1.2407048E+12    0.0047336

#-- 1:it 2:time[s] 3:T9[GK] 4:rho[g/cm3] 5:entropy[kB/baryon]
     250  4.7255689E-04  3.1215431  1.2288327E+12    0.0047252
     251  4.7516752E-04  3.1061668  1.2170672E+12    0.0047173
     252  4.7778942E-04  3.0911615  1.2053649E+12    0.0047100
     253  4.7900000E-04  3.0844000  1.2000000E+12    0.0047068
     254  4.8142117E-04  3.0713279  1.1893418E+12    0.0047010
     255  4.8414114E-04  3.0573301  1.1774809E+12    0.0046955
     256  4.8690989E-04  3.0436303  1.1655287E+12    0.0046907
     257  4.8972115E-04  3.0300759  1.1535173E+12    0.0046863
     258  4.9278524E-04  3.0154636  1.1405668E+12    0.0046816
     259  4.9577529E-04  3.0011158  1.1280699E+12    0.0046768
     260  4.9868756E-04  2.9868212  1.1160302E+12    0.0046715
     261  5.0150669E-04  2.9724715  1.1044987E+12    0.0046654
     262  5.0400000E-04  2.9592000  1.0944000E+12    0.0046591
     263  5.0662345E-04  2.9444961  1.0838563E+12    0.0046512
     264  5.0912469E-04  2.9298567  1.0738729E+12    0.0046426
     265  5.1152742E-04  2.9153966  1.0643565E+12    0.0046336
     266  5.1385581E-04  2.9011656  1.0552122E+12    0.0046245
     267  5.1612874E-04  2.8872040  1.0463672E+12    0.0046154
     268  5.1836193E-04  2.8735467  1.0377621E+12    0.0046064
     269  5.2056919E-04  2.8602258  1.0293467E+12    0.0045977
     270  5.2276327E-04  2.8472736  1.0210759E+12    0.0045895
     271  5.2495656E-04  2.8347250  1.0129079E+12    0.0045817
     272  5.2716174E-04  2.8226201  1.0048019E+12    0.0045746
     273  5.2900000E-04  2.8130000  9.9813000E+11    0.0045693
     274  5.3128607E-04  2.8015851  9.8995667E+11    0.0045634
     275  5.3359178E-04  2.7905420  9.8185154E+11    0.0045582
     276  5.3593220E-04  2.7797460  9.7374867E+11    0.0045533
     277  5.3830043E-04  2.7691749  9.6565898E+11    0.0045489
     278  5.4068938E-04  2.7587997  9.5759202E+11    0.0045447
     279  5.4309073E-04  2.7485904  9.4956010E+11    0.0045409
     280  5.4549518E-04  2.7385172  9.4157765E+11    0.0045372
     281  5.4789283E-04  2.7285509  9.3366071E+11    0.0045337
     282  5.5027353E-04  2.7186641  9.2582611E+11    0.0045302
     283  5.5262739E-04  2.7088321  9.1809069E+11    0.0045267
     284  5.5494517E-04  2.6990337  9.1047041E+11    0.0045231
     285  5.5500000E-04  2.6988000  9.1029000E+11    0.0045230
     286  5.5510965E-04  2.6983327  9.0992899E+11    0.0045228
     287  5.5532896E-04  2.6973994  9.0920584E+11    0.0045225
     288  5.5576758E-04  2.6955371  9.0775528E+11    0.0045218
     289  5.5664481E-04  2.6918299  9.0483850E+11    0.0045205
     290  5.5839928E-04  2.6844776  8.9895412E+11    0.0045182
     291  5.6125877E-04  2.6726385  8.8927688E+11    0.0045148
     292  5.6401893E-04  2.6613270  8.7992387E+11    0.0045118
     293  5.6674303E-04  2.6502187  8.7077583E+11    0.0045090
     294  5.6944509E-04  2.6392010  8.6187017E+11    0.0045059
     295  5.7213947E-04  2.6281635  8.5323887E+11    0.0045024
     296  5.7483982E-04  2.6169994  8.4491668E+11    0.0044982
     297  5.7755984E-04  2.6055997  8.3694282E+11    0.0044931
     298  5.8000000E-04  2.5952000  8.3020000E+11    0.0044874
     299  5.8279710E-04  2.5829944  8.2307763E+11    0.0044794

#-- 1:it 2:time[s] 3:T9[GK] 4:rho[g/cm3] 5:entropy[kB/baryon]
     300  5.8557663E-04  2.5705842  8.1660367E+11    0.0044699
     301  5.8835500E-04  2.5579994  8.1056634E+11    0.0044593
     302  5.9112559E-04  2.5453687  8.0481716E+11    0.0044480
     303  5.9388340E-04  2.5328110  7.9920919E+11    0.0044366
     304  5.9662398E-04  2.5204378  7.9360205E+11    0.0044256
     305  5.9934351E-04  2.5083523  7.8786378E+11    0.0044152
     306  6.0203886E-04  2.4966477  7.8187243E+11    0.0044060
     307  6.0472014E-04  2.4853553  7.7548601E+11    0.0043984
     308  6.0500000E-04  2.4842000  7.7479000E+11    0.0043977
     309  6.0555973E-04  2.4819038  7.7337961E+11    0.0043963
     310  6.0667918E-04  2.4773667  7.7048894E+11    0.0043939
     311  6.0891809E-04  2.4684899  7.6446682E+11    0.0043898
     312  6.1147193E-04  2.4586296  7.5729913E+11    0.0043862
     313  6.1393695E-04  2.4493109  7.5019212E+11    0.0043836
     314  6.1635011E-04  2.4403108  7.4316172E+11    0.0043815
     315  6.1908188E-04  2.4301890  7.3524156E+11    0.0043792
     316  6.2183563E-04  2.4199693  7.2743341E+11    0.0043766
     317  6.2462446E-04  2.4095101  7.1984384E+11    0.0043732
     318  6.2747983E-04  2.3985911  7.1254499E+11    0.0043684
     319  6.3000000E-04  2.3887000  7.0661000E+11    0.0043628
     320  6.3296679E-04  2.3767882  7.0031773E+11    0.0043543
     321  6.3591114E-04  2.3647945  6.9469275E+11    0.0043442
     322  6.3886404E-04  2.3526325  6.8949237E+11    0.0043329
     323  6.4180806E-04  2.3404111  6.8457511E+11    0.0043209
     324  6.4472857E-04  2.3282289  6.7979681E+11    0.0043087
     325  6.4761186E-04  2.3161792  6.7502207E+11    0.0042967
     326  6.5044587E-04  2.3043454  6.7012964E+11    0.0042854
     327  6.5322066E-04  2.2927983  6.6501642E+11    0.0042750
     328  6.5592852E-04  2.2815947  6.5959973E+11    0.0042659
     329  6.5600000E-04  2.2813000  6.5945000E+11    0.0042657
     330  6.5614297E-04  2.2807104  6.5914944E+11    0.0042653
     331  6.5642890E-04  2.2795287  6.5854407E+11    0.0042644
     332  6.5700077E-04  2.2771565  6.5731685E+11    0.0042626
     333  6.5814450E-04  2.2723793  6.5480095E+11    0.0042592
     334  6.6043196E-04  2.2627204  6.4955831E+11    0.0042527
     335  6.6289304E-04  2.2522296  6.4367933E+11    0.0042460
     336  6.6527012E-04  2.2420659  6.3785392E+11    0.0042399
     337  6.6759976E-04  2.2321384  6.3208583E+11    0.0042341
     338  6.6990406E-04  2.2224098  6.2639790E+11    0.0042286
     339  6.7220285E-04  2.2128510  6.2081145E+11    0.0042232
     340  6.7451528E-04  2.2034389  6.1534895E+11    0.0042178
     341  6.7751171E-04  2.1916361  6.0861324E+11    0.0042109
     342  6.8072620E-04  2.1795919  6.0196365E+11    0.0042034
     343  6.8100000E-04  2.1786000  6.0143000E+11    0.0042027
     344  6.8154761E-04  2.1766359  6.0037900E+11    0.0042015
     345  6.8264283E-04  2.1727880  5.9833847E+11    0.0041989
     346  6.8483327E-04  2.1653807  5.9447643E+11    0.0041938
     347  6.8871733E-04  2.1529937  5.8818591E+11    0.0041849
     348  6.9278359E-04  2.1406717  5.8206394E+11    0.0041758
     349  6.9705864E-04  2.1279378  5.7575503E+11    0.0041664

#-- 1:it 2:time[s] 3:T9[GK] 4:rho[g/cm3] 5:entropy[kB/baryon]
     350  7.0133248E-04  2.1149257  5.6918938E+11    0.0041572
     351  7.0537524E-04  2.1019021  5.6239963E+11    0.0041485
     352  7.0600000E-04  2.0998000  5.6128000E+11    0.0041471
     353  7.0724952E-04  2.0955308  5.5897715E+11    0.0041445
     354  7.0974856E-04  2.0867920  5.5415131E+11    0.0041393
     355  7.1296270E-04  2.0752447  5.4762755E+11    0.0041330
     356  7.1596263E-04  2.0642602  5.4135786E+11    0.0041272
     357  7.1884099E-04  2.0536316  5.3530663E+11    0.0041216
     358  7.2165145E-04  2.0432563  5.2947534E+11    0.0041160
     359  7.2443539E-04  2.0330624  5.2387494E+11    0.0041102
     360  7.2722356E-04  2.0230148  5.1853665E+11    0.0041041
     361  7.3001758E-04  2.0131852  5.1355031E+11    0.0040976
     362  7.3100000E-04  2.0098000  5.1190000E+11    0.0040951
     363  7.3296483E-04  2.0030899  5.0873375E+11    0.0040901
     364  7.3600383E-04  1.9927924  5.0410637E+11    0.0040817
     365  7.3903158E-04  1.9826414  4.9976679E+11    0.0040728
     366  7.4210116E-04  1.9724730  4.9558133E+11    0.0040635
     367  7.4520380E-04  1.9623328  4.9150840E+11    0.0040540
     368  7.4832158E-04  1.9522951  4.8751451E+11    0.0040445
     369  7.5143371E-04  1.9424395  4.8356777E+11    0.0040352
     370  7.5451795E-04  1.9328455  4.7963952E+11    0.0040264
     371  7.5600000E-04  1.9283000  4.7773000E+11    0.0040224
     372  7.5896410E-04  1.9194906  4.7399675E+11    0.0040147
     373  7.6199486E-04  1.9108815  4.7035196E+11    0.0040073
     374  7.6511624E-04  1.9022869  4.6670684E+11    0.0039998
     375  7.6828750E-04  1.8936820  4.6304060E+11    0.0039924
     376  7.7144775E-04  1.8850788  4.5934963E+11    0.0039852
     377  7.7453213E-04  1.8765087  4.5564187E+11    0.0039780
     378  7.7748491E-04  1.8680139  4.5193422E+11    0.0039710
     379  7.8026880E-04  1.8596355  4.4824688E+11    0.0039642
     380  7.8200000E-04  1.8542000  4.4584000E+11    0.0039598
     381  7.8448598E-04  1.8460552  4.4217856E+11    0.0039535
     382  7.8677187E-04  1.8382606  4.3861102E+11    0.0039476
     383  7.8890738E-04  1.8307751  4.3515277E+11    0.0039421
     384  7.9093982E-04  1.8235183  4.3178836E+11    0.0039368
     385  7.9290152E-04  1.8164349  4.2850715E+11    0.0039316
     386  7.9481582E-04  1.8094867  4.2530299E+11    0.0039265
     387  7.9670100E-04  1.8026457  4.2217265E+11    0.0039214
     388  7.9915628E-04  1.7937955  4.1817568E+11    0.0039148
     389  8.0158917E-04  1.7851608  4.1435424E+11    0.0039080
     390  8.0404979E-04  1.7766379  4.1068290E+11    0.0039011
     391  8.0657630E-04  1.7681830  4.0716987E+11    0.0038938
     392  8.0700000E-04  1.7668000  4.0661000E+11    0.0038926
     393  8.0784739E-04  1.7640515  4.0551131E+11    0.0038901
     394  8.0954217E-04  1.7585951  4.0338248E+11    0.0038850
     395  8.1240701E-04  1.7494932  3.9996785E+11    0.0038761
     396  8.1529906E-04  1.7404583  3.9671429E+11    0.0038667
     397  8.1878315E-04  1.7297757  3.9298745E+11    0.0038553
     398  8.2228672E-04  1.7192526  3.8937792E+11    0.0038439
     399  8.2583046E-04  1.7088290  3.8578998E+11    0.0038326

#-- 1:it 2:time[s] 3:T9[GK] 4:rho[g/cm3] 5:entropy[kB/baryon]
     400  8.2940015E-04  1.6985495  3.8216283E+11    0.0038218
     401  8.3200000E-04  1.6912000  3.7947000E+11    0.0038144
     402  8.3562954E-04  1.6813025  3.7568435E+11    0.0038050
     403  8.3927206E-04  1.6718153  3.7192368E+11    0.0037965
     404  8.4301674E-04  1.6623361  3.6809706E+11    0.0037883
     405  8.4680624E-04  1.6528309  3.6426470E+11    0.0037800
     406  8.5058160E-04  1.6432552  3.6048598E+11    0.0037715
     407  8.5428137E-04  1.6335863  3.5682033E+11    0.0037623
     408  8.5700000E-04  1.6262000  3.5415000E+11    0.0037549
     409  8.6046626E-04  1.6164065  3.5076581E+11    0.0037444
     410  8.6374663E-04  1.6068573  3.4758262E+11    0.0037338
     411  8.6691262E-04  1.5974744  3.4453448E+11    0.0037231
     412  8.6999854E-04  1.5882533  3.4159153E+11    0.0037124
     413  8.7303188E-04  1.5791918  3.3873059E+11    0.0037018
     414  8.7603592E-04  1.5702907  3.3593288E+11    0.0036912
     415  8.7903192E-04  1.5615534  3.3318217E+11    0.0036809
     416  8.8200000E-04  1.5531000  3.3050000E+11    0.0036711
     417  8.8504492E-04  1.5445822  3.2780075E+11    0.0036611
     418  8.8810801E-04  1.5360795  3.2513736E+11    0.0036510
     419  8.9116422E-04  1.5276711  3.2252197E+11    0.0036410
     420  8.9421615E-04  1.5193586  3.1994253E+11    0.0036310
     421  8.9726513E-04  1.5111471  3.1738852E+11    0.0036212
     422  9.0031262E-04  1.5030410  3.1484970E+11    0.0036116
     423  9.0336016E-04  1.4950446  3.1231610E+11    0.0036023
     424  9.0638264E-04  1.4872308  3.0980027E+11    0.0035933
     425  9.0800000E-04  1.4831000  3.0845000E+11    0.0035886
     426  9.1108430E-04  1.4753608  3.0587052E+11    0.0035801
     427  9.1411646E-04  1.4679247  3.0333631E+11    0.0035721
     428  9.1717829E-04  1.4605459  3.0078364E+11    0.0035643
     429  9.2025274E-04  1.4532250  2.9823137E+11    0.0035567
     430  9.2332698E-04  1.4459505  2.9569464E+11    0.0035492
     431  9.2638742E-04  1.4387130  2.9318879E+11    0.0035416
     432  9.2942062E-04  1.4315045  2.9072845E+11    0.0035340
     433  9.3241379E-04  1.4243188  2.8832695E+11    0.0035261
     434  9.3300000E-04  1.4229000  2.8786000E+11    0.0035246
     435  9.3417241E-04  1.4200607  2.8692874E+11    0.0035214
     436  9.3651723E-04  1.4143951  2.8507509E+11    0.0035151
     437  9.3943319E-04  1.4073633  2.8278642E+11    0.0035071
     438  9.4230158E-04  1.4004474  2.8055289E+11    0.0034993
     439  9.4514551E-04  1.3935774  2.7835578E+11    0.0034914
     440  9.4795913E-04  1.3867545  2.7619910E+11    0.0034835
     441  9.5073826E-04  1.3799770  2.7408543E+11    0.0034755
     442  9.5347911E-04  1.3732436  2.7201698E+11    0.0034674
     443  9.5617836E-04  1.3665535  2.6999550E+11    0.0034592
     444  9.5800000E-04  1.3620000  2.6864000E+11    0.0034536
     445  9.6161594E-04  1.3529199  2.6596396E+11    0.0034422
     446  9.6530867E-04  1.3436120  2.6325106E+11    0.0034304
     447  9.6893194E-04  1.3344188  2.6061474E+11    0.0034185
     448  9.7248607E-04  1.3253185  2.5805875E+11    0.0034066
     449  9.7596640E-04  1.3163057  2.5558958E+11    0.0033944

#-- 1:it 2:time[s] 3:T9[GK] 4:rho[g/cm3] 5:entropy[kB/baryon]
     450  9.7936944E-04  1.3073759  2.5321194E+11    0.0033820
     451  9.8269263E-04  1.2985257  2.5092907E+11    0.0033694
     452  9.8300000E-04  1.2977000  2.5072000E+11    0.0033682
     453  9.8361475E-04  1.2960474  2.5030147E+11    0.0033658
     454  9.8484424E-04  1.2927418  2.4946050E+11    0.0033611
     455  9.8730322E-04  1.2861221  2.4776839E+11    0.0033515
     456  9.9047676E-04  1.2775418  2.4558125E+11    0.0033391
     457  9.9355955E-04  1.2691394  2.4347547E+11    0.0033268
     458  9.9658222E-04  1.2608092  2.4145078E+11    0.0033143
     459  9.9954252E-04  1.2525382  2.3952628E+11    0.0033014
     460  1.0024397E-03  1.2443129  2.3771689E+11    0.0032881
     461  1.0052733E-03  1.2361228  2.3603464E+11    0.0032743
     462  1.0080430E-03  1.2279599  2.3448885E+11    0.0032599
     463  1.0090000E-03  1.2251000  2.3398000E+11    0.0032547
     464  1.0109140E-03  1.2193406  2.3301894E+11    0.0032438
     465  1.0135968E-03  1.2112008  2.3179692E+11    0.0032278
     466  1.0162174E-03  1.2031669  2.3071047E+11    0.0032115
     467  1.0188009E-03  1.1951584  2.2970812E+11    0.0031947
     468  1.0213356E-03  1.1872089  2.2875862E+11    0.0031779
     469  1.0238133E-03  1.1793437  2.2783302E+11    0.0031611
     470  1.0262274E-03  1.1715847  2.2690620E+11    0.0031445
     471  1.0285733E-03  1.1639493  2.2595711E+11    0.0031284
     472  1.0308481E-03  1.1564508  2.2496889E+11    0.0031128
     473  1.0330505E-03  1.1490987  2.2392857E+11    0.0030977
     474  1.0340000E-03  1.1459000  2.2345000E+11    0.0030913
     475  1.0358990E-03  1.1394020  2.2244690E+11    0.0030784
     476  1.0379284E-03  1.1322979  2.2132261E+11    0.0030643
     477  1.0398709E-03  1.1253764  2.2020394E+11    0.0030507
     478  1.0417500E-03  1.1185972  2.1908952E+11    0.0030374
     479  1.0435790E-03  1.1119477  2.1798117E+11    0.0030245
     480  1.0453681E-03  1.1054180  2.1688029E+11    0.0030117
     481  1.0471263E-03  1.0989999  2.1578811E+11    0.0029993
     482  1.0488609E-03  1.0926873  2.1470568E+11    0.0029870
     483  1.0505787E-03  1.0864748  2.1363397E+11    0.0029750
     484  1.0523546E-03  1.0801134  2.1253138E+11    0.0029626
     485  1.0541230E-03  1.0738602  2.1144387E+11    0.0029505
     486  1.0558937E-03  1.0677011  2.1037057E+11    0.0029385
     487  1.0576727E-03  1.0616349  2.0931282E+11    0.0029267
     488  1.0590000E-03  1.0572000  2.0854000E+11    0.0029180
     489  1.0608357E-03  1.0511490  2.0747257E+11    0.0029062
     490  1.0626521E-03  1.0452115  2.0640181E+11    0.0028948
     491  1.0644611E-03  1.0393498  2.0532681E+11    0.0028835
     492  1.0662636E-03  1.0335624  2.0425265E+11    0.0028725
     493  1.0680609E-03  1.0278465  2.0318391E+11    0.0028615
     494  1.0698545E-03  1.0221993  2.0212499E+11    0.0028508
     495  1.0716458E-03  1.0166182  2.0108015E+11    0.0028401
     496  1.0734360E-03  1.0111007  2.0005355E+11    0.0028294
     497  1.0752265E-03  1.0056445  1.9904927E+11    0.0028189
     498  1.0770188E-03  1.0002473  1.9807135E+11    0.0028083
     499  1.0788143E-03  0.9949068  1.9712386E+11    0.0027977

#-- 1:it 2:time[s] 3:T9[GK] 4:rho[g/cm3] 5:entropy[kB/baryon]
     500  1.0805970E-03  0.9896713  1.9621945E+11    0.0027872
     501  1.0823860E-03  0.9844867  1.9535289E+11    0.0027767
     502  1.0840000E-03  0.9798700  1.9461000E+11    0.0027671
     503  1.0858142E-03  0.9747290  1.9383092E+11    0.0027562
     504  1.0876224E-03  0.9696408  1.9311510E+11    0.0027452
     505  1.0900089E-03  0.9629914  1.9224604E+11    0.0027304
     506  1.0923537E-03  0.9565454  1.9145584E+11    0.0027157
     507  1.0946938E-03  0.9502127  1.9070897E+11    0.0027012
     508  1.0970369E-03  0.9439867  1.8998226E+11    0.0026868
     509  1.0993919E-03  0.9378578  1.8925252E+11    0.0026727
     510  1.1017685E-03  0.9318177  1.8849609E+11    0.0026589
     511  1.1041770E-03  0.9258585  1.8768792E+11    0.0026457
     512  1.1066294E-03  0.9199725  1.8680035E+11    0.0026329
     513  1.1090000E-03  0.9144700  1.8586000E+11    0.0026215
     514  1.1115893E-03  0.9088074  1.8472902E+11    0.0026106
     515  1.1143281E-03  0.9032617  1.8343762E+11    0.0026007
     516  1.1172869E-03  0.8976354  1.8196635E+11    0.0025914
     517  1.1204283E-03  0.8919024  1.8035774E+11    0.0025825
     518  1.1236787E-03  0.8860362  1.7868714E+11    0.0025735
     519  1.1269188E-03  0.8800572  1.7706028E+11    0.0025640
     520  1.1300986E-03  0.8738740  1.7554302E+11    0.0025533
     521  1.1331488E-03  0.8674834  1.7419843E+11    0.0025411
     522  1.1350000E-03  0.8633200  1.7345000E+11    0.0025324
     523  1.1377018E-03  0.8568333  1.7246179E+11    0.0025181
     524  1.1401886E-03  0.8505181  1.7164499E+11    0.0025033
     525  1.1425168E-03  0.8443851  1.7093983E+11    0.0024886
     526  1.1447362E-03  0.8384057  1.7030395E+11    0.0024738
     527  1.1468791E-03  0.8325651  1.6970860E+11    0.0024593
     528  1.1489693E-03  0.8268545  1.6913205E+11    0.0024450
     529  1.1510254E-03  0.8212690  1.6855636E+11    0.0024311
     530  1.1530636E-03  0.8158060  1.6796548E+11    0.0024176
     531  1.1550989E-03  0.8104652  1.6734386E+11    0.0024046
     532  1.1571462E-03  0.8052485  1.6667538E+11    0.0023922
     533  1.1592212E-03  0.8001600  1.6594206E+11    0.0023804
     534  1.1600000E-03  0.7983100  1.6565000E+11    0.0023762
     535  1.1615576E-03  0.7946712  1.6503578E+11    0.0023682
     536  1.1638436E-03  0.7894222  1.6407015E+11    0.0023571
     537  1.1660861E-03  0.7843736  1.6306474E+11    0.0023467
     538  1.1683247E-03  0.7794273  1.6202101E+11    0.0023368
     539  1.1705615E-03  0.7745734  1.6095495E+11    0.0023273
     540  1.1728002E-03  0.7697987  1.5988124E+11    0.0023180
     541  1.1750444E-03  0.7650910  1.5881420E+11    0.0023089
     542  1.1772976E-03  0.7604384  1.5776802E+11    0.0022998
     543  1.1795636E-03  0.7558295  1.5675694E+11    0.0022907
     544  1.1818462E-03  0.7512529  1.5579558E+11    0.0022814
     545  1.1841496E-03  0.7466972  1.5489918E+11    0.0022718
     546  1.1850000E-03  0.7450300  1.5459000E+11    0.0022682
     547  1.1867009E-03  0.7417188  1.5400139E+11    0.0022609
     548  1.1890934E-03  0.7371153  1.5322605E+11    0.0022505
     549  1.1914723E-03  0.7326041  1.5250710E+11    0.0022401

#-- 1:it 2:time[s] 3:T9[GK] 4:rho[g/cm3] 5:entropy[kB/baryon]
     550  1.1942333E-03  0.7274559  1.5172483E+11    0.0022280
     551  1.1970542E-03  0.7222982  1.5096867E+11    0.0022157
     552  1.1999368E-03  0.7171405  1.5022501E+11    0.0022034
     553  1.2028848E-03  0.7119897  1.4947803E+11    0.0021910
     554  1.2059036E-03  0.7068513  1.4870974E+11    0.0021787
     555  1.2089995E-03  0.7017312  1.4789969E+11    0.0021667
     556  1.2100000E-03  0.7001100  1.4763000E+11    0.0021630
     557  1.2120011E-03  0.6969540  1.4709563E+11    0.0021557
     558  1.2152606E-03  0.6920681  1.4625794E+11    0.0021445
     559  1.2186540E-03  0.6872243  1.4541020E+11    0.0021335
     560  1.2221947E-03  0.6823181  1.4452848E+11    0.0021224
     561  1.2255675E-03  0.6776769  1.4366914E+11    0.0021120
     562  1.2289285E-03  0.6729813  1.4277306E+11    0.0021016
     563  1.2322234E-03  0.6682161  1.4183685E+11    0.0020912
     564  1.2350000E-03  0.6640100  1.4099000E+11    0.0020820
     565  1.2380183E-03  0.6592400  1.3998321E+11    0.0020718
     566  1.2409089E-03  0.6545415  1.3893792E+11    0.0020620
     567  1.2436960E-03  0.6499232  1.3788004E+11    0.0020526
     568  1.2464070E-03  0.6453771  1.3682618E+11    0.0020433
     569  1.2490649E-03  0.6408950  1.3578925E+11    0.0020341
     570  1.2516886E-03  0.6364704  1.3478060E+11    0.0020249
     571  1.2542946E-03  0.6320988  1.3381096E+11    0.0020156
     572  1.2568976E-03  0.6277774  1.3289124E+11    0.0020063
     573  1.2595117E-03  0.6235046  1.3203310E+11    0.0019967
     574  1.2610000E-03  0.6211100  1.3158000E+11    0.0019912
     575  1.2636374E-03  0.6168928  1.3083217E+11    0.0019813
     576  1.2663172E-03  0.6126127  1.3012657E+11    0.0019708
     577  1.2690177E-03  0.6083157  1.2946032E+11    0.0019601
     578  1.2717333E-03  0.6040221  1.2882520E+11    0.0019492
     579  1.2744649E-03  0.5997421  1.2821115E+11    0.0019382
     580  1.2772162E-03  0.5954817  1.2760739E+11    0.0019272
     581  1.2799920E-03  0.5912453  1.2700270E+11    0.0019163
     582  1.2827980E-03  0.5870371  1.2638537E+11    0.0019054
     583  1.2856403E-03  0.5828616  1.2574305E+11    0.0018948
     584  1.2860000E-03  0.5823400  1.2566000E+11    0.0018935
     585  1.2867194E-03  0.5812988  1.2549355E+11    0.0018909
     586  1.2881582E-03  0.5792197  1.2516126E+11    0.0018857
     587  1.2910357E-03  0.5750831  1.2449917E+11    0.0018752
     588  1.2939801E-03  0.5708957  1.2382518E+11    0.0018647
     589  1.2969722E-03  0.5667063  1.2314389E+11    0.0018541
     590  1.3000161E-03  0.5625321  1.2245463E+11    0.0018436
     591  1.3031199E-03  0.5583869  1.2175581E+11    0.0018332
     592  1.3062942E-03  0.5542840  1.2104532E+11    0.0018230
     593  1.3095522E-03  0.5502384  1.2032060E+11    0.0018131
     594  1.3110000E-03  0.5485000  1.2000000E+11    0.0018088
     595  1.3138957E-03  0.5451457  1.1936028E+11    0.0018008
     596  1.3173974E-03  0.5412870  1.1858908E+11    0.0017916
     597  1.3210411E-03  0.5374540  1.1779110E+11    0.0017827
     598  1.3248362E-03  0.5336046  1.1696671E+11    0.0017738
     599  1.3287867E-03  0.5296927  1.1611799E+11    0.0017649

#-- 1:it 2:time[s] 3:T9[GK] 4:rho[g/cm3] 5:entropy[kB/baryon]
     600  1.3328905E-03  0.5256661  1.1524875E+11    0.0017556
     601  1.3360000E-03  0.5226000  1.1460000E+11    0.0017484
     602  1.3402670E-03  0.5185082  1.1372701E+11    0.0017389
     603  1.3445357E-03  0.5146061  1.1287161E+11    0.0017299
     604  1.3489384E-03  0.5106438  1.1200204E+11    0.0017207
     605  1.3533339E-03  0.5066143  1.1114075E+11    0.0017113
     606  1.3575837E-03  0.5025226  1.1030897E+11    0.0017014
     607  1.3615754E-03  0.4983986  1.0952390E+11    0.0016911
     608  1.3620000E-03  0.4979400  1.0944000E+11    0.0016899
     609  1.3628492E-03  0.4970087  1.0927203E+11    0.0016876
     610  1.3645475E-03  0.4950920  1.0893572E+11    0.0016826
     611  1.3679442E-03  0.4910807  1.0826223E+11    0.0016720
     612  1.3710909E-03  0.4872171  1.0763824E+11    0.0016617
     613  1.3740790E-03  0.4834804  1.0704662E+11    0.0016515
     614  1.3769728E-03  0.4798535  1.0647539E+11    0.0016417
     615  1.3798182E-03  0.4763283  1.0591610E+11    0.0016321
     616  1.3826538E-03  0.4729020  1.0536186E+11    0.0016228
     617  1.3855165E-03  0.4695762  1.0480620E+11    0.0016139
     618  1.3870000E-03  0.4679200  1.0452000E+11    0.0016094
     619  1.3899670E-03  0.4646935  1.0395034E+11    0.0016009
     620  1.3930211E-03  0.4614429  1.0336699E+11    0.0015923
     621  1.3960906E-03  0.4582466  1.0278380E+11    0.0015839
     622  1.3991806E-03  0.4550994  1.0219995E+11    0.0015757
     623  1.4022920E-03  0.4520005  1.0161534E+11    0.0015676
     624  1.4054261E-03  0.4489488  1.0102985E+11    0.0015596
     625  1.4085843E-03  0.4459433  1.0044335E+11    0.0015518
 Evolution mode: switching on heating
     626  1.4109843E-03  0.4437053  9.9999999E+10    0.0015461
     627  1.4112383E-03  0.4585316  9.9953214E+10    0.0016011
     628  1.4113125E-03  0.4628355  9.9939538E+10    0.0016170
     629  1.4113786E-03  0.4666384  9.9927363E+10    0.0016311
     630  1.4114461E-03  0.4704937  9.9914927E+10    0.0016453
     631  1.4115152E-03  0.4744063  9.9902208E+10    0.0016598
     632  1.4115831E-03  0.4782212  9.9889715E+10    0.0016739
     633  1.4116498E-03  0.4819432  9.9877439E+10    0.0016876
     634  1.4117166E-03  0.4856427  9.9865149E+10    0.0017013
     635  1.4117843E-03  0.4893668  9.9852690E+10    0.0017151
     636  1.4118535E-03  0.4931482  9.9839948E+10    0.0017290
     637  1.4119247E-03  0.4970090  9.9826843E+10    0.0017432
     638  1.4119982E-03  0.5009633  9.9813323E+10    0.0017578
     639  1.4120000E-03  0.5010578  9.9813000E+10    0.0017582
     640  1.4120035E-03  0.5012467  9.9812354E+10    0.0017589
     641  1.4120105E-03  0.5016242  9.9811062E+10    0.0017603
     642  1.4120246E-03  0.5023781  9.9808478E+10    0.0017630
     643  1.4120527E-03  0.5038817  9.9803311E+10    0.0017686
     644  1.4121089E-03  0.5068717  9.9792976E+10    0.0017796
     645  1.4121902E-03  0.5111662  9.9778016E+10    0.0017954
     646  1.4122731E-03  0.5155033  9.9762789E+10    0.0018114
     647  1.4123582E-03  0.5199259  9.9747139E+10    0.0018277
     648  1.4124458E-03  0.5244398  9.9731039E+10    0.0018443
     649  1.4125359E-03  0.5290469  9.9714474E+10    0.0018612

#-- 1:it 2:time[s] 3:T9[GK] 4:rho[g/cm3] 5:entropy[kB/baryon]
     650  1.4126287E-03  0.5337469  9.9697439E+10    0.0018785
     651  1.4127170E-03  0.5381913  9.9681208E+10    0.0018949
     652  1.4128073E-03  0.5426985  9.9664624E+10    0.0019114
     653  1.4128997E-03  0.5472732  9.9647663E+10    0.0019282
     654  1.4129942E-03  0.5519224  9.9630296E+10    0.0019453
     655  1.4130911E-03  0.5566481  9.9612509E+10    0.0019627
     656  1.4131904E-03  0.5614523  9.9594289E+10    0.0019803
     657  1.4132921E-03  0.5663372  9.9575624E+10    0.0019982
     658  1.4133964E-03  0.5713048  9.9556500E+10    0.0020165
     659  1.4135032E-03  0.5763572  9.9536904E+10    0.0020350
     660  1.4136127E-03  0.5814968  9.9516822E+10    0.0020539
     661  1.4137249E-03  0.5867261  9.9496242E+10    0.0020730
     662  1.4138400E-03  0.5920474  9.9475148E+10    0.0020926
     663  1.4139580E-03  0.5974634  9.9453529E+10    0.0021124
     664  1.4140789E-03  0.6029768  9.9431370E+10    0.0021326
     665  1.4142032E-03  0.6086073  9.9408591E+10    0.0021533
     666  1.4143310E-03  0.6143571  9.9385182E+10    0.0021743
     667  1.4144621E-03  0.6202159  9.9361186E+10    0.0021958
     668  1.4145964E-03  0.6261871  9.9336593E+10    0.0022177
     669  1.4147341E-03  0.6322742  9.9311393E+10    0.0022400
     670  1.4148752E-03  0.6384811  9.9285581E+10    0.0022627
     671  1.4150197E-03  0.6448120  9.9259149E+10    0.0022859
     672  1.4151581E-03  0.6508573  9.9233834E+10    0.0023080
     673  1.4152825E-03  0.6562740  9.9211105E+10    0.0023279
     674  1.4153956E-03  0.6611965  9.9190424E+10    0.0023459
     675  1.4154997E-03  0.6657193  9.9171409E+10    0.0023625
     676  1.4155961E-03  0.6699118  9.9153779E+10    0.0023778
     677  1.4156862E-03  0.6738268  9.9137321E+10    0.0023921
     678  1.4157709E-03  0.6775052  9.9121865E+10    0.0024056
     679  1.4158507E-03  0.6809797  9.9107278E+10    0.0024183
     680  1.4159265E-03  0.6842768  9.9093452E+10    0.0024304
     681  1.4159985E-03  0.6874182  9.9080296E+10    0.0024419
     682  1.4160673E-03  0.6904223  9.9067734E+10    0.0024529
     683  1.4161333E-03  0.6933045  9.9055701E+10    0.0024634
     684  1.4161966E-03  0.6960781  9.9044144E+10    0.0024736
     685  1.4162576E-03  0.6987546  9.9033013E+10    0.0024834
     686  1.4163165E-03  0.7013440  9.9022267E+10    0.0024928
     687  1.4163735E-03  0.7038553  9.9011867E+10    0.0025020
     688  1.4164286E-03  0.7062871  9.9001820E+10    0.0025109
     689  1.4164814E-03  0.7086263  9.8992179E+10    0.0025195
     690  1.4165323E-03  0.7108815  9.8982905E+10    0.0025277
     691  1.4165813E-03  0.7130608  9.8973966E+10    0.0025357
     692  1.4166286E-03  0.7151707  9.8965332E+10    0.0025434
     693  1.4166744E-03  0.7172176  9.8956978E+10    0.0025509
     694  1.4167189E-03  0.7192069  9.8948879E+10    0.0025582
     695  1.4167620E-03  0.7211436  9.8941014E+10    0.0025653
     696  1.4168040E-03  0.7230322  9.8933364E+10    0.0025722
     697  1.4168449E-03  0.7248769  9.8925911E+10    0.0025789
     698  1.4168848E-03  0.7266816  9.8918638E+10    0.0025855
     699  1.4169238E-03  0.7284499  9.8911531E+10    0.0025920

#-- 1:it 2:time[s] 3:T9[GK] 4:rho[g/cm3] 5:entropy[kB/baryon]
     700  1.4169619E-03  0.7301852  9.8904574E+10    0.0025983
     701  1.4169994E-03  0.7312813  9.8897753E+10    0.0026045
     702  1.4170366E-03  0.7312511  9.8890974E+10    0.0026107
     703  1.4170745E-03  0.7312203  9.8884071E+10    0.0026170
     704  1.4171131E-03  0.7311889  9.8877026E+10    0.0026234
     705  1.4171527E-03  0.7311568  9.8869819E+10    0.0026300
     706  1.4171933E-03  0.7311238  9.8862427E+10    0.0026367
     707  1.4172350E-03  0.7310899  9.8854822E+10    0.0026436
     708  1.4172782E-03  0.7310548  9.8846968E+10    0.0026507
     709  1.4173229E-03  0.7310185  9.8838824E+10    0.0026580
     710  1.4173695E-03  0.7309806  9.8830338E+10    0.0026657
     711  1.4174183E-03  0.7309409  9.8821447E+10    0.0026737
     712  1.4174698E-03  0.7308990  9.8812067E+10    0.0026821
     713  1.4175246E-03  0.7308545  9.8802092E+10    0.0026910
     714  1.4175835E-03  0.7308066  9.8791381E+10    0.0027006
     715  1.4176474E-03  0.7307546  9.8779741E+10    0.0027110
     716  1.4177180E-03  0.7306972  9.8766903E+10    0.0027225
     717  1.4177973E-03  0.7306327  9.8752471E+10    0.0027353
     718  1.4178887E-03  0.7305584  9.8735843E+10    0.0027501
     719  1.4179881E-03  0.7304775  9.8717757E+10    0.0027661
     720  1.4180883E-03  0.7303959  9.8699526E+10    0.0027821
     721  1.4181895E-03  0.7303136  9.8681137E+10    0.0027983
     722  1.4182916E-03  0.7302305  9.8662571E+10    0.0028146
     723  1.4183948E-03  0.7301465  9.8643809E+10    0.0028310
     724  1.4184993E-03  0.7300615  9.8624829E+10    0.0028476
     725  1.4186051E-03  0.7299753  9.8605605E+10    0.0028643
     726  1.4187124E-03  0.7298880  9.8586108E+10    0.0028812
     727  1.4188215E-03  0.7297992  9.8566304E+10    0.0028984
     728  1.4189324E-03  0.7297088  9.8546154E+10    0.0029158
     729  1.4190456E-03  0.7296167  9.8525613E+10    0.0029335
     730  1.4191612E-03  0.7295225  9.8504626E+10    0.0029515
     731  1.4192797E-03  0.7294260  9.8483132E+10    0.0029700
     732  1.4194013E-03  0.7293269  9.8461054E+10    0.0029888
     733  1.4195268E-03  0.7292247  9.8438303E+10    0.0030082
     734  1.4196566E-03  0.7291190  9.8414771E+10    0.0030283
     735  1.4197914E-03  0.7290091  9.8390323E+10    0.0030490
     736  1.4199323E-03  0.7288943  9.8364794E+10    0.0030706
     737  1.4201273E-03  0.7287354  9.8329457E+10    0.0031004
     738  1.4203261E-03  0.7285733  9.8293441E+10    0.0031307
     739  1.4205293E-03  0.7284078  9.8256660E+10    0.0031615
     740  1.4207373E-03  0.7282383  9.8219014E+10    0.0031930
     741  1.4209508E-03  0.7280642  9.8180384E+10    0.0032252
     742  1.4211707E-03  0.7278851  9.8140628E+10    0.0032582
     743  1.4213978E-03  0.7277000  9.8099576E+10    0.0032922
     744  1.4218520E-03  0.7273298  9.8017522E+10    0.0033598
     745  1.4224697E-03  0.7268263  9.7906033E+10    0.0034510
     746  1.4231024E-03  0.7263108  9.7791988E+10    0.0035439
     747  1.4237515E-03  0.7257821  9.7675115E+10    0.0036386
     748  1.4244189E-03  0.7252387  9.7555092E+10    0.0037355
     749  1.4251068E-03  0.7246788  9.7431540E+10    0.0038349

#-- 1:it 2:time[s] 3:T9[GK] 4:rho[g/cm3] 5:entropy[kB/baryon]
     750  1.4258178E-03  0.7241005  9.7304004E+10    0.0039373
     751  1.4265551E-03  0.7235011  9.7171937E+10    0.0040430
     752  1.4273224E-03  0.7228777  9.7034671E+10    0.0041528
     753  1.4281246E-03  0.7222265  9.6891383E+10    0.0042672
     754  1.4289676E-03  0.7215427  9.6741038E+10    0.0043872
     755  1.4298589E-03  0.7208202  9.6582320E+10    0.0045138
