               WinNet - Nuclear reaction network
              ===================================
 
 
Option                                   :      Value     Unit
--------------------------------------------------------------
Release                                  :    Unknown         
Git hash                                 :    Unknown         
Network size                             :       6757         
Amount reaclib rates                     :      72724         
Amount fission rates                     :       5833         
Total number of fission neutrons         :      27813         
Amount weak (ffn) rates                  :        212         
Total reactions after merge              :      78557         
Thermodynamic trajectory                 :  from file         
Starting index                           :          1         
Expansion velocity:                      :   4.00E+04   [km/s]
Evolution mode                           :        NSE         
Initial abundance source                 :        NSE         
Initial entropy                          :   7.39E-03 [kB/nuc]

#-- 1:it 2:time[s] 3:T9[GK] 4:rho[g/cm3] 5:entropy[kB/baryon]
       0  2.4061646E-05 10.0000000  1.0275967E+13    0.0073866
       1  2.4061648E-05  9.9999999  1.0275967E+13    0.0073866
       2  2.4061652E-05  9.9999998  1.0275967E+13    0.0073866
       3  2.4061660E-05  9.9999995  1.0275966E+13    0.0073866
       4  2.4061676E-05  9.9999988  1.0275965E+13    0.0073866
       5  2.4061708E-05  9.9999976  1.0275963E+13    0.0073866
       6  2.4061772E-05  9.9999950  1.0275959E+13    0.0073866
       7  2.4061900E-05  9.9999899  1.0275950E+13    0.0073866
       8  2.4062156E-05  9.9999798  1.0275933E+13    0.0073866
       9  2.4062668E-05  9.9999595  1.0275899E+13    0.0073866
      10  2.4063692E-05  9.9999190  1.0275831E+13    0.0073866
      11  2.4065740E-05  9.9998378  1.0275696E+13    0.0073866
      12  2.4069836E-05  9.9996756  1.0275424E+13    0.0073865
      13  2.4078028E-05  9.9993511  1.0274882E+13    0.0073864
      14  2.4094412E-05  9.9987022  1.0273797E+13    0.0073862
      15  2.4127180E-05  9.9974045  1.0271627E+13    0.0073858
      16  2.4192716E-05  9.9948096  1.0267289E+13    0.0073849
      17  2.4323788E-05  9.9896217  1.0258618E+13    0.0073832
      18  2.4585932E-05  9.9792542  1.0241298E+13    0.0073797
      19  2.5000000E-05  9.9629000  1.0214000E+13    0.0073742
      20  2.5828137E-05  9.9282699  1.0159462E+13    0.0073618
      21  2.7484411E-05  9.8587393  1.0050455E+13    0.0073369
      22  3.0796959E-05  9.7189188  9.8336375E+12    0.0072861
      23  3.7422054E-05  9.4386969  9.4115299E+12    0.0071813
      24  4.5371795E-05  9.1075817  8.9413668E+12    0.0070499
      25  5.0000000E-05  8.9204000  8.6933000E+12    0.0069707
      26  5.9256410E-05  8.5515882  8.2595878E+12    0.0067988
      27  6.9208750E-05  8.1710052  7.8469313E+12    0.0066094
      28  7.6000000E-05  7.9320000  7.5715000E+12    0.0064938
      29  8.5164801E-05  7.6408501  7.1932775E+12    0.0063645
      30  9.4271964E-05  7.3744132  6.8339208E+12    0.0062496
      31  1.0100000E-04  7.1843000  6.5945000E+12    0.0061621
 Evolution mode: switching to network
      32  1.0822708E-04  6.9817301  6.3722833E+12    0.0060581
      33  1.0822708E-04  6.9817301  6.3722833E+12    0.0060581
      34  1.0822708E-04  6.9817301  6.3722833E+12    0.0060581
      35  1.0822708E-04  6.9817301  6.3722833E+12    0.0060581
      36  1.0822708E-04  6.9817301  6.3722833E+12    0.0060581
      37  1.0822708E-04  6.9817301  6.3722833E+12    0.0060581
      38  1.0822708E-04  6.9817301  6.3722833E+12    0.0060581
      39  1.0822708E-04  6.9817301  6.3722833E+12    0.0060581
      40  1.0822708E-04  6.9817301  6.3722833E+12    0.0060581
      41  1.0822708E-04  6.9817301  6.3722832E+12    0.0060581
      42  1.0822709E-04  6.9817300  6.3722832E+12    0.0060581
      43  1.0822709E-04  6.9817299  6.3722831E+12    0.0060581
      44  1.0822709E-04  6.9817298  6.3722829E+12    0.0060581
      45  1.0822711E-04  6.9817294  6.3722826E+12    0.0060581
      46  1.0822713E-04  6.9817287  6.3722818E+12    0.0060581
      47  1.0822718E-04  6.9817273  6.3722804E+12    0.0060581
      48  1.0822728E-04  6.9817245  6.3722775E+12    0.0060581
      49  1.0822749E-04  6.9817189  6.3722717E+12    0.0060581

#-- 1:it 2:time[s] 3:T9[GK] 4:rho[g/cm3] 5:entropy[kB/baryon]
      50  1.0822789E-04  6.9817077  6.3722602E+12    0.0060581
      51  1.0822870E-04  6.9816853  6.3722370E+12    0.0060581
      52  1.0823031E-04  6.9816405  6.3721908E+12    0.0060580
      53  1.0823354E-04  6.9815508  6.3720983E+12    0.0060580
      54  1.0823999E-04  6.9813716  6.3719133E+12    0.0060579
      55  1.0825290E-04  6.9810131  6.3715434E+12    0.0060577
      56  1.0827872E-04  6.9802961  6.3708038E+12    0.0060573
      57  1.0830953E-04  6.9794408  6.3699218E+12    0.0060569
      58  1.0834342E-04  6.9785000  6.3689520E+12    0.0060563
      59  1.0838070E-04  6.9774653  6.3678858E+12    0.0060558
      60  1.0842171E-04  6.9763272  6.3667135E+12    0.0060552
      61  1.0846682E-04  6.9750755  6.3654247E+12    0.0060545
      62  1.0851645E-04  6.9736988  6.3640079E+12    0.0060538
      63  1.0857104E-04  6.9721846  6.3624504E+12    0.0060530
      64  1.0863110E-04  6.9705193  6.3607385E+12    0.0060521
      65  1.0869717E-04  6.9686878  6.3588569E+12    0.0060511
      66  1.0876986E-04  6.9666736  6.3567888E+12    0.0060500
      67  1.0884982E-04  6.9644585  6.3545162E+12    0.0060488
      68  1.0893780E-04  6.9620225  6.3520188E+12    0.0060475
      69  1.0903458E-04  6.9593436  6.3492747E+12    0.0060460
      70  1.0914105E-04  6.9563979  6.3462598E+12    0.0060445
      71  1.0925820E-04  6.9531587  6.3429477E+12    0.0060427
      72  1.0938708E-04  6.9495971  6.3393095E+12    0.0060408
      73  1.0952888E-04  6.9456811  6.3353135E+12    0.0060387
      74  1.0968490E-04  6.9413758  6.3309249E+12    0.0060363
      75  1.0985656E-04  6.9366428  6.3261059E+12    0.0060338
      76  1.1004543E-04  6.9314400  6.3208146E+12    0.0060309
      77  1.1025326E-04  6.9257213  6.3150055E+12    0.0060278
      78  1.1048194E-04  6.9194363  6.3086286E+12    0.0060244
      79  1.1073359E-04  6.9125296  6.3016290E+12    0.0060207
      80  1.1101051E-04  6.9049410  6.2939466E+12    0.0060165
      81  1.1131525E-04  6.8966045  6.2855154E+12    0.0060120
      82  1.1165063E-04  6.8874483  6.2762627E+12    0.0060070
      83  1.1201973E-04  6.8773941  6.2661084E+12    0.0060015
      84  1.1242597E-04  6.8663570  6.2549643E+12    0.0059955
      85  1.1287310E-04  6.8542449  6.2427324E+12    0.0059889
      86  1.1336527E-04  6.8409584  6.2293041E+12    0.0059816
      87  1.1390703E-04  6.8263905  6.2145579E+12    0.0059737
      88  1.1450339E-04  6.8104267  6.1983579E+12    0.0059650
      89  1.1515672E-04  6.7930290  6.1806359E+12    0.0059555
      90  1.1585459E-04  6.7745558  6.1617190E+12    0.0059454
      91  1.1659828E-04  6.7550007  6.1415545E+12    0.0059348
      92  1.1738917E-04  6.7343604  6.1200805E+12    0.0059237
      93  1.1822845E-04  6.7126415  6.0972308E+12    0.0059121
      94  1.1911708E-04  6.6898617  6.0729346E+12    0.0059000
      95  1.2005581E-04  6.6660510  6.0471154E+12    0.0058874
      96  1.2104512E-04  6.6412525  6.0196899E+12    0.0058745
      97  1.2208521E-04  6.6155233  5.9905681E+12    0.0058614
      98  1.2317596E-04  6.5889348  5.9596520E+12    0.0058480
      99  1.2431696E-04  6.5615732  5.9268355E+12    0.0058346

#-- 1:it 2:time[s] 3:T9[GK] 4:rho[g/cm3] 5:entropy[kB/baryon]
     100  1.2550746E-04  6.5335394  5.8920045E+12    0.0058212
     101  1.2600000E-04  6.5221000  5.8774000E+12    0.0058159
     102  1.2698509E-04  6.4994688  5.8478224E+12    0.0058056
     103  1.2822770E-04  6.4713452  5.8098684E+12    0.0057932
     104  1.2948863E-04  6.4432708  5.7707381E+12    0.0057812
     105  1.3076277E-04  6.4153555  5.7306949E+12    0.0057697
     106  1.3205174E-04  6.3875569  5.6898002E+12    0.0057586
     107  1.3335727E-04  6.3598321  5.6481166E+12    0.0057479
     108  1.3468098E-04  6.3321411  5.6057139E+12    0.0057374
     109  1.3602448E-04  6.3044453  5.5626693E+12    0.0057272
     110  1.3738936E-04  6.2767069  5.5190684E+12    0.0057171
     111  1.3877725E-04  6.2488877  5.4750047E+12    0.0057072
     112  1.4018983E-04  6.2209486  5.4305811E+12    0.0056973
     113  1.4162887E-04  6.1928487  5.3859102E+12    0.0056874
     114  1.4309627E-04  6.1645441  5.3411154E+12    0.0056774
     115  1.4459409E-04  6.1359877  5.2963323E+12    0.0056672
     116  1.4612457E-04  6.1071280  5.2517105E+12    0.0056566
     117  1.4769022E-04  6.0779076  5.2074159E+12    0.0056457
     118  1.4929383E-04  6.0482629  5.1636333E+12    0.0056342
     119  1.5093854E-04  6.0181217  5.1205707E+12    0.0056220
     120  1.5100000E-04  6.0170000  5.1190000E+12    0.0056215
     121  1.5112292E-04  6.0147589  5.1158659E+12    0.0056206
     122  1.5136877E-04  6.0102876  5.1096248E+12    0.0056187
     123  1.5186046E-04  6.0013884  5.0972491E+12    0.0056150
     124  1.5284385E-04  5.9837582  5.0729083E+12    0.0056076
     125  1.5449987E-04  5.9545460  5.0330732E+12    0.0055951
     126  1.5621344E-04  5.9248956  4.9932319E+12    0.0055822
     127  1.5797306E-04  5.8949943  4.9536004E+12    0.0055690
     128  1.5977848E-04  5.8648203  4.9140984E+12    0.0055555
     129  1.6162940E-04  5.8343441  4.8746260E+12    0.0055418
     130  1.6349747E-04  5.8039812  4.8356416E+12    0.0055279
     131  1.6539990E-04  5.7733911  4.7966200E+12    0.0055139
     132  1.6733458E-04  5.7425456  4.7574346E+12    0.0054997
     133  1.6929835E-04  5.7114264  4.7179649E+12    0.0054853
     134  1.7128752E-04  5.6800165  4.6780869E+12    0.0054708
     135  1.7329801E-04  5.6483001  4.6376755E+12    0.0054563
     136  1.7532537E-04  5.6162635  4.5966079E+12    0.0054417
     137  1.7700000E-04  5.5897000  4.5623000E+12    0.0054297
     138  1.7903062E-04  5.5572939  4.5208196E+12    0.0054149
     139  1.8108733E-04  5.5243048  4.4794838E+12    0.0053995
     140  1.8316203E-04  5.4909744  4.4383255E+12    0.0053837
     141  1.8525303E-04  5.4574459  4.3972415E+12    0.0053677
     142  1.8735893E-04  5.4238605  4.3561204E+12    0.0053516
     143  1.8947835E-04  5.3903604  4.3148485E+12    0.0053357
     144  1.9160997E-04  5.3570882  4.2733112E+12    0.0053202
     145  1.9364617E-04  5.3258039  4.2334802E+12    0.0053059
     146  1.9569029E-04  5.2949871  4.1932254E+12    0.0052922
     147  1.9774576E-04  5.2646915  4.1523626E+12    0.0052794
     148  1.9981191E-04  5.2350336  4.1107888E+12    0.0052675
     149  2.0188804E-04  5.2061313  4.0684051E+12    0.0052568

#-- 1:it 2:time[s] 3:T9[GK] 4:rho[g/cm3] 5:entropy[kB/baryon]
     150  2.0200000E-04  5.2046000  4.0661000E+12    0.0052563
     151  2.0222393E-04  5.2015470  4.0614792E+12    0.0052552
     152  2.0267179E-04  5.1954802  4.0521876E+12    0.0052531
     153  2.0356750E-04  5.1834977  4.0334178E+12    0.0052493
     154  2.0535894E-04  5.1600923  3.9952355E+12    0.0052424
     155  2.0743506E-04  5.1337899  3.9501701E+12    0.0052357
     156  2.0952821E-04  5.1080171  3.9041877E+12    0.0052300
     157  2.1163099E-04  5.0827241  3.8577859E+12    0.0052252
     158  2.1342943E-04  5.0614524  3.8181866E+12    0.0052214
     159  2.1522387E-04  5.0404603  3.7789652E+12    0.0052179
     160  2.1703088E-04  5.0194627  3.7399548E+12    0.0052144
     161  2.1885412E-04  4.9983268  3.7012769E+12    0.0052107
     162  2.2069691E-04  4.9769209  3.6630675E+12    0.0052066
     163  2.2256406E-04  4.9550911  3.6254436E+12    0.0052019
     164  2.2445784E-04  4.9327064  3.5885893E+12    0.0051963
     165  2.2638203E-04  4.9096098  3.5526762E+12    0.0051896
     166  2.2700000E-04  4.9021000  3.5415000E+12    0.0051872
     167  2.2823595E-04  4.8869744  3.5195923E+12    0.0051820
     168  2.3020211E-04  4.8627102  3.4857576E+12    0.0051731
     169  2.3222788E-04  4.8375151  3.4520671E+12    0.0051632
     170  2.3428703E-04  4.8117790  3.4188819E+12    0.0051526
     171  2.3637799E-04  4.7855946  3.3861189E+12    0.0051412
     172  2.3850010E-04  4.7590491  3.3536708E+12    0.0051294
     173  2.4065267E-04  4.7322351  3.3214220E+12    0.0051172
     174  2.4283500E-04  4.7052511  3.2892495E+12    0.0051048
     175  2.4504636E-04  4.6782004  3.2570231E+12    0.0050924
     176  2.4728599E-04  4.6511909  3.2246059E+12    0.0050801
     177  2.4955318E-04  4.6243347  3.1918546E+12    0.0050683
     178  2.5184723E-04  4.5977474  3.1586205E+12    0.0050570
     179  2.5200000E-04  4.5960000  3.1564000E+12    0.0050563
     180  2.5230555E-04  4.5925133  3.1519649E+12    0.0050548
     181  2.5291665E-04  4.5855706  3.1431365E+12    0.0050520
     182  2.5413885E-04  4.5718022  3.1256369E+12    0.0050463
     183  2.5642867E-04  4.5463912  3.0933516E+12    0.0050359
     184  2.5880310E-04  4.5205011  3.0604410E+12    0.0050254
     185  2.6122444E-04  4.4944958  3.0273272E+12    0.0050149
     186  2.6368970E-04  4.4683401  2.9939248E+12    0.0050045
     187  2.6620110E-04  4.4419360  2.9600683E+12    0.0049941
     188  2.6874711E-04  4.4153218  2.9257678E+12    0.0049838
     189  2.7132238E-04  4.3884632  2.8909445E+12    0.0049736
     190  2.7392161E-04  4.3613209  2.8555172E+12    0.0049634
     191  2.7653947E-04  4.3338528  2.8194073E+12    0.0049534
     192  2.7700000E-04  4.3290000  2.8130000E+12    0.0049517
     193  2.7792105E-04  4.3192543  2.8001003E+12    0.0049482
     194  2.7976316E-04  4.2995934  2.7739470E+12    0.0049413
     195  2.8235823E-04  4.2716258  2.7365119E+12    0.0049318
     196  2.8499179E-04  4.2430964  2.6981328E+12    0.0049223
     197  2.8764488E-04  4.2144005  2.6594177E+12    0.0049129
     198  2.9033146E-04  4.1855848  2.6204993E+12    0.0049036
     199  2.9306697E-04  4.1566949  2.5815008E+12    0.0048945

#-- 1:it 2:time[s] 3:T9[GK] 4:rho[g/cm3] 5:entropy[kB/baryon]
     200  2.9586763E-04  4.1277954  2.5425653E+12    0.0048854
     201  2.9875107E-04  4.0989764  2.5038668E+12    0.0048765
     202  3.0105804E-04  4.0767495  2.4741413E+12    0.0048697
     203  3.0300000E-04  4.0587000  2.4501000E+12    0.0048641
     204  3.0526493E-04  4.0385715  2.4231068E+12    0.0048582
     205  3.0760647E-04  4.0187631  2.3961334E+12    0.0048527
     206  3.1000847E-04  3.9992785  2.3693178E+12    0.0048476
     207  3.1246429E-04  3.9799981  2.3426608E+12    0.0048427
     208  3.1497491E-04  3.9607117  2.3160642E+12    0.0048379
     209  3.1751942E-04  3.9413497  2.2896455E+12    0.0048330
     210  3.2008392E-04  3.9217675  2.2634284E+12    0.0048278
     211  3.2265338E-04  3.9018240  2.2374389E+12    0.0048220
     212  3.2521202E-04  3.8813938  2.2117086E+12    0.0048156
     213  3.2774422E-04  3.8603762  2.1862722E+12    0.0048083
     214  3.2800000E-04  3.8582000  2.1837000E+12    0.0048075
     215  3.2851155E-04  3.8538175  2.1785504E+12    0.0048059
     216  3.2953466E-04  3.8449414  2.1682293E+12    0.0048025
     217  3.3158086E-04  3.8267991  2.1475387E+12    0.0047954
     218  3.3396771E-04  3.8051180  2.1234194E+12    0.0047864
     219  3.3634172E-04  3.7831813  2.0995717E+12    0.0047770
     220  3.3869511E-04  3.7612519  2.0761939E+12    0.0047673
     221  3.4104028E-04  3.7393940  2.0532742E+12    0.0047574
     222  3.4339028E-04  3.7176578  2.0307943E+12    0.0047474
     223  3.4575841E-04  3.6960934  2.0087414E+12    0.0047373
     224  3.4815885E-04  3.6747542  1.9871084E+12    0.0047273
     225  3.5052782E-04  3.6543739  1.9665703E+12    0.0047176
     226  3.5295685E-04  3.6343468  1.9464483E+12    0.0047081
     227  3.5300000E-04  3.6340000  1.9461000E+12    0.0047079
     228  3.5308630E-04  3.6333074  1.9454047E+12    0.0047076
     229  3.5325890E-04  3.6319258  1.9440196E+12    0.0047069
     230  3.5360411E-04  3.6291770  1.9412710E+12    0.0047056
     231  3.5429451E-04  3.6237352  1.9358577E+12    0.0047030
     232  3.5567532E-04  3.6130611  1.9253440E+12    0.0046978
     233  3.5829260E-04  3.5934970  1.9064038E+12    0.0046881
     234  3.6063675E-04  3.5765722  1.8903092E+12    0.0046794
     235  3.6305094E-04  3.5595690  1.8743379E+12    0.0046706
     236  3.6552760E-04  3.5424106  1.8583365E+12    0.0046616
     237  3.6804230E-04  3.5251115  1.8422263E+12    0.0046526
     238  3.7056555E-04  3.5077044  1.8259416E+12    0.0046436
     239  3.7306618E-04  3.4902357  1.8094376E+12    0.0046347
     240  3.7552101E-04  3.4727175  1.7926535E+12    0.0046261
     241  3.7790491E-04  3.4552104  1.7755985E+12    0.0046177
     242  3.7800000E-04  3.4545000  1.7749000E+12    0.0046173
     243  3.7819018E-04  3.4530758  1.7734985E+12    0.0046167
     244  3.7857055E-04  3.4502135  1.7706771E+12    0.0046153
     245  3.7933128E-04  3.4444359  1.7649648E+12    0.0046126
     246  3.8085274E-04  3.4326902  1.7532907E+12    0.0046072
     247  3.8296830E-04  3.4160143  1.7366095E+12    0.0045997
     248  3.8506393E-04  3.3992166  1.7197228E+12    0.0045922
     249  3.8711892E-04  3.3825951  1.7029687E+12    0.0045849

#-- 1:it 2:time[s] 3:T9[GK] 4:rho[g/cm3] 5:entropy[kB/baryon]
     250  3.8915063E-04  3.3661290  1.6863586E+12    0.0045777
     251  3.9117635E-04  3.3497876  1.6698879E+12    0.0045706
     252  3.9321214E-04  3.3335479  1.6535570E+12    0.0045636
     253  3.9527402E-04  3.3173946  1.6373724E+12    0.0045566
     254  3.9737911E-04  3.3013192  1.6213484E+12    0.0045496
     255  3.9954688E-04  3.2853221  1.6055100E+12    0.0045426
     256  4.0180096E-04  3.2694149  1.5898984E+12    0.0045356
     257  4.0300000E-04  3.2613000  1.5820000E+12    0.0045319
     258  4.0539808E-04  3.2457941  1.5669602E+12    0.0045250
     259  4.0800237E-04  3.2298860  1.5515465E+12    0.0045179
     260  4.1076769E-04  3.2138467  1.5360409E+12    0.0045109
     261  4.1369242E-04  3.1975939  1.5203922E+12    0.0045037
     262  4.1676737E-04  3.1810140  1.5045310E+12    0.0044963
     263  4.1995337E-04  3.1640732  1.4884747E+12    0.0044887
     264  4.2313642E-04  3.1470715  1.4725544E+12    0.0044809
     265  4.2624637E-04  3.1300840  1.4568730E+12    0.0044730
     266  4.2900000E-04  3.1145000  1.4427000E+12    0.0044655
     267  4.3181223E-04  3.0981457  1.4280490E+12    0.0044574
     268  4.3448752E-04  3.0824235  1.4141565E+12    0.0044495
     269  4.3717183E-04  3.0665378  1.4002804E+12    0.0044414
     270  4.3979704E-04  3.0509414  1.3867881E+12    0.0044334
     271  4.4237577E-04  3.0356064  1.3736260E+12    0.0044254
     272  4.4491634E-04  3.0205247  1.3607614E+12    0.0044174
     273  4.4742624E-04  3.0056890  1.3481655E+12    0.0044096
     274  4.4991231E-04  2.9910930  1.3358128E+12    0.0044019
     275  4.5238741E-04  2.9766940  1.3236484E+12    0.0043943
     276  4.5400000E-04  2.9674000  1.3158000E+12    0.0043894
     277  4.5650288E-04  2.9529791  1.3037229E+12    0.0043818
     278  4.5893878E-04  2.9388773  1.2920744E+12    0.0043741
     279  4.6189700E-04  2.9217459  1.2780666E+12    0.0043647
     280  4.6476407E-04  2.9052250  1.2646345E+12    0.0043556
     281  4.6754428E-04  2.8893671  1.2517437E+12    0.0043469
     282  4.7025500E-04  2.8741361  1.2393013E+12    0.0043387
     283  4.7291058E-04  2.8595056  1.2272320E+12    0.0043309
     284  4.7552361E-04  2.8454550  1.2154712E+12    0.0043237
     285  4.7810541E-04  2.8319697  1.2039622E+12    0.0043171
     286  4.7900000E-04  2.8274000  1.2000000E+12    0.0043150
     287  4.8078917E-04  2.8184888  1.1921147E+12    0.0043110
     288  4.8338315E-04  2.8061038  1.1807743E+12    0.0043060
     289  4.8594819E-04  2.7943401  1.1696664E+12    0.0043017
     290  4.8851638E-04  2.7828916  1.1586495E+12    0.0042979
     291  4.9107434E-04  2.7716692  1.1477799E+12    0.0042943
     292  4.9361000E-04  2.7605798  1.1371059E+12    0.0042907
     293  4.9611110E-04  2.7495405  1.1266750E+12    0.0042869
     294  4.9856598E-04  2.7384804  1.1165302E+12    0.0042827
     295  5.0096425E-04  2.7273432  1.1067082E+12    0.0042781
     296  5.0329723E-04  2.7160875  1.0972370E+12    0.0042729
     297  5.0400000E-04  2.7126000  1.0944000E+12    0.0042712
     298  5.0540554E-04  2.7054660  1.0887426E+12    0.0042674
     299  5.0761905E-04  2.6938369  1.0798738E+12    0.0042609

#-- 1:it 2:time[s] 3:T9[GK] 4:rho[g/cm3] 5:entropy[kB/baryon]
     300  5.0972895E-04  2.6823974  1.0714725E+12    0.0042540
     301  5.1177967E-04  2.6710436  1.0633620E+12    0.0042469
     302  5.1378393E-04  2.6598109  1.0554933E+12    0.0042397
     303  5.1575309E-04  2.6487248  1.0478231E+12    0.0042325
     304  5.1769702E-04  2.6378084  1.0403149E+12    0.0042253
     305  5.1962465E-04  2.6270832  1.0329366E+12    0.0042183
     306  5.2154439E-04  2.6165706  1.0256586E+12    0.0042115
     307  5.2346453E-04  2.6062928  1.0184532E+12    0.0042049
     308  5.2539352E-04  2.5962743  1.0112930E+12    0.0041988
     309  5.2734039E-04  2.5865429  1.0041500E+12    0.0041931
     310  5.2900000E-04  2.5786000  9.9813000E+11    0.0041888
     311  5.3102547E-04  2.5693061  9.9088115E+11    0.0041840
     312  5.3360000E-04  2.5579759  9.8182289E+11    0.0041785
     313  5.3621543E-04  2.5469375  9.7277574E+11    0.0041736
     314  5.3889475E-04  2.5360306  9.6364401E+11    0.0041690
     315  5.4162422E-04  2.5252411  9.5445700E+11    0.0041648
     316  5.4436947E-04  2.5146194  9.4530849E+11    0.0041609
     317  5.4711535E-04  2.5041295  9.3622423E+11    0.0041571
     318  5.4984664E-04  2.4937339  9.2722973E+11    0.0041534
     319  5.5255112E-04  2.4833877  9.1834132E+11    0.0041498
     320  5.5500000E-04  2.4739000  9.1029000E+11    0.0041463
     321  5.5761737E-04  2.4637709  9.0158382E+11    0.0041428
     322  5.6016881E-04  2.4540517  8.9297284E+11    0.0041399
     323  5.6267834E-04  2.4445986  8.8446177E+11    0.0041373
     324  5.6515718E-04  2.4353247  8.7608622E+11    0.0041350
     325  5.6761550E-04  2.4261518  8.6787791E+11    0.0041326
     326  5.7006250E-04  2.4170081  8.5986749E+11    0.0041300
     327  5.7250685E-04  2.4078253  8.5208563E+11    0.0041270
     328  5.7495697E-04  2.3985359  8.4456425E+11    0.0041234
     329  5.7742136E-04  2.3890714  8.3733771E+11    0.0041191
     330  5.7990884E-04  2.3793594  8.3044427E+11    0.0041139
     331  5.8000000E-04  2.3790000  8.3020000E+11    0.0041137
     332  5.8018233E-04  2.3782801  8.2971374E+11    0.0041133
     333  5.8054698E-04  2.3768358  8.2875103E+11    0.0041124
     334  5.8127629E-04  2.3739299  8.2686347E+11    0.0041106
     335  5.8273490E-04  2.3680544  8.2322876E+11    0.0041065
     336  5.8537735E-04  2.3572333  8.1705142E+11    0.0040982
     337  5.8800377E-04  2.3463199  8.1131122E+11    0.0040891
     338  5.9066707E-04  2.3351728  8.0575655E+11    0.0040792
     339  5.9355708E-04  2.3230779  7.9987172E+11    0.0040682
     340  5.9641467E-04  2.3112154  7.9403475E+11    0.0040575
     341  5.9925397E-04  2.2996184  7.8805691E+11    0.0040475
     342  6.0207726E-04  2.2883645  7.8178426E+11    0.0040387
     343  6.0488767E-04  2.2775245  7.7507007E+11    0.0040313
     344  6.0500000E-04  2.2771000  7.7479000E+11    0.0040311
     345  6.0522465E-04  2.2762531  7.7422686E+11    0.0040305
     346  6.0567396E-04  2.2745680  7.7308880E+11    0.0040296
     347  6.0657258E-04  2.2712310  7.7076800E+11    0.0040278
     348  6.0836981E-04  2.2646779  7.6596785E+11    0.0040247
     349  6.1118852E-04  2.2546730  7.5810656E+11    0.0040209

#-- 1:it 2:time[s] 3:T9[GK] 4:rho[g/cm3] 5:entropy[kB/baryon]
     350  6.1397271E-04  2.2450341  7.5008820E+11    0.0040182
     351  6.1674869E-04  2.2355723  7.4200059E+11    0.0040160
     352  6.1951434E-04  2.2262040  7.3400015E+11    0.0040139
     353  6.2226688E-04  2.2168513  7.2623546E+11    0.0040114
     354  6.2500381E-04  2.2074392  7.1884363E+11    0.0040083
     355  6.2772236E-04  2.1978983  7.1195148E+11    0.0040040
     356  6.3000000E-04  2.1897000  7.0661000E+11    0.0039993
     357  6.3269525E-04  2.1797897  7.0086480E+11    0.0039922
     358  6.3536273E-04  2.1698451  6.9570194E+11    0.0039840
     359  6.3853949E-04  2.1578623  6.9004772E+11    0.0039730
     360  6.4192278E-04  2.1449813  6.8438661E+11    0.0039604
     361  6.4546423E-04  2.1314228  6.7858997E+11    0.0039468
     362  6.4909151E-04  2.1175169  6.7250116E+11    0.0039331
     363  6.5269698E-04  2.1037366  6.6601172E+11    0.0039204
     364  6.5600000E-04  2.0912000  6.5945000E+11    0.0039101
     365  6.5929360E-04  2.0785908  6.5219914E+11    0.0039011
     366  6.6237277E-04  2.0665973  6.4493815E+11    0.0038933
     367  6.6527868E-04  2.0552164  6.3783279E+11    0.0038864
     368  6.6808379E-04  2.0442751  6.3088719E+11    0.0038801
     369  6.7083717E-04  2.0336705  6.2411582E+11    0.0038741
     370  6.7357861E-04  2.0233315  6.1753831E+11    0.0038682
     371  6.7634552E-04  2.0132043  6.1118104E+11    0.0038623
     372  6.7917827E-04  2.0032450  6.0508116E+11    0.0038563
     373  6.8100000E-04  1.9971000  6.0143000E+11    0.0038524
     374  6.8413203E-04  1.9871159  5.9568362E+11    0.0038456
     375  6.8740006E-04  1.9773833  5.9025438E+11    0.0038387
     376  6.9092316E-04  1.9674236  5.8482843E+11    0.0038314
     377  6.9463435E-04  1.9572381  5.7933944E+11    0.0038239
     378  6.9842328E-04  1.9468454  5.7370511E+11    0.0038162
     379  7.0213828E-04  1.9363511  5.6789134E+11    0.0038088
     380  7.0563655E-04  1.9259238  5.6193394E+11    0.0038019
     381  7.0600000E-04  1.9248000  5.6128000E+11    0.0038012
     382  7.0672690E-04  1.9225323  5.5995030E+11    0.0037998
     383  7.0818071E-04  1.9179320  5.5721037E+11    0.0037970
     384  7.1108833E-04  1.9085102  5.5146683E+11    0.0037916
     385  7.1383114E-04  1.8994171  5.4582408E+11    0.0037867
     386  7.1637908E-04  1.8908559  5.4048166E+11    0.0037822
     387  7.1880040E-04  1.8826712  5.3539165E+11    0.0037779
     388  7.2114082E-04  1.8747606  5.3052445E+11    0.0037737
     389  7.2343438E-04  1.8670502  5.2586243E+11    0.0037694
     390  7.2570944E-04  1.8594819  5.2139644E+11    0.0037650
     391  7.2799236E-04  1.8520057  5.1712456E+11    0.0037603
     392  7.3031040E-04  1.8445741  5.1305240E+11    0.0037552
     393  7.3100000E-04  1.8424000  5.1190000E+11    0.0037537
     394  7.3237920E-04  1.8380779  5.0966203E+11    0.0037504
     395  7.3490768E-04  1.8301980  5.0574080E+11    0.0037442
     396  7.3744217E-04  1.8223625  5.0201491E+11    0.0037375
     397  7.4002120E-04  1.8144618  4.9839680E+11    0.0037304
     398  7.4264150E-04  1.8065176  4.9486232E+11    0.0037231
     399  7.4529495E-04  1.7985659  4.9139052E+11    0.0037156

#-- 1:it 2:time[s] 3:T9[GK] 4:rho[g/cm3] 5:entropy[kB/baryon]
     400  7.4797101E-04  1.7906496  4.8796052E+11    0.0037080
     401  7.5065748E-04  1.7828148  4.8455159E+11    0.0037006
     402  7.5334112E-04  1.7751086  4.8114385E+11    0.0036935
     403  7.5600000E-04  1.7676000  4.7773000E+11    0.0036867
     404  7.5863792E-04  1.7603915  4.7439817E+11    0.0036804
     405  7.6129906E-04  1.7534166  4.7117698E+11    0.0036744
     406  7.6403810E-04  1.7464553  4.6795802E+11    0.0036683
     407  7.6683729E-04  1.7394711  4.6471735E+11    0.0036623
     408  7.6966049E-04  1.7324589  4.6144595E+11    0.0036563
     409  7.7246352E-04  1.7254287  4.5814334E+11    0.0036504
     410  7.7520208E-04  1.7184010  4.5481628E+11    0.0036445
     411  7.7783883E-04  1.7114018  4.5147675E+11    0.0036388
     412  7.8116184E-04  1.7021332  4.4701711E+11    0.0036313
     413  7.8200000E-04  1.6997000  4.4584000E+11    0.0036293
     414  7.8367632E-04  1.6947056  4.4339921E+11    0.0036254
     415  7.8653699E-04  1.6858387  4.3898484E+11    0.0036187
     416  7.8916243E-04  1.6774070  4.3473371E+11    0.0036124
     417  7.9162372E-04  1.6693303  4.3064658E+11    0.0036065
     418  7.9397912E-04  1.6615144  4.2670190E+11    0.0036008
     419  7.9682815E-04  1.6520389  4.2196307E+11    0.0035938
     420  7.9961862E-04  1.6428345  4.1743720E+11    0.0035868
     421  8.0241131E-04  1.6338001  4.1310334E+11    0.0035797
     422  8.0524248E-04  1.6249234  4.0898882E+11    0.0035723
     423  8.0700000E-04  1.6196000  4.0661000E+11    0.0035677
     424  8.1006751E-04  1.6105308  4.0273994E+11    0.0035592
     425  8.1314905E-04  1.6015781  3.9911638E+11    0.0035502
     426  8.1628249E-04  1.5926361  3.9564398E+11    0.0035409
     427  8.1945979E-04  1.5837340  3.9228196E+11    0.0035313
     428  8.2267443E-04  1.5748952  3.8898367E+11    0.0035217
     429  8.2591883E-04  1.5661448  3.8570066E+11    0.0035122
     430  8.2918457E-04  1.5575084  3.8238364E+11    0.0035030
     431  8.3200000E-04  1.5502000  3.7947000E+11    0.0034957
     432  8.3530352E-04  1.5419168  3.7602282E+11    0.0034878
     433  8.3863963E-04  1.5339078  3.7257388E+11    0.0034805
     434  8.4206656E-04  1.5259182  3.6906428E+11    0.0034735
     435  8.4554131E-04  1.5179236  3.6553950E+11    0.0034666
     436  8.4901838E-04  1.5098921  3.6204586E+11    0.0034595
     437  8.5244874E-04  1.5018040  3.5863147E+11    0.0034521
     438  8.5578668E-04  1.4936538  3.5533935E+11    0.0034441
     439  8.5700000E-04  1.4906000  3.5415000E+11    0.0034409
     440  8.5942663E-04  1.4843487  3.5177894E+11    0.0034343
     441  8.6244895E-04  1.4763551  3.4883917E+11    0.0034255
     442  8.6534485E-04  1.4685399  3.4604058E+11    0.0034167
     443  8.6816523E-04  1.4608402  3.4333627E+11    0.0034078
     444  8.7093190E-04  1.4532557  3.4070764E+11    0.0033989
     445  8.7366371E-04  1.4457858  3.3813907E+11    0.0033901
     446  8.7637734E-04  1.4384316  3.3561734E+11    0.0033814
     447  8.7908847E-04  1.4311957  3.3313065E+11    0.0033729
     448  8.8181275E-04  1.4240820  3.3066788E+11    0.0033646
     449  8.8200000E-04  1.4236000  3.3050000E+11    0.0033640

#-- 1:it 2:time[s] 3:T9[GK] 4:rho[g/cm3] 5:entropy[kB/baryon]
     450  8.8237451E-04  1.4226373  3.3016489E+11    0.0033629
     451  8.8312352E-04  1.4207143  3.2949739E+11    0.0033606
     452  8.8462156E-04  1.4168786  3.2817274E+11    0.0033561
     453  8.8745646E-04  1.4096602  3.2570002E+11    0.0033476
     454  8.9022254E-04  1.4026734  3.2332394E+11    0.0033393
     455  8.9298835E-04  1.3957492  3.2097698E+11    0.0033310
     456  8.9575181E-04  1.3888987  3.1865388E+11    0.0033228
     457  8.9851426E-04  1.3821242  3.1634670E+11    0.0033147
     458  9.0127694E-04  1.3754285  3.1404784E+11    0.0033068
     459  9.0404112E-04  1.3688141  3.1174985E+11    0.0032991
     460  9.0680813E-04  1.3622836  3.0944540E+11    0.0032916
     461  9.0800000E-04  1.3595000  3.0845000E+11    0.0032885
     462  9.1038373E-04  1.3540093  3.0645644E+11    0.0032824
     463  9.1319285E-04  1.3476705  3.0410779E+11    0.0032756
     464  9.1700520E-04  1.3392410  3.0092769E+11    0.0032667
     465  9.2076969E-04  1.3310436  2.9780361E+11    0.0032582
     466  9.2482144E-04  1.3222763  2.9446831E+11    0.0032491
     467  9.2882642E-04  1.3135817  2.9120842E+11    0.0032399
     468  9.3276864E-04  1.3049138  2.8804415E+11    0.0032304
     469  9.3300000E-04  1.3044000  2.8786000E+11    0.0032299
     470  9.3346272E-04  1.3033722  2.8749210E+11    0.0032287
     471  9.3438815E-04  1.3013182  2.8675769E+11    0.0032264
     472  9.3623903E-04  1.2972161  2.8529440E+11    0.0032218
     473  9.3994077E-04  1.2890230  2.8238990E+11    0.0032126
     474  9.4368772E-04  1.2807232  2.7947985E+11    0.0032031
     475  9.4738094E-04  1.2725102  2.7664091E+11    0.0031936
     476  9.5101559E-04  1.2643727  2.7387541E+11    0.0031839
     477  9.5458394E-04  1.2563087  2.7118770E+11    0.0031742
     478  9.5800000E-04  1.2485000  2.6864000E+11    0.0031645
     479  9.6142282E-04  1.2406225  2.6610644E+11    0.0031546
     480  9.6477946E-04  1.2328760  2.6363838E+11    0.0031448
     481  9.6808598E-04  1.2252045  2.6122770E+11    0.0031349
     482  9.7133649E-04  1.2176052  2.5888191E+11    0.0031250
     483  9.7452678E-04  1.2100738  2.5660659E+11    0.0031149
     484  9.7765336E-04  1.2026072  2.5440614E+11    0.0031047
     485  9.8071350E-04  1.1952028  2.5228379E+11    0.0030943
     486  9.8300000E-04  1.1896000  2.5072000E+11    0.0030862
     487  9.8596495E-04  1.1822892  2.4869050E+11    0.0030757
     488  9.8884333E-04  1.1751699  2.4670609E+11    0.0030654
     489  9.9167404E-04  1.1681268  2.4475993E+11    0.0030551
     490  9.9445413E-04  1.1611503  2.4287116E+11    0.0030448
     491  9.9718253E-04  1.1542289  2.4105522E+11    0.0030343
     492  9.9985836E-04  1.1473528  2.3932515E+11    0.0030235
     493  1.0024810E-03  1.1405142  2.3769174E+11    0.0030124
     494  1.0050499E-03  1.1337068  2.3616376E+11    0.0030009
     495  1.0075649E-03  1.1269255  2.3474807E+11    0.0029890
     496  1.0090000E-03  1.1230000  2.3398000E+11    0.0029818
     497  1.0114691E-03  1.1161807  2.3275510E+11    0.0029689
     498  1.0138608E-03  1.1095174  2.3168331E+11    0.0029557
     499  1.0162289E-03  1.1028576  2.3070586E+11    0.0029421

#-- 1:it 2:time[s] 3:T9[GK] 4:rho[g/cm3] 5:entropy[kB/baryon]
     500  1.0185630E-03  1.0962278  2.2979845E+11    0.0029282
     501  1.0208565E-03  1.0896452  2.2893698E+11    0.0029142
     502  1.0231037E-03  1.0831254  2.2809955E+11    0.0029003
     503  1.0253002E-03  1.0766818  2.2726678E+11    0.0028865
     504  1.0274838E-03  1.0702025  2.2640533E+11    0.0028727
     505  1.0296120E-03  1.0638144  2.2551547E+11    0.0028593
     506  1.0316859E-03  1.0575162  2.2458388E+11    0.0028462
     507  1.0337057E-03  1.0513103  2.2360042E+11    0.0028336
     508  1.0340000E-03  1.0504000  2.2345000E+11    0.0028318
     509  1.0345886E-03  1.0485704  2.2314463E+11    0.0028281
     510  1.0357657E-03  1.0448681  2.2251895E+11    0.0028207
     511  1.0376895E-03  1.0387092  2.2145747E+11    0.0028085
     512  1.0395215E-03  1.0327419  2.2040782E+11    0.0027968
     513  1.0413007E-03  1.0268747  2.1935852E+11    0.0027853
     514  1.0430364E-03  1.0211030  2.1831202E+11    0.0027740
     515  1.0447373E-03  1.0154210  2.1726997E+11    0.0027629
     516  1.0464103E-03  1.0098241  2.1623375E+11    0.0027520
     517  1.0480618E-03  1.0043086  2.1520459E+11    0.0027412
     518  1.0496972E-03  0.9988713  2.1418358E+11    0.0027307
     519  1.0513182E-03  0.9935211  2.1317385E+11    0.0027203
     520  1.0529205E-03  0.9882852  2.1218196E+11    0.0027101
     521  1.0545222E-03  0.9831172  2.1120038E+11    0.0027000
     522  1.0561272E-03  0.9780178  2.1023043E+11    0.0026901
     523  1.0577403E-03  0.9729859  2.0927307E+11    0.0026802
     524  1.0590000E-03  0.9691300  2.0854000E+11    0.0026727
     525  1.0606602E-03  0.9641117  2.0757537E+11    0.0026629
     526  1.0628879E-03  0.9574365  2.0626205E+11    0.0026500
     527  1.0650843E-03  0.9509248  2.0495546E+11    0.0026375
     528  1.0672786E-03  0.9444921  2.0364846E+11    0.0026252
     529  1.0694700E-03  0.9381438  2.0235111E+11    0.0026130
     530  1.0716593E-03  0.9318809  2.0107230E+11    0.0026010
     531  1.0738473E-03  0.9257046  1.9982067E+11    0.0025890
     532  1.0760347E-03  0.9196159  1.9860463E+11    0.0025772
     533  1.0782224E-03  0.9136157  1.9743238E+11    0.0025653
     534  1.0804111E-03  0.9077048  1.9631197E+11    0.0025535
     535  1.0826018E-03  0.9018840  1.9525137E+11    0.0025416
     536  1.0840000E-03  0.8982200  1.9461000E+11    0.0025340
     537  1.0862353E-03  0.8924174  1.9365920E+11    0.0025216
     538  1.0884194E-03  0.8867980  1.9281621E+11    0.0025093
     539  1.0905883E-03  0.8812784  1.9204573E+11    0.0024969
     540  1.0931167E-03  0.8749341  1.9120874E+11    0.0024824
     541  1.0955464E-03  0.8689434  1.9044318E+11    0.0024686
     542  1.0979956E-03  0.8630238  1.8968626E+11    0.0024549
     543  1.1004699E-03  0.8571795  1.8891314E+11    0.0024414
     544  1.1029750E-03  0.8514159  1.8809779E+11    0.0024284
     545  1.1055171E-03  0.8457394  1.8721239E+11    0.0024159
     546  1.1081029E-03  0.8401582  1.8622663E+11    0.0024040
     547  1.1090000E-03  0.8382700  1.8586000E+11    0.0024002
     548  1.1107942E-03  0.8346285  1.8508687E+11    0.0023930
     549  1.1134831E-03  0.8295263  1.8384474E+11    0.0023837

#-- 1:it 2:time[s] 3:T9[GK] 4:rho[g/cm3] 5:entropy[kB/baryon]
     550  1.1163055E-03  0.8245185  1.8246094E+11    0.0023752
     551  1.1192701E-03  0.8195035  1.8095375E+11    0.0023673
     552  1.1223622E-03  0.8143864  1.7936163E+11    0.0023594
     553  1.1255436E-03  0.8090754  1.7774324E+11    0.0023511
     554  1.1286510E-03  0.8036814  1.7622145E+11    0.0023421
     555  1.1316060E-03  0.7982203  1.7486280E+11    0.0023321
     556  1.1343462E-03  0.7927532  1.7370786E+11    0.0023212
     557  1.1350000E-03  0.7913800  1.7345000E+11    0.0023183
     558  1.1363077E-03  0.7885531  1.7295682E+11    0.0023121
     559  1.1387697E-03  0.7829805  1.7210159E+11    0.0022994
     560  1.1410619E-03  0.7775559  1.7137478E+11    0.0022865
     561  1.1432476E-03  0.7722297  1.7072735E+11    0.0022735
     562  1.1453550E-03  0.7670013  1.7013079E+11    0.0022606
     563  1.1474054E-03  0.7618713  1.6956357E+11    0.0022477
     564  1.1494153E-03  0.7568409  1.6900831E+11    0.0022351
     565  1.1513988E-03  0.7519121  1.6844997E+11    0.0022228
     566  1.1533683E-03  0.7470877  1.6787470E+11    0.0022109
     567  1.1553358E-03  0.7423714  1.6726895E+11    0.0021994
     568  1.1573131E-03  0.7377681  1.6661862E+11    0.0021884
     569  1.1593128E-03  0.7332849  1.6590822E+11    0.0021780
     570  1.1600000E-03  0.7317900  1.6565000E+11    0.0021746
     571  1.1613745E-03  0.7288440  1.6511002E+11    0.0021681
     572  1.1637727E-03  0.7237896  1.6410108E+11    0.0021573
     573  1.1662417E-03  0.7186949  1.6299329E+11    0.0021468
     574  1.1687739E-03  0.7135775  1.6180821E+11    0.0021366
     575  1.1713673E-03  0.7084426  1.6056839E+11    0.0021265
     576  1.1740228E-03  0.7032886  1.5929774E+11    0.0021164
     577  1.1767434E-03  0.6981095  1.5802214E+11    0.0021063
     578  1.1795335E-03  0.6928965  1.5677004E+11    0.0020960
     579  1.1823984E-03  0.6876386  1.5557337E+11    0.0020852
     580  1.1850000E-03  0.6829400  1.5459000E+11    0.0020752
     581  1.1880183E-03  0.6775739  1.5356738E+11    0.0020632
     582  1.1907004E-03  0.6728852  1.5273532E+11    0.0020525
     583  1.1933951E-03  0.6682551  1.5195722E+11    0.0020416
     584  1.1961139E-03  0.6636699  1.5121684E+11    0.0020307
     585  1.1988607E-03  0.6591303  1.5050022E+11    0.0020198
     586  1.2016382E-03  0.6546395  1.4979330E+11    0.0020089
     587  1.2044491E-03  0.6502014  1.4908146E+11    0.0019983
     588  1.2072960E-03  0.6458204  1.4834928E+11    0.0019878
     589  1.2100000E-03  0.6417700  1.4763000E+11    0.0019784
     590  1.2129204E-03  0.6375877  1.4685587E+11    0.0019687
     591  1.2159242E-03  0.6335160  1.4609089E+11    0.0019594
     592  1.2190417E-03  0.6294621  1.4531394E+11    0.0019501
     593  1.2222597E-03  0.6253804  1.4451218E+11    0.0019408
     594  1.2255438E-03  0.6212381  1.4367530E+11    0.0019315
     595  1.2288468E-03  0.6170100  1.4279546E+11    0.0019221
     596  1.2321169E-03  0.6126800  1.4186818E+11    0.0019126
     597  1.2350000E-03  0.6086800  1.4099000E+11    0.0019038
     598  1.2380734E-03  0.6042261  1.3996393E+11    0.0018943
     599  1.2410365E-03  0.5998073  1.3889035E+11    0.0018850

#-- 1:it 2:time[s] 3:T9[GK] 4:rho[g/cm3] 5:entropy[kB/baryon]
     600  1.2439125E-03  0.5954343  1.3779650E+11    0.0018760
     601  1.2467264E-03  0.5911047  1.3670136E+11    0.0018671
     602  1.2495010E-03  0.5868138  1.3562008E+11    0.0018583
     603  1.2522556E-03  0.5825575  1.3456630E+11    0.0018493
     604  1.2550079E-03  0.5783337  1.3355340E+11    0.0018403
     605  1.2577738E-03  0.5741417  1.3259551E+11    0.0018311
     606  1.2605687E-03  0.5699832  1.3170839E+11    0.0018217
     607  1.2610000E-03  0.5693500  1.3158000E+11    0.0018202
     608  1.2618625E-03  0.5680858  1.3132898E+11    0.0018172
     609  1.2635876E-03  0.5655571  1.3084578E+11    0.0018112
     610  1.2664598E-03  0.5613521  1.3009037E+11    0.0018009
     611  1.2693873E-03  0.5570840  1.2937207E+11    0.0017902
     612  1.2723681E-03  0.5527703  1.2868068E+11    0.0017791
     613  1.2754043E-03  0.5484228  1.2800386E+11    0.0017679
     614  1.2785011E-03  0.5440514  1.2732757E+11    0.0017565
     615  1.2816651E-03  0.5396643  1.2663603E+11    0.0017451
     616  1.2848618E-03  0.5353279  1.2592128E+11    0.0017340
     617  1.2860000E-03  0.5338100  1.2566000E+11    0.0017301
     618  1.2882763E-03  0.5307935  1.2513401E+11    0.0017225
     619  1.2916314E-03  0.5263773  1.2436253E+11    0.0017113
     620  1.2949072E-03  0.5221221  1.2361370E+11    0.0017005
     621  1.2981723E-03  0.5179598  1.2287169E+11    0.0016900
     622  1.3014426E-03  0.5138923  1.2213294E+11    0.0016797
     623  1.3047371E-03  0.5099197  1.2139329E+11    0.0016697
     624  1.3080763E-03  0.5060431  1.2064833E+11    0.0016601
     625  1.3110000E-03  0.5027900  1.2000000E+11    0.0016520
     626  1.3145196E-03  0.4990718  1.1922263E+11    0.0016430
     627  1.3181374E-03  0.4954528  1.1842659E+11    0.0016345
     628  1.3218879E-03  0.4918684  1.1760650E+11    0.0016261
     629  1.3257418E-03  0.4883094  1.1677123E+11    0.0016179
     630  1.3296616E-03  0.4847639  1.1593154E+11    0.0016097
     631  1.3335990E-03  0.4812226  1.1510014E+11    0.0016014
     632  1.3360000E-03  0.4790500  1.1460000E+11    0.0015963
     633  1.3399084E-03  0.4756055  1.1379961E+11    0.0015882
     634  1.3437985E-03  0.4723316  1.1301831E+11    0.0015806
     635  1.3478109E-03  0.4690197  1.1222385E+11    0.0015729
     636  1.3518374E-03  0.4656663  1.1143359E+11    0.0015650
     637  1.3557712E-03  0.4622701  1.1066394E+11    0.0015569
     638  1.3595173E-03  0.4588466  1.0992942E+11    0.0015484
     639  1.3620000E-03  0.4564400  1.0944000E+11    0.0015423
     640  1.3653162E-03  0.4530141  1.0878339E+11    0.0015334
     641  1.3683507E-03  0.4497000  1.0818161E+11    0.0015245
     642  1.3711904E-03  0.4464961  1.0761852E+11    0.0015159
     643  1.3739070E-03  0.4433818  1.0708063E+11    0.0015074
     644  1.3765468E-03  0.4403472  1.0655934E+11    0.0014990
     645  1.3791445E-03  0.4373870  1.0604827E+11    0.0014909
     646  1.3817295E-03  0.4344993  1.0554214E+11    0.0014830
     647  1.3843298E-03  0.4316844  1.0503602E+11    0.0014754
     648  1.3869749E-03  0.4289452  1.0452482E+11    0.0014680
     649  1.3870000E-03  0.4289200  1.0452000E+11    0.0014679

#-- 1:it 2:time[s] 3:T9[GK] 4:rho[g/cm3] 5:entropy[kB/baryon]
     650  1.3870501E-03  0.4288695  1.0451035E+11    0.0014678
     651  1.3871503E-03  0.4287686  1.0449107E+11    0.0014675
     652  1.3873508E-03  0.4285671  1.0445250E+11    0.0014670
     653  1.3877517E-03  0.4281648  1.0437540E+11    0.0014659
     654  1.3885536E-03  0.4273637  1.0422136E+11    0.0014638
     655  1.3901573E-03  0.4257752  1.0391391E+11    0.0014595
     656  1.3930040E-03  0.4230000  1.0337024E+11    0.0014521
     657  1.3958039E-03  0.4203250  1.0283813E+11    0.0014450
     658  1.3986242E-03  0.4176845  1.0230483E+11    0.0014380
     659  1.4014626E-03  0.4150807  1.0177085E+11    0.0014312
     660  1.4053307E-03  0.4116173  1.0104761E+11    0.0014221
     661  1.4092410E-03  0.4082137  1.0032184E+11    0.0014132
 Evolution mode: switching on heating
     662  1.4109843E-03  0.4067273  9.9999998E+10    0.0014093
     663  1.4112383E-03  0.4226064  9.9953214E+10    0.0014687
     664  1.4112997E-03  0.4264247  9.9941900E+10    0.0014829
     665  1.4113521E-03  0.4296590  9.9932253E+10    0.0014949
     666  1.4114050E-03  0.4329040  9.9922510E+10    0.0015070
     667  1.4114588E-03  0.4361862  9.9912589E+10    0.0015192
     668  1.4115139E-03  0.4395185  9.9902446E+10    0.0015316
     669  1.4115703E-03  0.4429042  9.9892069E+10    0.0015442
     670  1.4116280E-03  0.4463452  9.9881448E+10    0.0015570
     671  1.4116869E-03  0.4498323  9.9870607E+10    0.0015699
     672  1.4117426E-03  0.4531062  9.9860360E+10    0.0015821
     673  1.4117962E-03  0.4562363  9.9850500E+10    0.0015937
     674  1.4118485E-03  0.4592721  9.9840879E+10    0.0016050
     675  1.4119001E-03  0.4622525  9.9831375E+10    0.0016160
     676  1.4119517E-03  0.4652098  9.9821889E+10    0.0016270
     677  1.4120000E-03  0.4679658  9.9813000E+10    0.0016372
     678  1.4120528E-03  0.4709584  9.9803289E+10    0.0016482
     679  1.4121068E-03  0.4740017  9.9793355E+10    0.0016595
     680  1.4121625E-03  0.4771175  9.9783121E+10    0.0016710
     681  1.4122201E-03  0.4803245  9.9772521E+10    0.0016829
     682  1.4122801E-03  0.4836386  9.9761497E+10    0.0016951
     683  1.4123426E-03  0.4870718  9.9750000E+10    0.0017078
     684  1.4124079E-03  0.4906321  9.9737998E+10    0.0017210
     685  1.4124761E-03  0.4943226  9.9725469E+10    0.0017346
     686  1.4125472E-03  0.4981428  9.9712407E+10    0.0017487
     687  1.4126212E-03  0.5020887  9.9698816E+10    0.0017633
     688  1.4126980E-03  0.5061549  9.9684706E+10    0.0017783
     689  1.4127775E-03  0.5103350  9.9670090E+10    0.0017937
     690  1.4128598E-03  0.5146235  9.9654980E+10    0.0018095
     691  1.4129447E-03  0.5190153  9.9639385E+10    0.0018257
     692  1.4130323E-03  0.5235065  9.9623310E+10    0.0018422
     693  1.4131225E-03  0.5280942  9.9606759E+10    0.0018591
     694  1.4132152E-03  0.5327762  9.9589732E+10    0.0018763
     695  1.4133037E-03  0.5372053  9.9573505E+10    0.0018926
     696  1.4133940E-03  0.5416969  9.9556926E+10    0.0019091
     697  1.4134865E-03  0.5462558  9.9539972E+10    0.0019259
     698  1.4135811E-03  0.5508888  9.9522614E+10    0.0019429
     699  1.4136780E-03  0.5555981  9.9504838E+10    0.0019602

#-- 1:it 2:time[s] 3:T9[GK] 4:rho[g/cm3] 5:entropy[kB/baryon]
     700  1.4137773E-03  0.5603856  9.9486633E+10    0.0019778
     701  1.4138791E-03  0.5652534  9.9467985E+10    0.0019957
     702  1.4139833E-03  0.5702035  9.9448882E+10    0.0020139
     703  1.4140901E-03  0.5752383  9.9429311E+10    0.0020324
     704  1.4141996E-03  0.5803600  9.9409260E+10    0.0020512
     705  1.4143118E-03  0.5855710  9.9388715E+10    0.0020703
     706  1.4144267E-03  0.5908738  9.9367664E+10    0.0020898
     707  1.4145445E-03  0.5962712  9.9346095E+10    0.0021096
     708  1.4146653E-03  0.6017658  9.9323995E+10    0.0021298
     709  1.4147892E-03  0.6073706  9.9301313E+10    0.0021503
     710  1.4149167E-03  0.6131007  9.9277988E+10    0.0021713
     711  1.4150474E-03  0.6189400  9.9254089E+10    0.0021928
     712  1.4151813E-03  0.6248917  9.9229608E+10    0.0022146
     713  1.4153184E-03  0.6309594  9.9204541E+10    0.0022368
     714  1.4154588E-03  0.6371471  9.9178882E+10    0.0022595
     715  1.4156024E-03  0.6434591  9.9152629E+10    0.0022826
     716  1.4157412E-03  0.6495426  9.9127275E+10    0.0023049
     717  1.4158658E-03  0.6549928  9.9104536E+10    0.0023249
     718  1.4159789E-03  0.6599443  9.9083870E+10    0.0023430
     719  1.4160829E-03  0.6644921  9.9064895E+10    0.0023597
     720  1.4161791E-03  0.6687057  9.9047327E+10    0.0023751
     721  1.4162689E-03  0.6726382  9.9030950E+10    0.0023895
     722  1.4163530E-03  0.6763306  9.9015595E+10    0.0024031
     723  1.4164324E-03  0.6798158  9.9001128E+10    0.0024158
     724  1.4165074E-03  0.6831202  9.8987439E+10    0.0024279
     725  1.4165787E-03  0.6862656  9.8974437E+10    0.0024394
     726  1.4166466E-03  0.6892702  9.8962046E+10    0.0024504
     727  1.4167116E-03  0.6921494  9.8950204E+10    0.0024610
     728  1.4167739E-03  0.6949162  9.8938854E+10    0.0024711
     729  1.4168337E-03  0.6975820  9.8927949E+10    0.0024809
     730  1.4168913E-03  0.7001567  9.8917448E+10    0.0024903
     731  1.4169469E-03  0.7026489  9.8907314E+10    0.0024994
     732  1.4170007E-03  0.7050663  9.8897514E+10    0.0025083
     733  1.4170528E-03  0.7074160  9.8888020E+10    0.0025169
     734  1.4171034E-03  0.7097040  9.8878805E+10    0.0025252
     735  1.4171523E-03  0.7119248  9.8869890E+10    0.0025334
     736  1.4171995E-03  0.7140716  9.8861301E+10    0.0025412
     737  1.4172450E-03  0.7161507  9.8853010E+10    0.0025488
     738  1.4172890E-03  0.7181676  9.8844995E+10    0.0025562
     739  1.4173316E-03  0.7201276  9.8837231E+10    0.0025634
     740  1.4173730E-03  0.7220352  9.8829702E+10    0.0025704
     741  1.4174131E-03  0.7238944  9.8822387E+10    0.0025772
     742  1.4174522E-03  0.7257092  9.8815271E+10    0.0025838
     743  1.4174903E-03  0.7274831  9.8808339E+10    0.0025903
     744  1.4175274E-03  0.7292192  9.8801577E+10    0.0025967
     745  1.4175637E-03  0.7307536  9.8794972E+10    0.0026029
     746  1.4175993E-03  0.7307247  9.8788492E+10    0.0026090
     747  1.4176354E-03  0.7306956  9.8781933E+10    0.0026151
     748  1.4176719E-03  0.7306660  9.8775286E+10    0.0026214
     749  1.4177090E-03  0.7306360  9.8768541E+10    0.0026277

#-- 1:it 2:time[s] 3:T9[GK] 4:rho[g/cm3] 5:entropy[kB/baryon]
     750  1.4177466E-03  0.7306054  9.8761684E+10    0.0026341
     751  1.4177850E-03  0.7305743  9.8754700E+10    0.0026406
     752  1.4178242E-03  0.7305426  9.8747573E+10    0.0026472
     753  1.4178643E-03  0.7305101  9.8740282E+10    0.0026540
     754  1.4179054E-03  0.7304768  9.8732803E+10    0.0026610
     755  1.4179477E-03  0.7304425  9.8725106E+10    0.0026681
