# 1:A 2:Z 3:N 4:Yi 5:Xi
    1      0      1     9.02454601872499E-15   9.02454601872499E-15
    1      1      0     8.94055851379770E-09   8.94055851379770E-09
    2      1      1     8.23850627010341E-16   1.64770125402068E-15
    3      1      2     2.50802249785574E-09   7.52406749356723E-09
    3      2      1     2.00649571774660E-10   6.01948715323979E-10
    4      2      2     4.70231687681861E-04   1.88092675072745E-03
    6      3      3     6.93107261399890E-09   4.15864356839934E-08
    7      3      4     9.45148233763733E-10   6.61603763634613E-09
    7      4      3     6.71944636207460E-18   4.70361245345222E-17
    9      4      5     6.70954146186912E-07   6.03858731568221E-06
   10      4      6     6.13900408633992E-08   6.13900408633992E-07
   10      5      5     2.01684901919055E-12   2.01684901919055E-11
   11      5      6     3.47779913935264E-09   3.82557905328790E-08
   12      6      6     4.92984810800671E-07   5.91581772960805E-06
   13      6      7     4.88570489878693E-08   6.35141636842301E-07
   14      6      8     7.06938762159600E-08   9.89714267023441E-07
   14      7      7     3.23728783477972E-10   4.53220296869161E-09
   15      7      8     1.08920889776366E-05   1.63381334664549E-04
   16      8      8     2.09544167879644E-07   3.35270668607431E-06
   17      8      9     2.20704855355939E-09   3.75198254105097E-08
   18      8     10     8.28457207147585E-07   1.49122297286565E-05
   19      9     10     1.13142790421981E-06   2.14971301801764E-05
   20     10     10     6.22862678988733E-08   1.24572535797747E-06
   21     10     11     1.02678072123020E-07   2.15623951458341E-06
   22     10     12     2.88259109582158E-06   6.34170041080747E-05
   23     11     12     7.18849785134345E-10   1.65335450580899E-08
   24     12     12     1.61473188500213E-08   3.87535652400512E-07
   25     12     13     6.77043434362130E-08   1.69260858590533E-06
   26     12     14     2.99294952411980E-09   7.78166876271149E-08
   27     13     14     6.05284744291129E-10   1.63426880958605E-08
   28     14     14     1.67740315299398E-09   4.69672882838316E-08
   29     14     15     8.92937931492316E-10   2.58952000132772E-08
   30     14     16     1.82424530053811E-09   5.47273590161433E-08
   31     15     16     3.31849522653134E-09   1.02873352022472E-07
   32     14     18     1.09687256002777E-08   3.50999219208886E-07
   32     15     17     2.79395474286484E-12   8.94065517716749E-11
   32     16     16     6.54198212310459E-11   2.09343427939347E-09
   33     15     18     1.79559887100973E-14   5.92547627433212E-13
   33     16     17     1.04685566379033E-08   3.45462369050808E-07
   34     16     18     1.33189146423372E-08   4.52843097839463E-07
   35     16     19     1.35659151157674E-10   4.74807029051860E-09
   35     17     18     6.77901186511306E-09   2.37265415278957E-07
   36     16     20     2.21212090412108E-09   7.96363525483590E-08
   36     17     19     1.33325588573792E-18   4.79972118865653E-17
   37     17     20     1.45409755892540E-08   5.38016096802397E-07
   38     18     20     2.27275873556246E-10   8.63648319513733E-09
   39     18     21     1.11903853024291E-10   4.36425026794735E-09
   39     19     20     3.95317502168767E-13   1.54173825845819E-11
   40     18     22     2.82651170602235E-09   1.13060468240894E-07
   41     19     22     7.61994894081323E-09   3.12417906573342E-07
   42     18     24     6.55050794133876E-08   2.75121333536228E-06
   42     19     23     2.79665947356712E-12   1.17459697889819E-10
   42     20     22     1.91053695719884E-09   8.02425522023513E-08
   43     20     23     7.61212145283584E-09   3.27321222471941E-07
   44     20     24     1.85162764480109E-08   8.14716163712481E-07
   45     20     25     4.69457384757528E-09   2.11255823140888E-07
   45     21     24     3.47530359621298E-08   1.56388661829584E-06
   46     20     26     1.62857464070202E-08   7.49144334722931E-07
   46     21     25     5.17330596390763E-20   2.37972074339751E-18
   46     22     24     3.06456114141688E-18   1.40969812505177E-16
   47     22     25     7.23712855275811E-09   3.40145041979631E-07
   48     20     28     1.13969187427481E-08   5.47052099651911E-07
   48     22     26     1.64208048442953E-16   7.88198632526174E-15
   49     22     27     1.66548024155955E-09   8.16085318364181E-08
   50     22     28     2.52288945919662E-08   1.26144472959831E-06
   51     23     28     2.62773382535181E-08   1.34014425092942E-06
   52     24     28     9.61909168813218E-09   5.00192767782873E-07
   53     24     29     2.48160376947796E-09   1.31524999782332E-07
   54     24     30     2.18785938151778E-09   1.18144406601960E-07
   55     25     30     9.90387633863819E-10   5.44713198625101E-08
   56     26     30     5.80616711988237E-09   3.25145358713413E-07
   57     26     31     6.44381703183660E-09   3.67297570814686E-07
   58     26     32     3.52908838178685E-09   2.04687126143637E-07
   59     26     33     1.35243978469279E-12   7.97939472968744E-11
   59     27     32     2.88455893134011E-09   1.70188976949067E-07
   60     26     34     2.37502063924685E-09   1.42501238354811E-07
   60     27     33     7.88109829148745E-16   4.72865897489247E-14
   60     28     32     7.37021777633265E-17   4.42213066579959E-15
   61     28     33     6.22296606551880E-09   3.79600929996647E-07
   62     28     34     1.56200170806756E-08   9.68441059001885E-07
   63     28     35     1.50721455557888E-08   9.49545170014697E-07
   63     29     34     1.42142415494065E-10   8.95497217612612E-09
   64     28     36     5.64391133670183E-09   3.61210325548917E-07
   64     30     34     2.22497114340527E-20   1.42398153177938E-18
   65     29     36     8.05027399222342E-09   5.23267809494522E-07
   66     30     36     6.31134260585998E-09   4.16548611986758E-07
   67     30     37     9.19470686330463E-09   6.16045359841411E-07
   68     30     38     1.36635199390528E-08   9.29119355855587E-07
   69     31     38     2.25282382597568E-08   1.55444843992322E-06
   70     30     40     2.56760569324571E-08   1.79732398527200E-06
   70     32     38     5.47321239930132E-14   3.83124867951092E-12
   71     31     40     3.19530169660472E-08   2.26866420458935E-06
   72     32     40     4.39672368954723E-08   3.16564105647400E-06
   73     32     41     6.52012832127289E-08   4.75969367452921E-06
   74     32     42     8.06252582977515E-08   5.96626911403361E-06
   75     33     42     1.40416158120284E-07   1.05312118590213E-05
   76     32     44     2.54072604978421E-07   1.93095179783600E-05
   76     34     42     8.46616582929429E-13   6.43428603026366E-11
   77     34     43     4.60014327278125E-07   3.54211032004156E-05
   78     34     44     3.68077194074896E-07   2.87100211378419E-05
   79     34     45     3.86946827899599E-07   3.05687994040683E-05
   79     35     44     1.24455289457383E-12   9.83196786713329E-11
   80     34     46     6.56758170530725E-07   5.25406536424580E-05
   81     35     46     1.02428023734137E-06   8.29666992246512E-05
   82     34     48     1.49928394556977E-06   1.22941283536721E-04
   82     36     46     3.26765324965488E-11   2.67947566471700E-09
   83     35     48     2.04720313466444E-20   1.69917860177148E-18
   83     36     47     1.96632469049126E-06   1.63204949310775E-04
   84     35     49     4.47970161246582E-20   3.76294935447129E-18
   84     36     48     2.49249044161165E-06   2.09369197095378E-04
   85     36     49     1.32364668543502E-06   1.12509968261977E-04
   85     37     48     1.22214040883386E-07   1.03881934750878E-05
   86     36     50     2.61301486119961E-06   2.24719278063166E-04
   86     38     48     7.69988434101598E-17   6.62190053327374E-15
   87     35     52     1.11603162165278E-20   9.70947510837917E-19
   87     36     51     1.08584904080198E-18   9.44688665497723E-17
   87     37     50     4.25567334139437E-06   3.70243580701310E-04
   87     38     49     8.38198755038482E-17   7.29232916883479E-15
   88     35     53     1.03589062379106E-20   9.11583748936134E-19
   88     36     52     7.34519848600354E-18   6.46377466768312E-16
   88     37     51     7.70531144428708E-19   6.78067407097263E-17
   88     38     50     6.05037132840578E-06   5.32432676899709E-04
   89     36     53     2.51403791885550E-19   2.23749374778140E-17
   89     37     52     1.20922261812904E-18   1.07620813013485E-16
   89     38     51     6.70121680949399E-09   5.96408296044965E-07
   89     39     50     5.71296675042309E-06   5.08454040787655E-04
   90     36     54     7.30477530111983E-20   6.57429777100785E-18
   90     37     53     3.57453368446202E-19   3.21708031601582E-17
   90     38     52     5.10833083554149E-06   4.59749775198734E-04
   90     39     51     1.29418518835376E-09   1.16476666951839E-07
   90     40     50     1.69192733813343E-07   1.52273460432009E-05
   91     36     55     3.97105457016018E-20   3.61365965884577E-18
   91     37     54     2.71062822038601E-19   2.46667168055127E-17
   91     38     53     1.61150366204968E-16   1.46646833246521E-14
   91     39     52     1.80394348949719E-08   1.64158857544244E-06
   91     40     51     6.14727588772096E-06   5.59402105782608E-04
   92     36     56     1.75538717653543E-20   1.61495620241260E-18
   92     37     55     4.39833365610737E-20   4.04646696361878E-18
   92     38     54     9.53593749264906E-17   8.77306249323713E-15
   92     39     53     1.26432719075612E-16   1.16318101549563E-14
   92     40     52     1.00347505302493E-05   9.23197048782934E-04
   93     36     57     1.42072329297577E-20   1.32127266246747E-18
   93     37     56     6.61759886470546E-20   6.15436694417608E-18
   93     38     55     5.82324538812759E-18   5.41561821095866E-16
   93     39     54     4.78059814259957E-16   4.44595627261760E-14
   93     40     53     7.25786901263513E-06   6.74981818175067E-04
   93     41     52     4.27297315071396E-12   3.97386503016398E-10
   94     37     57     4.82987722825939E-20   4.54008459456383E-18
   94     38     56     1.41240110379357E-18   1.32765703756596E-16
   94     39     55     2.10086184133257E-17   1.97481013085262E-15
   94     40     54     7.10586541668669E-06   6.67951349168549E-04
   95     37     58     1.17603033233181E-20   1.11722881571522E-18
   95     38     57     8.43375541359808E-19   8.01206764291818E-17
   95     39     56     2.18097720998003E-17   2.07192834948103E-15
   95     40     55     5.85821746381923E-08   5.56530659062827E-06
   95     41     54     6.95823939669358E-08   6.61032742685890E-06
   95     42     53     1.22149707480126E-05   1.16042222106119E-03
   96     38     58     6.69675260116537E-20   6.42888249711875E-18
   96     39     57     3.34569601452689E-19   3.21186817394582E-17
   96     40     56     1.06717060180018E-05   1.02448377772817E-03
   96     42     54     2.24663695851085E-14   2.15677148017042E-12
   97     37     60     1.17851719536001E-20   1.14316167949921E-18
   97     38     59     3.20596605274698E-20   3.10978707116457E-18
   97     39     58     2.82393480945261E-19   2.73921676516903E-17
   97     40     57     4.56700206765649E-15   4.42999200562680E-13
   97     41     56     3.27964849315779E-16   3.18125903836306E-14
   97     42     55     1.02093575617008E-05   9.90307683484981E-04
   98     38     60     8.17184760556071E-20   8.00841065344949E-18
   98     39     59     6.96780540524045E-20   6.82844929713564E-18
   98     40     58     3.98558203804605E-18   3.90587039728513E-16
   98     41     57     3.71295839146649E-19   3.63869922363716E-17
   98     42     56     1.17866217874998E-05   1.15508893517498E-03
   99     38     61     4.50408842868500E-20   4.45904754439815E-18
   99     39     60     2.68307531482251E-19   2.65624456167428E-17
   99     40     59     3.80067364380756E-19   3.76266690736948E-17
   99     41     58     2.71477067808199E-18   2.68762297130117E-16
   99     42     57     4.32085488486465E-14   4.27764633601600E-12
   99     43     56     1.33305033590764E-05   1.31971983254856E-03
   99     44     55     5.94560652168364E-11   5.88615045646680E-09
  100     38     62     4.73639380487684E-20   4.73639380487684E-18
  100     39     61     2.11281478813188E-19   2.11281478813188E-17
  100     40     60     2.08705695427264E-18   2.08705695427264E-16
  100     41     59     4.40934963108046E-19   4.40934963108046E-17
  100     42     58     1.65523286673543E-05   1.65523286673543E-03
  100     44     56     8.82585749931381E-12   8.82585749931381E-10
  101     38     63     2.82444425741389E-20   2.85268869998803E-18
  101     39     62     1.74561863851392E-19   1.76307482489906E-17
  101     40     61     9.61190750471424E-19   9.70802657976138E-17
  101     41     60     2.96766457793167E-18   2.99734122371098E-16
  101     42     59     3.66573176209111E-16   3.70238907971202E-14
  101     43     58     3.51531708616329E-16   3.55047025702492E-14
  101     44     57     1.66983710114768E-05   1.68653547215915E-03
  102     38     64     1.45807064966964E-20   1.48723206266303E-18
  102     39     63     2.39137729334304E-19   2.43920483920991E-17
  102     40     62     1.66005309827399E-18   1.69325416023947E-16
  102     41     61     2.49671640849591E-18   2.54665073666583E-16
  102     42     60     3.93672841806181E-16   4.01546298642305E-14
  102     43     59     3.06577468443057E-18   3.12709017811919E-16
  102     44     58     1.98408162900221E-05   2.02376326158225E-03
  103     39     64     1.34834591679848E-19   1.38879629430243E-17
  103     40     63     9.56479684405357E-19   9.85174074937518E-17
  103     41     62     1.10319726247307E-18   1.13629318034727E-16
  103     42     61     4.96915887767660E-17   5.11823364400690E-15
  103     43     60     3.99004087962891E-17   4.10974210601778E-15
  103     44     59     3.84091376903003E-09   3.95614118210093E-07
  103     45     58     2.22142445561066E-05   2.28806718927898E-03
  104     39     65     1.08827477900763E-19   1.13180577016794E-17
  104     40     64     9.35659777913752E-19   9.73086169030302E-17
  104     41     63     5.52843582212728E-18   5.74957325501237E-16
  104     42     62     6.90435279638894E-17   7.18052690824450E-15
  104     43     61     1.26581872357001E-15   1.31645147251281E-13
  104     44     60     2.26729833446966E-05   2.35799026784845E-03
  104     46     58     5.21786128174037E-13   5.42657573300998E-11
  105     39     66     3.47854518193511E-20   3.65247244103187E-18
  105     40     65     7.31595318697062E-19   7.68175084631915E-17
  105     41     64     3.94038127881883E-18   4.13740034275977E-16
  105     42     63     4.97622867082978E-17   5.22504010437127E-15
  105     43     62     6.37413379574465E-16   6.69284048553189E-14
  105     44     61     2.23717175039890E-14   2.34903033791884E-12
  105     45     60     1.77921195158022E-13   1.86817254915923E-11
  105     46     59     2.60337806121459E-05   2.73354696427532E-03
  106     39     67     1.40543100489576E-20   1.48975686518951E-18
  106     40     66     2.24002312139918E-19   2.37442450868313E-17
  106     41     65     1.67039564215116E-18   1.77061938068023E-16
  106     42     64     1.64279327182603E-17   1.74136086813560E-15
  106     43     63     6.69946497126443E-17   7.10143286954029E-15
  106     44     62     1.08147299002732E-05   1.14636136942896E-03
  106     45     61     1.01407360083907E-11   1.07491801688942E-09
  106     46     60     1.66190422280932E-05   1.76161847617788E-03
  107     40     67     1.32968393347848E-19   1.42276180882197E-17
  107     41     66     5.25380121800820E-19   5.62156730326877E-17
  107     42     65     6.67437347317953E-18   7.14157961630210E-16
  107     43     64     4.04621445363037E-17   4.32944946538449E-15
  107     44     63     4.29435391756718E-16   4.59495869179688E-14
  107     45     62     2.48123514814808E-15   2.65492160851845E-13
  107     46     61     2.34091394206923E-05   2.50477791801407E-03
  107     47     60     3.41928556912934E-12   3.65863555896839E-10
  108     40     68     4.46504076744870E-20   4.82224402884460E-18
  108     41     67     4.66391641293789E-19   5.03702972597292E-17
  108     42     66     2.92196039471732E-18   3.15571722629470E-16
  108     43     65     1.40743513889878E-17   1.52002995001068E-15
  108     44     64     7.43926906746634E-16   8.03441059286365E-14
  108     45     63     4.57798058431432E-17   4.94421903105946E-15
  108     46     62     2.51635346019287E-05   2.71766173700830E-03
  109     40     69     1.82482581071920E-20   1.98906013368393E-18
  109     41     68     2.02414698199281E-19   2.20632021037216E-17
  109     42     67     2.12324321132908E-18   2.31433510034869E-16
  109     43     66     2.85211276538728E-18   3.10880291427213E-16
  109     44     65     1.14396894746582E-16   1.24692615273775E-14
  109     45     64     2.65269259394698E-16   2.89143492740220E-14
  109     46     63     1.63605821286171E-13   1.78330345201926E-11
  109     47     62     3.63458103927351E-05   3.96169333280812E-03
  110     41     69     1.17105863278303E-19   1.28816449606134E-17
  110     42     68     8.98281429134233E-19   9.88109572047656E-17
  110     43     67     3.56445714710540E-18   3.92090286181594E-16
  110     44     66     4.52966778851687E-17   4.98263456736855E-15
  110     45     65     3.79920149628729E-05   4.17912164591602E-03
  110     46     64     1.04963325673002E-07   1.15459658240302E-05
  110     48     62     1.01999923391287E-10   1.12199915730416E-08
  111     41     70     3.75628078793451E-20   4.16947167460730E-18
  111     42     69     5.73877725422630E-19   6.37004275219120E-17
  111     43     68     1.10571208931764E-18   1.22734041914258E-16
  111     44     67     7.05664943502040E-18   7.83288087287265E-16
  111     45     66     3.66162888140541E-17   4.06440805836001E-15
  111     46     65     4.66035307961273E-15   5.17299191837013E-13
  111     47     64     2.16710790590146E-12   2.40548977555062E-10
  111     48     63     3.66676750343365E-05   4.07011192881135E-03
  112     42     70     2.66972232932022E-19   2.99008900883865E-17
  112     43     69     1.17204858294190E-18   1.31269441289493E-16
  112     44     68     7.22794170252994E-18   8.09529470683353E-16
  112     45     67     1.97277700407126E-05   2.20951024455982E-03
  112     46     66     5.28665535401702E-20   5.92105399649906E-18
  112     48     64     1.95561639933132E-07   2.19029036725107E-05
  113     42     71     1.13042995774920E-19   1.27738585225659E-17
  113     43     70     6.49512373718371E-19   7.33948982301759E-17
  113     44     69     4.24105159073356E-18   4.79238829752892E-16
  113     45     68     1.48788513730496E-17   1.68131020515460E-15
  113     46     67     4.94192505874371E-16   5.58437531638039E-14
  113     47     66     1.02595284192698E-13   1.15932671137749E-11
  113     48     65     3.07729571151251E-05   3.47734415400914E-03
  114     42     72     4.02989310148937E-20   4.59407813569788E-18
  114     43     71     6.63392295507063E-19   7.56267216878052E-17
  114     44     70     2.35199339981696E-18   2.68127247579134E-16
  114     45     69     8.49907327291241E-18   9.68894353112015E-16
  114     46     68     6.66200294684868E-16   7.59468335940749E-14
  114     47     67     2.11345781675720E-17   2.40934191110320E-15
  114     48     66     2.66754374097685E-05   3.04099986471361E-03
  115     42     73     1.13711781741671E-20   1.30768549002921E-18
  115     43     72     1.96660131137483E-19   2.26159150808105E-17
  115     44     71     1.40799142745259E-18   1.61919014157047E-16
  115     45     70     4.66458759250316E-18   5.36427573137864E-16
  115     46     69     1.17882084713615E-16   1.35564397420657E-14
  115     47     68     5.65845393792398E-15   6.50722202861258E-13
  115     48     67     9.08434499913376E-13   1.04469967490038E-10
  115     49     66     2.66213032044890E-05   3.06144986851623E-03
  115     50     65     5.69714004893321E-20   6.55171105627319E-18
  116     43     73     6.97042015410361E-20   8.08568737876019E-18
  116     44     72     8.26558381675251E-19   9.58807722743291E-17
  116     45     71     3.32390784310625E-18   3.85573309800324E-16
  116     46     70     5.85036891837327E-17   6.78642794531299E-15
  116     47     69     1.17504207264342E-15   1.36304880426637E-13
  116     48     68     2.96010548406687E-05   3.43372236151757E-03
  116     50     66     1.70109558517343E-12   1.97327087880118E-10
  117     43     74     4.07363641948005E-20   4.76615461079165E-18
  117     44     73     4.23832709440585E-19   4.95884270045484E-17
  117     45     72     2.02040897205732E-18   2.36387849730706E-16
  117     46     71     2.07883370359228E-17   2.43223543320296E-15
  117     47     70     3.52007555552788E-16   4.11848839996762E-14
  117     48     69     4.33309327361041E-14   5.06971913012417E-12
  117     49     68     1.25259542107751E-14   1.46553664266069E-12
  117     50     67     3.75671072507142E-05   4.39535154833356E-03
  118     44     74     2.18420693233217E-19   2.57736418015196E-17
  118     45     73     1.11018820100601E-18   1.31002207718709E-16
  118     46     72     8.80610468514112E-18   1.03912035284665E-15
  118     47     71     1.74504711484570E-17   2.05915559551793E-15
  118     48     70     1.40169271122712E-14   1.65399739924800E-12
  118     49     69     2.32067004009291E-17   2.73839064730963E-15
  118     50     68     2.71159700076434E-05   3.19968446090192E-03
  119     44     75     8.55506821115811E-20   1.01805311712781E-17
  119     45     74     5.64489830201621E-19   6.71742897939929E-17
  119     46     73     3.73318459924925E-18   4.44248967310661E-16
  119     47     72     1.13389460552501E-17   1.34933458057476E-15
  119     48     71     6.59034347236433E-16   7.84250873211355E-14
  119     49     70     5.89449032232632E-16   7.01444348356832E-14
  119     50     69     3.19600909985021E-05   3.80325082882175E-03
  120     44     76     2.50251852083492E-20   3.00302222500191E-18
  120     45     75     2.93248746834211E-19   3.51898496201053E-17
  120     46     74     1.87060545544119E-18   2.24472654652943E-16
  120     47     73     4.80327415018133E-18   5.76392898021759E-16
  120     48     72     1.98573969739505E-16   2.38288763687406E-14
  120     49     71     1.20394861376273E-17   1.44473833651527E-15
  120     50     70     2.64521212828809E-05   3.17425455394570E-03
  121     45     76     1.64748105553170E-19   1.99345207719336E-17
  121     46     75     8.40996648249593E-19   1.01760594438201E-16
  121     47     74     2.62965948471879E-18   3.18188797650973E-16
  121     48     73     4.56691009029034E-17   5.52596120925131E-15
  121     49     72     7.81455039672308E-17   9.45560598003492E-15
  121     50     71     3.29754259284990E-13   3.99002653734838E-11
  121     51     70     4.27898262197057E-05   5.17756897258439E-03
  122     45     77     3.73172650745165E-20   4.55270633909101E-18
  122     46     76     3.55563635461619E-19   4.33787635263175E-17
  122     47     75     1.46771905634269E-18   1.79061724873809E-16
  122     48     74     1.47606453783068E-17   1.80079873615342E-15
  122     49     73     4.22569646878235E-18   5.15534969191447E-16
  122     50     72     2.17627081539349E-05   2.65505039478005E-03
  122     52     70     5.03183504347567E-11   6.13883875304031E-09
  123     46     77     2.03389725825065E-19   2.50169362764830E-17
  123     47     76     6.91390563008691E-19   8.50410392500690E-17
  123     48     75     5.14465613359527E-18   6.32792704432218E-16
  123     49     74     1.51259025856649E-17   1.86048601803678E-15
  123     50     73     2.77933241770067E-06   3.41857887377183E-04
  123     51     72     3.68672722005040E-05   4.53467448066199E-03
  124     46     78     1.93324493442647E-20   2.39722371868882E-18
  124     47     77     2.91474340188243E-19   3.61428181833421E-17
  124     48     76     2.53412708772854E-18   3.14231758878339E-16
  124     49     75     6.35494628244416E-18   7.88013339023076E-16
  124     50     74     2.65886546802237E-05   3.29699318034774E-03
  124     51     73     1.22869800832592E-15   1.52358553032415E-13
  124     52     72     3.60759646605284E-13   4.47341961790552E-11
  125     46     79     2.42339118715932E-20   3.02923898394914E-18
  125     47     78     1.76088965429148E-19   2.20111206786435E-17
  125     48     77     1.08780767574709E-18   1.35975959468387E-16
  125     49     76     3.86582999526636E-18   4.83228749408295E-16
  125     50     75     1.38617846971375E-12   1.73272308714219E-10
  125     51     74     6.21014387535104E-05   7.76267984418881E-03
  125     52     73     2.46178310698446E-05   3.07722888373058E-03
  126     47     79     5.71087602941323E-20   7.19570379706067E-18
  126     48     78     6.31450814611719E-19   7.95628026410766E-17
  126     49     77     2.04698255715535E-18   2.57919802201574E-16
  126     50     76     1.02654724579508E-04   1.29344952970181E-02
  126     51     75     1.51300361474240E-11   1.90638455457542E-09
  126     52     74     4.22312697926847E-10   5.32113999387827E-08
  127     47     80     2.24110048544856E-20   2.84619761651967E-18
  127     48     79     3.15169235079097E-19   4.00264928550453E-17
  127     49     78     1.19712667862531E-18   1.52035088185415E-16
  127     50     77     8.37623755126055E-15   1.06378216901009E-12
  127     51     76     3.71237132996358E-13   4.71471158905375E-11
  127     52     75     3.75947257771095E-14   4.77453017369291E-12
  127     53     74     1.15684046436426E-04   1.46918738974261E-02
  128     48     80     1.43812539373228E-19   1.84080050397732E-17
  128     49     79     7.64033291844502E-19   9.77962613560962E-17
  128     50     78     3.36170750588047E-15   4.30298560752701E-13
  128     51     77     3.07981555302527E-14   3.94216390787235E-12
  128     52     76     9.72636884387464E-05   1.24497521201595E-02
  128     54     74     3.74310676783193E-15   4.79117666282488E-13
  129     48     81     8.48979061747934E-20   1.09518298965484E-17
  129     49     80     4.70017189765242E-19   6.06322174797162E-17
  129     50     79     1.19351715972058E-16   1.53963713603955E-14
  129     51     78     1.41237400476723E-14   1.82196246614972E-12
  129     52     77     3.73675300122875E-15   4.82041137158509E-13
  129     53     76     1.12113900178798E-04   1.44626931230649E-02
  129     54     75     6.77747452145186E-12   8.74294213267289E-10
  130     48     82     1.71960744172550E-20   2.23548967424315E-18
  130     49     81     1.75689755603703E-19   2.28396682284814E-17
  130     50     80     1.96955896837036E-16   2.56042665888147E-14
  130     51     79     2.13297618567925E-15   2.77286904138302E-13
  130     52     78     6.89650848811935E-05   8.96546103455516E-03
  130     53     77     1.71452499217877E-20   2.22888248983240E-18
  130     54     76     7.87529581631752E-12   1.02378845612128E-09
  131     49     82     1.21306503261629E-19   1.58911519272734E-17
  131     50     81     5.26653623886266E-17   6.89916247291009E-15
  131     51     80     1.39822138042479E-15   1.83167000835648E-13
  131     52     79     1.52152473382900E-15   1.99319740131599E-13
  131     53     78     7.11567305572585E-13   9.32153170300086E-11
  131     54     77     9.59916130190626E-05   1.25749013054972E-02
  132     49     83     5.00082778637125E-20   6.60109267801006E-18
  132     50     82     4.05047666668619E-17   5.34662920002578E-15
  132     51     81     2.09916621137041E-16   2.77089939900895E-14
  132     52     80     3.52306435147711E-13   4.65044494394978E-11
  132     53     79     1.05071767471446E-14   1.38694733062309E-12
  132     54     78     1.18879573850445E-04   1.56921037482588E-02
  133     49     84     1.78418498115941E-20   2.37296602494202E-18
  133     50     83     1.12405962407966E-18   1.49499930002595E-16
  133     51     82     6.15190201098545E-16   8.18202967461064E-14
  133     52     81     3.36724254719138E-15   4.47843258776454E-13
  133     53     80     3.37207311596608E-13   4.48485724423489E-11
  133     54     79     2.05270792117474E-12   2.73010153516240E-10
  133     55     78     1.16294849508446E-04   1.54672149846233E-02
  134     50     84     6.10088921420932E-19   8.17519154704049E-17
  134     51     83     1.20149325277198E-18   1.61000095871445E-16
  134     52     82     5.13921525361892E-15   6.88654843984936E-13
  134     53     81     6.46372193118345E-15   8.66138738778582E-13
  134     54     80     1.06138911676413E-04   1.42226141646394E-02
  134     55     79     7.44483239956399E-14   9.97607541541575E-12
  134     56     78     4.33342347475938E-14   5.80678745617757E-12
  135     50     85     1.69109164564236E-19   2.28297372161719E-17
  135     51     84     2.60589338169573E-18   3.51795606528923E-16
  135     52     83     3.79190953468988E-17   5.11907787183134E-15
  135     53     82     4.88369250051205E-14   6.59298487569127E-12
  135     54     81     6.78393066099232E-14   9.15830639233963E-12
  135     55     80     5.11441913964906E-05   6.90446583852623E-03
  135     56     79     2.10545332676252E-11   2.84236199112940E-09
  136     50     86     3.26548985981690E-20   4.44106620935099E-18
  136     51     85     1.17242147641595E-18   1.59449320792569E-16
  136     52     84     4.68773050901270E-17   6.37531349225728E-15
  136     53     83     2.37187707608036E-16   3.22575282346929E-14
  136     54     82     1.24159302122722E-04   1.68856650886902E-02
  136     55     81     7.31361162853313E-18   9.94651181480506E-16
  136     56     80     1.10507172670615E-11   1.50289754832037E-09
  137     51     86     3.92096855892599E-19   5.37172692572860E-17
  137     52     85     6.20059427998913E-18   8.49481416358511E-16
  137     53     84     2.04686500786025E-18   2.80420506076854E-16
  137     54     83     6.22113849926915E-17   8.52295974399874E-15
  137     55     82     5.74509093044390E-06   7.87077457470814E-04
  137     56     81     1.84157323575432E-07   2.52295533298341E-05
  138     51     87     1.32603585692323E-19   1.82992948255405E-17
  138     52     86     3.05626210080570E-18   4.21764169911187E-16
  138     53     85     2.01606098598868E-17   2.78216416066438E-15
  138     54     84     2.95553071471232E-15   4.07863238630301E-13
  138     55     83     6.99683147820698E-15   9.65562743992563E-13
  138     56     82     7.49025160171396E-05   1.03365472103653E-02
  138     57     81     1.19981030954090E-16   1.65573822716644E-14
  139     51     88     1.18907270982915E-20   1.65281106666252E-18
  139     52     87     9.76550641268970E-19   1.35740539136387E-16
  139     53     86     8.24710845909057E-18   1.14634807581359E-15
  139     54     85     1.54918844719946E-16   2.15337194160724E-14
  139     55     84     2.17273576509692E-15   3.02010271348472E-13
  139     56     83     1.94626453196536E-14   2.70530769943185E-12
  139     57     82     1.61733739004337E-05   2.24809897216029E-03
  140     52     88     2.65995463596833E-19   3.72393649035566E-17
  140     53     87     3.01677760482670E-18   4.22348864675738E-16
  140     54     86     6.36162074457473E-17   8.90626904240462E-15
  140     55     85     3.00372053952693E-16   4.20520875533770E-14
  140     56     84     5.29078687852831E-12   7.40710162993964E-10
  140     57     83     6.99216076769505E-13   9.78902507477307E-11
  140     58     82     7.33876735925008E-05   1.02742743029501E-02
  141     52     89     7.54595613415646E-20   1.06397981491606E-17
  141     53     88     1.17524453734379E-18   1.65709479765475E-16
  141     54     87     8.45300162955040E-18   1.19187322976661E-15
  141     55     86     1.25500081987234E-16   1.76955115602000E-14
  141     56     85     5.57082880559209E-15   7.85486861588485E-13
  141     57     84     7.14251266662047E-14   1.00709428599349E-11
  141     58     83     1.88494332701741E-09   2.65777009109455E-07
  141     59     82     6.18531404814123E-05   8.72129280787914E-03
  142     53     89     3.67054645331443E-19   5.21217596370649E-17
  142     54     88     4.92140259981472E-18   6.98839169173690E-16
  142     55     87     7.70692550820126E-18   1.09438342216458E-15
  142     56     86     2.97243522418858E-15   4.22085801834778E-13
  142     57     85     2.55675984232192E-14   3.63059897609713E-12
  142     58     84     4.39923743580235E-05   6.24691715883934E-03
  142     60     82     5.95493826234736E-16   8.45601233253325E-14
  143     53     90     6.95794089760349E-20   9.94985548357299E-18
  143     54     89     1.71286874730775E-18   2.44940230865009E-16
  143     55     88     8.46128313090577E-18   1.20996348771952E-15
  143     56     87     7.04617191178852E-17   1.00760258338576E-14
  143     57     86     4.30525351673145E-15   6.15651252892598E-13
  143     58     85     6.02564823391879E-13   8.61667697450387E-11
  143     59     84     6.04864127625256E-12   8.64955702504116E-10
  143     60     83     4.55787894440786E-05   6.51776689050324E-03
  144     53     91     2.49987178067208E-20   3.59981536416779E-18
  144     54     90     9.16460858306496E-19   1.31970363596135E-16
  144     55     89     4.61242164461577E-18   6.64188716824671E-16
  144     56     88     6.16988752900615E-17   8.88463804176885E-15
  144     57     87     2.11165498013820E-16   3.04078317139901E-14
  144     58     86     1.25943102546029E-05   1.81358067666282E-03
  144     59     85     5.32449457988363E-10   7.66727219503243E-08
  144     60     84     2.98041578433613E-05   4.29179872944403E-03
  145     54     91     2.36513494416532E-19   3.42944566903972E-17
  145     55     90     2.37434799762769E-18   3.44280459656015E-16
  145     56     89     1.99318691309014E-17   2.89012102398070E-15
  145     57     88     1.15252330665972E-16   1.67115879465660E-14
  145     58     87     8.41170335142021E-16   1.21969698595593E-13
  145     59     86     9.99532772839352E-14   1.44932252061706E-11
  145     60     85     4.59354023304784E-05   6.66063333791937E-03
  146     54     92     7.07223482890767E-20   1.03254628502052E-17
  146     55     91     9.50747327680127E-19   1.38809109841298E-16
  146     56     90     1.00708621026563E-17   1.47034586698783E-15
  146     57     89     2.91032965123008E-17   4.24908129079592E-15
  146     58     88     3.76640381848199E-15   5.49894957498370E-13
  146     59     87     6.73418512591239E-15   9.83191028383209E-13
  146     60     86     4.78556229870880E-05   6.98692095611484E-03
  147     54     93     1.32962589594784E-20   1.95455006704333E-18
  147     55     92     3.99337541730881E-19   5.87026186344395E-17
  147     56     91     3.20119743272155E-18   4.70576022610068E-16
  147     57     90     1.59354866343244E-17   2.34251653524569E-15
  147     58     89     2.21921809561623E-16   3.26225060055586E-14
  147     59     88     3.16362424648545E-15   4.65052764233362E-13
  147     60     87     3.79721568164091E-12   5.58190705201214E-10
  147     61     86     3.44730075893878E-05   5.06753211564001E-03
  147     62     85     1.44380693232852E-05   2.12239619052292E-03
  148     55     93     1.10928247923751E-19   1.64173806927152E-17
  148     56     92     1.75621776612963E-18   2.59920229387185E-16
  148     57     91     4.59038091674769E-18   6.79376375678658E-16
  148     58     90     2.07960340250625E-16   3.07781303570925E-14
  148     59     89     5.08776487382786E-16   7.52989201326523E-14
  148     60     88     4.29631603512449E-05   6.35854773198425E-03
  148     62     86     7.32327236535308E-13   1.08384431007226E-10
  149     55     94     1.94582987544382E-20   2.89928651441129E-18
  149     56     93     6.34562397393388E-19   9.45497972116148E-17
  149     57     92     3.29725986505821E-18   4.91291719893674E-16
  149     58     91     1.73832822536174E-17   2.59010905578899E-15
  149     59     90     4.46228231131378E-16   6.64880064385753E-14
  149     60     89     2.04106253000443E-14   3.04118316970659E-12
  149     61     88     6.28831330069194E-13   9.36958681803099E-11
  149     62     87     4.21722721476008E-05   6.28366854999252E-03
  150     56     94     2.74713551794068E-19   4.12070327691102E-17
  150     57     93     2.13933812766513E-18   3.20900719149769E-16
  150     58     92     1.12934841981836E-17   1.69402262972754E-15
  150     59     91     1.75223984066718E-17   2.62835976100077E-15
  150     60     90     3.88126013338346E-05   5.82189020007518E-03
  150     62     88     2.04470113362160E-09   3.06705170043240E-07
  151     56     95     7.86649521411519E-20   1.18784077733139E-17
  151     57     94     1.05652817245253E-18   1.59535754040332E-16
  151     58     93     4.43733297001987E-18   6.70037278473000E-16
  151     59     92     4.82646159529571E-17   7.28795700889653E-15
  151     60     91     1.90522476939370E-15   2.87688940178448E-13
  151     61     90     2.60957933146712E-13   3.94046479051536E-11
  151     62     89     4.75945278387228E-05   7.18677370364714E-03
  151     63     88     5.02712183810253E-07   7.59095397553482E-05
  152     56     96     1.31277688419773E-20   1.99542086398056E-18
  152     57     95     3.55711336344811E-19   5.40681231244112E-17
  152     58     94     2.25266791797596E-18   3.42405523532345E-16
  152     59     93     6.10985559308969E-18   9.28698050149632E-16
  152     60     92     1.17156422880342E-15   1.78077762778119E-13
  152     61     91     4.23067721761196E-16   6.43062937077017E-14
  152     62     90     3.20069931891036E-05   4.86506296474374E-03
  152     63     89     2.19483439578605E-18   3.33614828159480E-16
  152     64     88     4.44538793324488E-20   6.75698965853222E-18
  153     57     96     6.98223633829717E-20   1.06828215975947E-17
  153     58     95     1.40200858100691E-18   2.14507312894057E-16
  153     59     94     6.04525744992909E-18   9.24924389839152E-16
  153     60     93     4.48574806779505E-17   6.86319454372643E-15
  153     61     92     4.47167191017902E-16   6.84165802257389E-14
  153     62     91     2.37775578862258E-13   3.63796635659255E-11
  153     63     90     3.36284714237557E-05   5.14515612783462E-03
  154     57     97     2.03387218545032E-20   3.13216316559349E-18
  154     58     96     3.78843848135195E-19   5.83419526128200E-17
  154     59     95     2.51690548369608E-18   3.87603444489196E-16
  154     60     94     2.90175987446454E-17   4.46871020667539E-15
  154     61     93     1.80413484202467E-16   2.77836765671799E-14
  154     62     92     2.93445372869997E-05   4.51905874219795E-03
  154     63     91     2.90910127461972E-11   4.48001596291437E-09
  154     64     90     3.39724276416059E-12   5.23175385680731E-10
  155     58     97     1.88601681247199E-19   2.92332605933159E-17
  155     59     96     6.89950959889388E-19   1.06942398782855E-16
  155     60     95     7.89897546229186E-18   1.22434119665524E-15
  155     61     94     3.68839417031624E-17   5.71701096399018E-15
  155     62     93     1.19098245044732E-15   1.84602279819334E-13
  155     63     92     2.98905380522294E-05   4.63303339809556E-03
  155     64     91     6.60030317686547E-06   1.02304699241415E-03
  156     58     98     3.65488439203630E-20   5.70161965157662E-18
  156     59     97     4.12624739375163E-19   6.43694593425254E-17
  156     60     96     3.28174311641201E-18   5.11951926160273E-16
  156     61     95     3.68046219817213E-05   5.74152102914853E-03
  156     62     94     5.78580978974928E-19   9.02586327200887E-17
  156     63     93     3.60099143490584E-17   5.61754663845311E-15
  156     64     92     3.76935933804199E-08   5.88020056734551E-06
  157     58     99     1.01277383315029E-20   1.59005491804596E-18
  157     59     98     9.00327910353213E-20   1.41351481925454E-17
  157     60     97     9.89462396116738E-19   1.55345596190328E-16
  157     61     96     4.59369673210482E-18   7.21210386940456E-16
  157     62     95     2.08962200573477E-16   3.28070654900359E-14
  157     63     94     2.36936534235136E-14   3.71990358749163E-12
  157     64     93     4.31026476378917E-05   6.76711567914900E-03
  158     59     99     3.31797760744495E-20   5.24240461976303E-18
  158     60     98     2.73491028684352E-19   4.32115825321276E-17
  158     61     97     1.40469281292112E-18   2.21941464441537E-16
  158     62     96     9.33069833465980E-17   1.47425033687625E-14
  158     63     95     8.06948498643572E-16   1.27497862785684E-13
  158     64     94     4.28546605697863E-05   6.77103637002623E-03
  159     60     99     1.62764097427728E-19   2.58794914910088E-17
  159     61     98     3.02342639706774E-19   4.80724797133771E-17
  159     62     97     2.33161826531300E-18   3.70727304184767E-16
  159     63     96     2.22943385686096E-16   3.54479983240893E-14
  159     64     95     1.36180119887739E-14   2.16526390621504E-12
  159     65     94     4.45007512077069E-05   7.07561944202539E-03
  160     60    100     3.94590733654340E-20   6.31345173846944E-18
  160     61     99     3.98931038001585E-19   6.38289660802536E-17
  160     62     98     1.32302518946130E-18   2.11684030313808E-16
  160     63     97     5.23832198198316E-18   8.38131517117306E-16
  160     64     96     4.01318472991329E-05   6.42109556786126E-03
  160     65     95     1.78415879675024E-13   2.85465407480039E-11
  160     66     94     2.02487036013633E-11   3.23979257621813E-09
  161     60    101     1.53831713469215E-20   2.47669058685436E-18
  161     61    100     1.15754899947301E-19   1.86365388915155E-17
  161     62     99     4.40582306052335E-19   7.09337512744260E-17
  161     63     98     2.39669071866440E-18   3.85867205704969E-16
  161     64     97     2.02799091989652E-17   3.26506538103340E-15
  161     65     96     5.54352146352566E-14   8.92506955627631E-12
  161     66     95     4.11829637233184E-05   6.63045715945426E-03
  162     61    101     4.65849690070786E-20   7.54676497914673E-18
  162     62    100     1.30370939147102E-19   2.11200921418305E-17
  162     63     99     5.89450924797613E-19   9.54910498172133E-17
  162     64     98     2.80274391564484E-17   4.54044514334463E-15
  162     65     97     2.53584734283958E-17   4.10807269540012E-15
  162     66     96     3.74996105655091E-05   6.07493691161247E-03
  163     62    101     7.79843153755047E-20   1.27114434062073E-17
  163     63    100     2.74175893725539E-19   4.46906706772628E-17
  163     64     99     2.42229560238811E-18   3.94834183189262E-16
  163     65     98     4.16787018817447E-17   6.79362840672439E-15
  163     66     97     3.97085001004135E-05   6.47248551636739E-03
  164     62    102     1.92616039638526E-20   3.15890305007182E-18
  164     63    101     8.34547938428805E-20   1.36865861902324E-17
  164     64    100     9.00963187223601E-19   1.47757962704671E-16
  164     65     99     3.60392349849216E-18   5.91043453752714E-16
  164     66     98     3.48346618034194E-05   5.71288453576078E-03
  165     63    102     2.57543884997945E-20   4.24947410246609E-18
  165     64    101     1.20764241340236E-19   1.99260998211390E-17
  165     65    100     1.48906551550639E-18   2.45695810058555E-16
  165     66     99     9.85043022988861E-17   1.62532098793162E-14
  165     67     98     2.43101254769989E-05   4.01117070370482E-03
  166     63    103     1.62320868706837E-20   2.69452642053349E-18
  166     64    102     3.33887503885481E-20   5.54253256449899E-18
  166     65    101     1.74600318184618E-19   2.89836528186465E-17
  166     66    100     2.05609562054175E-15   3.41311873009930E-13
  166     67     99     6.76682115564482E-16   1.12329231183704E-13
  166     68     98     2.41469438618380E-05   4.00839268106511E-03
  167     64    103     2.25253918398313E-20   3.76174043725183E-18
  167     65    102     7.56880288843724E-20   1.26399008236902E-17
  167     66    101     1.45136400933284E-18   2.42377789558585E-16
  167     67    100     4.21442473990832E-17   7.03808931564690E-15
  167     68     99     2.91831687677066E-05   4.87358918420700E-03
  168     65    103     1.29235845510729E-20   2.17116220458024E-18
  168     66    102     8.22725306194956E-19   1.38217851440753E-16
  168     67    101     2.82123689330880E-19   4.73967798075879E-17
  168     68    100     1.92436031435841E-05   3.23292532812212E-03
  169     66    103     3.25732165600947E-20   5.50487359865600E-18
  169     67    102     2.36364575685358E-19   3.99456132908255E-17
  169     68    101     6.87333169523834E-16   1.16159305649528E-13
  169     69    100     1.65825352060213E-05   2.80244844981760E-03
  170     67    103     6.67730799497069E-20   1.13514235914502E-17
  170     68    102     1.87332925688448E-05   3.18465973670361E-03
  170     69    101     1.00607579328400E-13   1.71032884858281E-11
  170     70    100     1.36703694227767E-12   2.32396280187203E-10
  171     68    103     4.31223040937340E-18   7.37391400002851E-16
  171     69    102     1.03838559308158E-05   1.77563936416949E-03
  171     70    101     6.61916775737605E-06   1.13187768651130E-03
  172     70    102     1.80441965728172E-05   3.10360181052455E-03
  173     70    103     1.50737627462528E-05   2.60776095510173E-03
  174     70    104     2.54292086117649E-05   4.42468229844709E-03
  175     71    104     1.50400534426124E-05   2.63200935245717E-03
  176     70    106     1.65297460857994E-05   2.90923531110070E-03
  176     71    105     6.37405893808362E-13   1.12183437310272E-10
  177     69    108     1.39067919360473E-05   2.46150217268037E-03
  177     72    105     2.62574170367882E-09   4.64756281551150E-07
  178     69    109     1.55371742290398E-05   2.76561701276908E-03
  178     72    106     6.75553205805300E-13   1.20248470633343E-10
  179     72    107     7.87423979242429E-06   1.40948892284395E-03
  180     72    108     6.62535152392037E-06   1.19256327430567E-03
  181     70    111     9.18860366605657E-06   1.66313726355624E-03
  181     72    109     1.00827067448638E-12   1.82496992082034E-10
  181     73    108     3.11450742859364E-09   5.63725844575449E-07
  182     72    110     3.69094019528885E-06   6.71751115542571E-04
  182     73    109     1.23699531343346E-13   2.25133147044890E-11
  182     74    108     2.69638046883314E-13   4.90741245327632E-11
  183     74    109     2.49114372120749E-06   4.55879300980971E-04
  184     74    110     3.58269504740205E-06   6.59215888721977E-04
  185     74    111     1.48952093069879E-10   2.75561372179275E-08
  185     75    110     1.41808419313078E-08   2.62345575729193E-06
  186     74    112     6.26368464495439E-06   1.16504534396152E-03
  186     76    110     1.55865580946080E-17   2.89909980559709E-15
  187     75    112     1.01055778339579E-04   1.88974305495014E-02
  187     76    111     2.20228043591376E-15   4.11826441515873E-13
  188     74    114     1.57900892387246E-07   2.96853677688022E-05
  188     75    113     1.61893450686560E-09   3.04359687290732E-07
  188     76    112     2.12898136979650E-05   4.00248497521743E-03
  189     76    113     5.21963011485247E-05   9.86510091707116E-03
  190     76    114     6.46007530507818E-05   1.22741430796485E-02
  191     74    117     8.57017910168235E-06   1.63690420842133E-03
  191     76    115     2.57880347847688E-18   4.92551464389084E-16
  191     77    114     5.44531250377042E-09   1.04005468822015E-06
  192     76    116     1.71857521311603E-04   3.29966440918278E-02
  192     77    115     1.45481066812658E-18   2.79323648280303E-16
  192     78    114     1.42756633352443E-16   2.74092736036691E-14
  193     75    118     3.44941704213779E-04   6.65737489132594E-02
  193     77    116     8.01012599870148E-08   1.54595431774939E-05
  194     75    119     2.69049655978372E-04   5.21956332598041E-02
  194     76    118     2.99745886461894E-11   5.81507019736074E-09
  194     77    117     1.10107550333789E-14   2.13608647647551E-12
  194     78    116     5.24461586733604E-12   1.01745547826319E-09
  195     78    117     4.45635731112603E-04   8.68989675669576E-02
  196     78    118     1.88936293932938E-04   3.70315136108558E-02
  197     79    118     1.93658535191455E-04   3.81507314327167E-02
  198     78    120     5.35495606286679E-05   1.06028130044762E-02
  198     80    118     5.10838490617629E-11   1.01146021142291E-08
  199     80    119     2.84740712314663E-05   5.66634017506179E-03
  200     77    123     3.92403325977043E-06   7.84806651954087E-04
  200     80    120     2.76427568286725E-08   5.52855136573449E-06
  201     80    121     2.51516090354051E-06   5.05547341611642E-04
  202     80    122     1.06444601150183E-06   2.15018094323370E-04
  203     80    123     7.95489261731495E-10   1.61484320131494E-07
  203     81    122     1.18858148003190E-06   2.41282040446477E-04
  204     80    124     1.09225938325138E-06   2.22820914183281E-04
  204     81    123     2.96865508027039E-15   6.05605636375161E-13
  204     82    122     8.24038681526644E-16   1.68103891031435E-13
  205     81    124     1.85418996960866E-06   3.80108943769776E-04
  206     79    127     1.28387756411052E-06   2.64478778206766E-04
  206     80    126     1.24939540367800E-19   2.57375453157668E-17
  206     81    125     4.38027815982236E-18   9.02337300923406E-16
  206     82    124     2.50672078331544E-07   5.16384481362981E-05
  207     81    126     3.83308005979442E-12   7.93447572377444E-10
  207     82    125     1.58183269105293E-05   3.27439367047956E-03
  208     81    127     1.33845806622125E-12   2.78399277774020E-10
  208     82    126     1.83746251623373E-05   3.82192203376617E-03
  209     81    128     1.84702124415710E-16   3.86027440028833E-14
  209     82    127     7.54444396141007E-13   1.57678878793471E-10
  209     83    126     1.78990396739939E-05   3.74089929186473E-03
  210     81    129     2.61759241894726E-18   5.49694407978924E-16
  210     82    128     9.23252749272878E-06   1.93883077347304E-03
  210     83    127     5.70644834039450E-09   1.19835415148285E-06
  210     84    126     1.45806815132804E-07   3.06194311778888E-05
  211     81    130     2.60357690460139E-06   5.49354726870892E-04
  211     82    129     2.91653306413770E-11   6.15388476533055E-09
  211     83    128     1.72570947794074E-12   3.64124699845495E-10
  211     84    127     1.94785296658565E-17   4.10996975949572E-15
  212     82    130     7.79893971273817E-10   1.65337521910049E-07
  212     83    129     7.39339764661693E-11   1.56740030108279E-08
  213     82    131     3.32827597752484E-18   7.08922783212792E-16
  213     83    130     1.76662141160126E-13   3.76290360671067E-11
  214     82    132     2.71010979756365E-13   5.79963496678621E-11
  214     83    131     2.00352776588910E-13   4.28754941900268E-11
  214     84    130     2.76567674902044E-20   5.91854824290375E-18
  215     83    132     4.90405247349940E-18   1.05437128180237E-15
  215     84    131     2.39368257897446E-17   5.14641754479508E-15
  216     84    132     2.95526426818426E-15   6.38337081927799E-13
  217     84    133     9.05850972014642E-20   1.96569660927177E-17
  217     85    132     2.08265080221586E-18   4.51935224080842E-16
  218     84    134     3.12953431339314E-14   6.82238480319704E-12
  218     85    133     5.04739499035566E-20   1.10033210789753E-17
  219     85    134     6.20919429021589E-19   1.35981354955728E-16
  219     86    133     5.32230738840453E-14   1.16558531806059E-11
  220     86    134     1.13319695521547E-12   2.49303330147402E-10
  221     86    135     3.70795064455602E-17   8.19457092446880E-15
  221     87    134     1.84588924817632E-14   4.07941523846967E-12
  222     86    136     5.55622438390879E-11   1.23348181322775E-08
  223     87    136     2.43941845412557E-13   5.43990315270002E-11
  223     88    135     1.32781713294906E-08   2.96103220647641E-06
  224     86    138     1.15525591279373E-17   2.58777324465796E-15
  224     87    137     1.76564686211523E-18   3.95504897113811E-16
  224     88    136     6.39994121885368E-09   1.43358683302322E-06
  225     88    137     8.31481866201903E-11   1.87083419895428E-08
  225     89    136     5.56889556291252E-11   1.25300150165532E-08
  226     88    138     8.50187732244701E-06   1.92142427487302E-03
  227     89    138     9.19925134329425E-06   2.08823005492780E-03
  227     90    137     2.13109333487940E-08   4.83758187017623E-06
  228     88    140     8.80438953442421E-06   2.00740081384872E-03
  228     89    139     1.07522254457844E-09   2.45150740163884E-07
  228     90    138     1.23794294496687E-06   2.82250991452446E-04
  229     90    139     1.61184694725445E-05   3.69112950921269E-03
  230     90    140     1.17024023934234E-05   2.69155255048737E-03
  231     90    141     1.17124800569895E-16   2.70558289316457E-14
  231     91    140     1.99451249033017E-05   4.60732385266270E-03
  232     90    142     1.30309583288977E-05   3.02318233230427E-03
  233     91    142     8.96117272273290E-11   2.08795324439677E-08
  233     92    141     2.35196934350407E-05   5.48008857036448E-03
  234     90    144     1.62689647873156E-11   3.80693776023185E-09
  234     91    143     1.90712778790804E-13   4.46267902370481E-11
  234     92    142     1.87350489823454E-05   4.38400146186882E-03
  235     92    143     2.82931352568134E-05   6.64888678535116E-03
  236     92    144     2.28705048651378E-05   5.39743914817252E-03
  237     92    145     1.76659792054349E-18   4.18683707168806E-16
  237     93    144     5.33743194353691E-05   1.26497137061825E-02
  238     92    146     3.51300940408016E-05   8.36096238171078E-03
  238     93    145     1.69572448944272E-20   4.03582428487368E-18
  238     94    144     5.44545113398473E-13   1.29601736988836E-10
  239     93    146     1.89285495054089E-11   4.52392333179272E-09
  239     94    145     6.62799524979470E-05   1.58409086470093E-02
  240     92    148     2.05247406882149E-16   4.92593776517158E-14
  240     93    147     1.49889927394368E-17   3.59735825746483E-15
  240     94    146     3.23206701619815E-05   7.75696083887555E-03
  241     92    149     4.24493156865267E-05   1.02302850804529E-02
  241     94    147     5.46715706364525E-11   1.31758485233850E-08
  241     95    146     3.72732284404469E-12   8.98284805414771E-10
  242     94    148     1.55432461890303E-05   3.76146557774533E-03
  242     95    147     2.83504426372871E-16   6.86080711822349E-14
  242     96    146     3.43881321072063E-14   8.32192796994393E-12
  243     94    149     4.32446116011616E-16   1.05084406190823E-13
  243     95    148     2.16187264707455E-05   5.25335053239117E-03
  244     92    152     1.81328823873218E-20   4.42442330250653E-18
  244     93    151     9.96969319369012E-19   2.43260513926039E-16
  244     94    150     1.01929366833792E-05   2.48707655074453E-03
  244     95    149     1.76350517791312E-19   4.30295263410802E-17
  244     96    148     6.33666699902992E-11   1.54614674776330E-08
  245     93    152     1.58927023221076E-05   3.89371206891635E-03
  245     96    149     3.26538941236451E-09   8.00020406029305E-07
  246     93    153     1.42777673682773E-17   3.51233077259621E-15
  246     94    152     1.15125082216548E-12   2.83207702252708E-10
  246     95    151     2.87491843677831E-15   7.07229935447465E-13
  246     96    150     8.03461498206603E-06   1.97651528558824E-03
  246     97    149     3.94701562931636E-13   9.70965844811825E-11
  247     93    154     9.74064435881473E-20   2.40593915662724E-17
  247     94    153     1.24222573053131E-14   3.06829755441232E-12
  247     95    152     8.74611842667743E-17   2.16029125138933E-14
  247     96    151     1.19524540324787E-05   2.95225614602225E-03
  248     94    154     6.11230285565724E-06   1.51585110820300E-03
  248     96    152     1.98025449216098E-11   4.91103114055923E-09
  248     97    151     2.19069819221586E-20   5.43293151669533E-18
  249     94    155     2.59772202981827E-19   6.46832785424750E-17
  249     95    154     1.20237414517398E-05   2.99391162148322E-03
  249     97    152     2.86557212680271E-16   7.13527459573875E-14
  249     98    151     5.29922198591557E-16   1.31950627449298E-13
  250     95    155     4.15660020614179E-06   1.03915005153545E-03
  250     96    154     4.15696156157721E-20   1.03924039039430E-17
  250     98    152     1.76191553314198E-20   4.40478883285495E-18
  251     95    156     1.00198083575960E-05   2.51497189775660E-03
  252     96    156     3.26855792109758E-06   8.23676596116591E-04
  253     96    157     7.67204121493063E-06   1.94102642737745E-03
  254     96    158     1.90542359291177E-06   4.83977592599591E-04
  255     97    158     2.41221507569355E-06   6.15114844301856E-04
  256     97    159     6.35746973965549E-07   1.62751225335181E-04
  257     97    160     4.39721247333588E-07   1.13008360564732E-04
  258     98    160     7.82751610342619E-15   2.01949915468396E-12
  259     98    161     3.50168396134309E-09   9.06936145987859E-07
  260     98    162     4.21775610434901E-10   1.09661658713074E-07
  262     99    163     3.05268789258956E-20   7.99804227858465E-18
