# 1:A 2:Y(A) 3:X(A)
    1     1.73503945176187E-09     1.73503945176187E-09
    2     3.12680252147779E-16     6.25360504295558E-16
    3     2.01415438777758E-08     6.04246316333275E-08
    4     2.71843977433194E-04     1.08737590973277E-03
    5     0.00000000000000E+00     0.00000000000000E+00
    6     1.43185974586762E-08     8.59115847520572E-08
    7     1.68870699964895E-09     1.18209489975427E-08
    8     0.00000000000000E+00     0.00000000000000E+00
    9     8.76940542546131E-07     7.89246488291518E-06
   10     3.69892557176674E-07     3.69892557176674E-06
   11     2.29223203561175E-08     2.52145523917292E-07
   12     6.60843579239259E-07     7.93012295087110E-06
   13     6.53542291362550E-08     8.49604978771315E-07
   14     5.58524340977459E-08     7.81934077368442E-07
   15     1.00004580021160E-05     1.50006870031740E-04
   16     1.99262618427344E-07     3.18820189483751E-06
   17     2.32612840448813E-09     3.95441828762982E-08
   18     1.85509249542024E-07     3.33916649175642E-06
   19     7.80200992853287E-07     1.48238188642125E-05
   20     9.44577352969460E-07     1.88915470593892E-05
   21     1.50028647806780E-07     3.15060160394238E-06
   22     4.19092365832442E-06     9.22003204831373E-05
   23     1.40936453415266E-09     3.24153842855112E-08
   24     2.34663168752620E-08     5.63191605006289E-07
   25     8.25984449362640E-08     2.06496112340660E-06
   26     5.13110084478434E-09     1.33408621964393E-07
   27     1.43023037419106E-09     3.86162201031586E-08
   28     1.12258927623875E-09     3.14324997346851E-08
   29     6.87089770821404E-10     1.99256033538207E-08
   30     1.49537115178706E-09     4.48611345536119E-08
   31     2.29005745120399E-09     7.09917809873236E-08
   32     8.81212840497672E-09     2.81988108959255E-07
   33     8.31285145539671E-09     2.74324098028091E-07
   34     1.11333501589813E-08     3.78533905405364E-07
   35     7.57104988272873E-09     2.64986745895506E-07
   36     2.12351734005703E-09     7.64466242420531E-08
   37     6.92748374008290E-09     2.56316898383067E-07
   38     3.77913526375982E-09     1.43607140022873E-07
   39     8.87835381790627E-10     3.46255798898345E-08
   40     1.69419667021936E-09     6.77678668087745E-08
   41     3.80787184586850E-09     1.56122745680608E-07
   42     3.98788478081908E-08     1.67491160794402E-06
   43     8.77882305909063E-09     3.77489391540897E-07
   44     1.03279882370598E-08     4.54431482430630E-07
   45     2.12063349887979E-08     9.54285074495905E-07
   46     1.24145389387859E-08     5.71068791184152E-07
   47     2.24771960744041E-09     1.05642821549699E-07
   48     2.53146937531675E-09     1.21510530015204E-07
   49     7.84484779465205E-10     3.84397541937950E-08
   50     2.77785485376375E-09     1.38892742688188E-07
   51     2.79271054734377E-09     1.42428237914532E-07
   52     4.56477321065995E-09     2.37368206954317E-07
   53     1.32930572241105E-09     7.04532032877856E-08
   54     7.26467134606114E-10     3.92292252687302E-08
   55     2.35389936633485E-10     1.29464465148417E-08
   56     6.86374201015764E-10     3.84369552568828E-08
   57     1.27931455755376E-09     7.29209297805643E-08
   58     9.40189502515151E-10     5.45309911458788E-08
   59     8.64719463751327E-10     5.10184483613283E-08
   60     6.51448082702609E-10     3.90868849621565E-08
   61     8.72100241690991E-10     5.31981147431504E-08
   62     2.68010870324063E-09     1.66166739600919E-07
   63     3.09963306866199E-09     1.95276883325705E-07
   64     1.55570331212062E-09     9.95650119757199E-08
   65     2.20263658446250E-09     1.43171377990063E-07
   66     1.41933452137360E-09     9.36760784106579E-08
   67     1.68541970014162E-09     1.12923119909488E-07
   68     1.05291210743006E-09     7.15980233052443E-08
   69     1.87374462474110E-09     1.29288379107136E-07
   70     9.68879218402131E-10     6.78215452881492E-08
   71     1.56851070931696E-09     1.11364260361504E-07
   72     1.12056352112287E-09     8.06805735208468E-08
   73     1.26634655694595E-09     9.24432986570540E-08
   74     8.24283045306230E-10     6.09969453526610E-08
   75     1.93210350032678E-09     1.44907762524509E-07
   76     6.57170712304942E-09     4.99449741351756E-07
   77     2.09997452010439E-08     1.61698038048038E-06
   78     1.30326673924930E-08     1.01654805661445E-06
   79     9.25465510807116E-09     7.31117753537622E-07
   80     1.77345492502888E-09     1.41876394002310E-07
   81     3.39353362114335E-09     2.74876223312611E-07
   82     1.73754054343666E-09     1.42478324561806E-07
   83     1.05220098705745E-09     8.73326819257684E-08
   84     1.26317161649760E-09     1.06106415785798E-07
   85     8.23981025880742E-10     7.00383871998631E-08
   86     1.34968239603709E-09     1.16072686059190E-07
   87     1.54849056416860E-09     1.34718679082668E-07
   88     1.68183625599007E-09     1.48001590527126E-07
   89     1.28429353679792E-09     1.14302124775015E-07
   90     9.49256725732641E-10     8.54331053159377E-08
   91     6.11784458957207E-10     5.56723857651058E-08
   92     6.92513129978298E-10     6.37112079580034E-08
   93     3.26772105376211E-10     3.03898057999877E-08
   94     1.82165331665903E-10     1.71235411765949E-08
   95     7.18955326127363E-10     6.83007559820995E-08
   96     4.92033806999551E-10     4.72352454719569E-08
   97     7.28678186855845E-10     7.06817841250170E-08
   98     4.65301582619842E-10     4.55995550967446E-08
   99     7.09689095260524E-10     7.02592204307919E-08
  100     4.95637554769815E-10     4.95637554769815E-08
  101     4.25180552934084E-10     4.29432358463425E-08
  102     1.02105663190194E-09     1.04147776453998E-07
  103     1.43499635061752E-09     1.47804624113605E-07
  104     2.69666873654853E-08     2.80453548601047E-06
  105     2.53674278848214E-09     2.66357992790624E-07
  106     4.02881948131165E-08     4.27054865019035E-06
  107     6.75279200040705E-10     7.22548744043554E-08
  108     1.26990437831725E-09     1.37149672858263E-07
  109     6.84451200653093E-10     7.46051808711871E-08
  110     1.00547487523927E-09     1.10602236276320E-07
  111     3.18742029751425E-09     3.53803653024082E-07
  112     2.63839171058043E-09     2.95499871585008E-07
  113     5.53619362070108E-09     6.25589879139222E-07
  114     1.66372234900324E-08     1.89664347786369E-06
  115     2.65352737633726E-08     3.05155648278785E-06
  116     2.43981328865634E-07     2.83018341484136E-05
  117     9.24426946788390E-07     1.08157952774242E-04
  118     2.58881605191480E-06     3.05480294125947E-04
  119     3.66526406735518E-06     4.36166424015266E-04
  120     6.22463060023938E-06     7.46955672028726E-04
  121     8.94339421849912E-06     1.08215070043839E-03
  122     9.71784352176262E-06     1.18557690965504E-03
  123     5.80964498588931E-06     7.14586333264385E-04
  124     9.89246771361139E-06     1.22666599648781E-03
  125     1.14787562237725E-05     1.43484452797156E-03
  126     3.41525470127394E-05     4.30322092360516E-03
  127     6.77868000865586E-05     8.60892361099295E-03
  128     2.09823655715105E-04     2.68574279315334E-02
  129     6.09548070124931E-04     7.86317010461161E-02
  130     5.28514495453732E-04     6.87068844089852E-02
  131     5.51326223746480E-04     7.22237353107889E-02
  132     3.35371207264523E-04     4.42689993589170E-02
  133     3.43540605125294E-04     4.56909004816641E-02
  134     1.40352632919333E-04     1.88072528111906E-02
  135     7.13275340112290E-05     9.62921709151591E-03
  136     1.21651421466175E-04     1.65445933193998E-02
  137     6.43674936096009E-05     8.81834662451532E-03
  138     4.66321282046558E-05     6.43523369224250E-03
  139     1.41128736205948E-05     1.96168943326268E-03
  140     4.49561607325240E-05     6.29386250255336E-03
  141     2.90030667519774E-05     4.08943241202881E-03
  142     1.56839745541393E-05     2.22712438668778E-03
  143     8.73414271618630E-06     1.24898240841464E-03
  144     3.11274635209500E-06     4.48235474701680E-04
  145     3.32664096308389E-06     4.82362939647164E-04
  146     1.82706441315346E-06     2.66751404320405E-04
  147     3.04943393793939E-06     4.48266788877090E-04
  148     1.70755646350442E-06     2.52718356598654E-04
  149     1.28196268555362E-06     1.91012440147490E-04
  150     1.55747409021728E-06     2.33621113532592E-04
  151     2.14816186807193E-06     3.24372442078862E-04
  152     2.13252954370779E-06     3.24144490643585E-04
  153     2.02644167477609E-06     3.10045576240742E-04
  154     2.52638471053522E-06     3.89063245422424E-04
  155     2.40023403500992E-06     3.72036275426538E-04
  156     3.55955897250101E-06     5.55291199710157E-04
  157     3.90015354543407E-06     6.12324106633149E-04
  158     7.51014224851261E-06     1.18660247526499E-03
  159     6.04540310854772E-06     9.61219094259087E-04
  160     1.21084863376247E-05     1.93735781401995E-03
  161     1.22448316890049E-05     1.97141790192979E-03
  162     1.71480878963734E-05     2.77799023921249E-03
  163     1.67378518273867E-05     2.72826984786404E-03
  164     1.68189502014653E-05     2.75830783304032E-03
  165     1.14836260697010E-05     1.89479830150066E-03
  166     8.88352325003238E-06     1.47466485950537E-03
  167     9.67481938206360E-06     1.61569483680462E-03
  168     8.48567229108566E-06     1.42559294490239E-03
  169     5.37386570365715E-06     9.08183303918058E-04
  170     7.97725693656489E-06     1.35613367921603E-03
  171     5.71149159353193E-06     9.76665062493959E-04
  172     6.85047356537615E-06     1.17828145324470E-03
  173     4.70109953858868E-06     8.13290220175842E-04
  174     8.06534853200528E-06     1.40337064456892E-03
  175     4.33478203613320E-06     7.58586856323310E-04
  176     8.13503410796896E-06     1.43176600300254E-03
  177     7.08742674720185E-06     1.25447453425473E-03
  178     1.24804667456048E-05     2.22152308071765E-03
  179     7.58764119844157E-06     1.35818777452104E-03
  180     9.88703352028265E-06     1.77966603365088E-03
  181     8.73227760620214E-06     1.58054224672259E-03
  182     1.25966904739452E-05     2.29259766625803E-03
  183     6.73300984176069E-06     1.23214080104221E-03
  184     7.60038449848537E-06     1.39847074772131E-03
  185     4.07193340841922E-06     7.53307680557555E-04
  186     3.70566796812927E-06     6.89254242072044E-04
  187     2.16232716643780E-06     4.04355180123868E-04
  188     3.26701815091008E-06     6.14199412371094E-04
  189     5.04143016998944E-06     9.52830302128004E-04
  190     1.48766758167075E-05     2.82656840517442E-03
  191     1.62638750424990E-05     3.10640013311731E-03
  192     6.71074972333093E-05     1.28846394687954E-02
  193     1.32678701539246E-04     2.56069893970745E-02
  194     2.46219819597329E-04     4.77666450018819E-02
  195     4.10492333899813E-04     8.00460051104636E-02
  196     3.20724951406550E-04     6.28620904756839E-02
  197     2.71377414670694E-04     5.34613506901267E-02
  198     1.34337100656751E-04     2.65987459300366E-02
  199     8.22299035984770E-05     1.63637508160969E-02
  200     1.33213644736115E-05     2.66427289472230E-03
  201     5.23789464260841E-06     1.05281682316429E-03
  202     7.34097895998376E-07     1.48287774991672E-04
  203     4.01440458678198E-07     8.14924131116742E-05
  204     3.77430248487217E-07     7.69957706913922E-05
  205     2.85689575264182E-07     5.85663629291574E-05
  206     4.15653807686867E-07     8.56246843834947E-05
  207     8.18476810034485E-06     1.69424699677138E-03
  208     1.09568706275473E-05     2.27902909052984E-03
  209     7.11285530981349E-06     1.48658675975102E-03
  210     7.01444394747025E-06     1.47303322896875E-03
  211     1.74572247356298E-11     3.68347441921788E-09
  212     8.20624641317178E-10     1.73972423959242E-07
  213     9.35092102876631E-14     1.99174617912722E-11
  214     1.31932278553083E-14     2.82335076103597E-12
  215     1.62988265294452E-17     3.50424770383072E-15
  216     2.84034109764358E-15     6.13513677091014E-13
  217     1.10246092172521E-18     2.39234020014371E-16
  218     8.66886080533825E-16     1.88981165556374E-13
  219     3.00778904939987E-14     6.58705801818571E-12
  220     1.08912963157785E-12     2.39608518947128E-10
  221     9.77204482503926E-15     2.15962190633368E-12
  222     1.66107649619259E-12     3.68758982154756E-10
  223     7.50394200422887E-09     1.67337906694304E-06
  224     6.15106278786278E-09     1.37783806448126E-06
  225     7.35463858231354E-11     1.65479368102055E-08
  226     7.71459285587618E-06     1.74349798542802E-03
  227     5.21075444430959E-06     1.18284125885828E-03
  228     9.65268477380387E-06     2.20081212842728E-03
  229     8.53534154562373E-06     1.95459321394783E-03
  230     1.41722008373997E-05     3.25960619260192E-03
  231     1.11795763083454E-05     2.58248212722778E-03
  232     2.26826628452974E-05     5.26237778010899E-03
  233     1.71880229506367E-05     4.00480934749834E-03
  234     2.65203570015962E-05     6.20576353837350E-03
  235     2.02220093693100E-05     4.75217220178786E-03
  236     4.14698262812531E-05     9.78687900237574E-03
  237     3.55577856605305E-05     8.42719520154572E-03
  238     5.21174911093038E-05     1.24039628840143E-02
  239     4.96602599496418E-05     1.18688021279644E-02
  240     6.01319076476323E-05     1.44316578354317E-02
  241     3.99584824756658E-05     9.62999427663546E-03
  242     3.74689795494611E-05     9.06749305096958E-03
  243     2.75994102326468E-05     6.70665668653316E-03
  244     2.85049543870995E-05     6.95520887045228E-03
  245     2.20156607755193E-05     5.39383689000222E-03
  246     2.95419250598736E-05     7.26731356472891E-03
  247     1.47994370852177E-05     3.65546096004878E-03
  248     3.20501379056070E-05     7.94843420059053E-03
  249     3.25790287982888E-05     8.11217817077392E-03
  250     2.90590053528226E-05     7.26475133820565E-03
  251     2.30944361829238E-05     5.79670348191388E-03
  252     1.63394475024741E-05     4.11754077062346E-03
  253     1.65323714039467E-11     4.18268996519852E-09
  254     1.83214673293626E-07     4.65365270165810E-05
  255     9.79130667640507E-10     2.49678320248329E-07
  256     0.00000000000000E+00     0.00000000000000E+00
  257     1.79573091200427E-11     4.61502844385098E-09
  258     0.00000000000000E+00     0.00000000000000E+00
  259     0.00000000000000E+00     0.00000000000000E+00
  260     0.00000000000000E+00     0.00000000000000E+00
  261     0.00000000000000E+00     0.00000000000000E+00
  262     0.00000000000000E+00     0.00000000000000E+00
  263     0.00000000000000E+00     0.00000000000000E+00
  264     0.00000000000000E+00     0.00000000000000E+00
  265     0.00000000000000E+00     0.00000000000000E+00
  266     0.00000000000000E+00     0.00000000000000E+00
  267     0.00000000000000E+00     0.00000000000000E+00
  268     0.00000000000000E+00     0.00000000000000E+00
  269     0.00000000000000E+00     0.00000000000000E+00
  270     0.00000000000000E+00     0.00000000000000E+00
  271     0.00000000000000E+00     0.00000000000000E+00
  272     0.00000000000000E+00     0.00000000000000E+00
  273     0.00000000000000E+00     0.00000000000000E+00
  274     0.00000000000000E+00     0.00000000000000E+00
  275     0.00000000000000E+00     0.00000000000000E+00
  276     0.00000000000000E+00     0.00000000000000E+00
  277     0.00000000000000E+00     0.00000000000000E+00
  278     0.00000000000000E+00     0.00000000000000E+00
  279     0.00000000000000E+00     0.00000000000000E+00
  280     0.00000000000000E+00     0.00000000000000E+00
  281     0.00000000000000E+00     0.00000000000000E+00
  282     0.00000000000000E+00     0.00000000000000E+00
  283     0.00000000000000E+00     0.00000000000000E+00
  284     0.00000000000000E+00     0.00000000000000E+00
  285     0.00000000000000E+00     0.00000000000000E+00
  286     0.00000000000000E+00     0.00000000000000E+00
  287     0.00000000000000E+00     0.00000000000000E+00
  288     0.00000000000000E+00     0.00000000000000E+00
  289     0.00000000000000E+00     0.00000000000000E+00
  290     0.00000000000000E+00     0.00000000000000E+00
  291     0.00000000000000E+00     0.00000000000000E+00
  292     0.00000000000000E+00     0.00000000000000E+00
  293     0.00000000000000E+00     0.00000000000000E+00
  294     0.00000000000000E+00     0.00000000000000E+00
  295     0.00000000000000E+00     0.00000000000000E+00
  296     0.00000000000000E+00     0.00000000000000E+00
  297     0.00000000000000E+00     0.00000000000000E+00
  298     0.00000000000000E+00     0.00000000000000E+00
  299     0.00000000000000E+00     0.00000000000000E+00
  300     0.00000000000000E+00     0.00000000000000E+00
  301     0.00000000000000E+00     0.00000000000000E+00
  302     0.00000000000000E+00     0.00000000000000E+00
  303     0.00000000000000E+00     0.00000000000000E+00
  304     0.00000000000000E+00     0.00000000000000E+00
  305     0.00000000000000E+00     0.00000000000000E+00
  306     0.00000000000000E+00     0.00000000000000E+00
  307     0.00000000000000E+00     0.00000000000000E+00
  308     0.00000000000000E+00     0.00000000000000E+00
  309     0.00000000000000E+00     0.00000000000000E+00
  310     0.00000000000000E+00     0.00000000000000E+00
  311     0.00000000000000E+00     0.00000000000000E+00
  312     0.00000000000000E+00     0.00000000000000E+00
  313     0.00000000000000E+00     0.00000000000000E+00
  314     0.00000000000000E+00     0.00000000000000E+00
  315     0.00000000000000E+00     0.00000000000000E+00
  316     0.00000000000000E+00     0.00000000000000E+00
  317     0.00000000000000E+00     0.00000000000000E+00
  318     0.00000000000000E+00     0.00000000000000E+00
  319     0.00000000000000E+00     0.00000000000000E+00
  320     0.00000000000000E+00     0.00000000000000E+00
  321     0.00000000000000E+00     0.00000000000000E+00
  322     0.00000000000000E+00     0.00000000000000E+00
  323     0.00000000000000E+00     0.00000000000000E+00
  324     0.00000000000000E+00     0.00000000000000E+00
  325     0.00000000000000E+00     0.00000000000000E+00
  326     0.00000000000000E+00     0.00000000000000E+00
  327     0.00000000000000E+00     0.00000000000000E+00
  328     0.00000000000000E+00     0.00000000000000E+00
  329     0.00000000000000E+00     0.00000000000000E+00
  330     0.00000000000000E+00     0.00000000000000E+00
  331     0.00000000000000E+00     0.00000000000000E+00
  332     0.00000000000000E+00     0.00000000000000E+00
  333     0.00000000000000E+00     0.00000000000000E+00
  334     0.00000000000000E+00     0.00000000000000E+00
  335     0.00000000000000E+00     0.00000000000000E+00
  336     0.00000000000000E+00     0.00000000000000E+00
  337     0.00000000000000E+00     0.00000000000000E+00
