# 1:A 2:Z 3:N 4:Yi 5:Xi
    1      1      0     1.73503945176187E-09   1.73503945176187E-09
    2      1      1     3.12680252147779E-16   6.25360504295558E-16
    3      1      2     1.86495118463585E-08   5.59485355390754E-08
    3      2      1     1.49203203141738E-09   4.47609609425214E-09
    4      2      2     2.71843977433194E-04   1.08737590973277E-03
    6      3      3     1.43185974586762E-08   8.59115847520572E-08
    7      3      4     1.68870699963550E-09   1.18209489974485E-08
    7      4      3     1.34497884801947E-20   9.41485193613629E-20
    9      4      5     8.76940542546131E-07   7.89246488291518E-06
   10      4      6     3.69892297045965E-07   3.69892297045965E-06
   10      5      5     2.60130709432784E-13   2.60130709432784E-12
   11      5      6     2.29223203561175E-08   2.52145523917292E-07
   12      6      6     6.60843579239259E-07   7.93012295087110E-06
   13      6      7     6.53542291362550E-08   8.49604978771315E-07
   14      6      8     5.54936944292315E-08   7.76911722009241E-07
   14      7      7     3.58739668514386E-10   5.02235535920141E-09
   15      7      8     1.00004580021160E-05   1.50006870031740E-04
   16      8      8     1.99262618427344E-07   3.18820189483751E-06
   17      8      9     2.32612840448813E-09   3.95441828762982E-08
   18      8     10     1.85509249542024E-07   3.33916649175642E-06
   19      9     10     7.80200992853287E-07   1.48238188642125E-05
   20     10     10     9.44577352969460E-07   1.88915470593892E-05
   21     10     11     1.50028647806780E-07   3.15060160394238E-06
   22     10     12     4.19092365832442E-06   9.22003204831373E-05
   23     11     12     1.40936453415266E-09   3.24153842855112E-08
   24     12     12     2.34663168752620E-08   5.63191605006289E-07
   25     12     13     8.25984449362640E-08   2.06496112340660E-06
   26     12     14     5.13110084478434E-09   1.33408621964393E-07
   27     13     14     1.43023037419106E-09   3.86162201031586E-08
   28     14     14     1.12258927623875E-09   3.14324997346851E-08
   29     14     15     6.87089770821404E-10   1.99256033538207E-08
   30     14     16     1.49537115178706E-09   4.48611345536119E-08
   31     15     16     2.29005745120399E-09   7.09917809873236E-08
   32     14     18     8.75766410900814E-09   2.80245251488260E-07
   32     15     17     2.23075296671769E-12   7.13840949349662E-11
   32     16     16     5.22335430018629E-11   1.67147337605961E-09
   33     15     18     1.39195561877325E-14   4.59345354195174E-13
   33     16     17     8.31283753584052E-09   2.74323638682737E-07
   34     16     18     1.11333501589813E-08   3.78533905405364E-07
   35     16     19     1.48212806806685E-10   5.18744823823397E-09
   35     17     18     7.42283707592205E-09   2.59799297657272E-07
   36     16     20     2.12351733806384E-09   7.64466241702981E-08
   36     17     19     1.99319385184038E-18   7.17549786662537E-17
   37     17     20     6.92748374008290E-09   2.56316898383067E-07
   38     18     20     3.77913526375982E-09   1.43607140022873E-07
   39     18     21     8.84710006609908E-10   3.45036902577864E-08
   39     19     20     3.12537518071886E-12   1.21889632048035E-10
   40     18     22     1.69419667021936E-09   6.77678668087745E-08
   41     19     22     3.80787184586850E-09   1.56122745680608E-07
   42     18     24     3.87470815306145E-08   1.62737742428581E-06
   42     19     23     1.65425938883030E-12   6.94788943308725E-11
   42     20     22     1.13011201818756E-09   4.74647047638776E-08
   43     20     23     8.77882305909063E-09   3.77489391540897E-07
   44     20     24     1.03279882370598E-08   4.54431482430630E-07
   45     20     25     2.52209426897388E-09   1.13494242103825E-07
   45     21     24     1.86842407198240E-08   8.40790832392080E-07
   46     20     26     1.24145389372946E-08   5.71068791115550E-07
   46     21     25     2.46994122965749E-20   1.13617296564244E-18
   46     22     24     1.46664421669804E-18   6.74656339681097E-17
   47     22     25     2.24771960744041E-09   1.05642821549699E-07
   48     22     26     2.53146937531675E-09   1.21510530015204E-07
   49     22     27     7.84484779465205E-10   3.84397541937950E-08
   50     22     28     2.77785485376375E-09   1.38892742688188E-07
   51     23     28     2.79271054734377E-09   1.42428237914532E-07
   52     24     28     4.56477321065995E-09   2.37368206954317E-07
   53     24     29     1.32930572241105E-09   7.04532032877856E-08
   54     24     30     7.26467134606114E-10   3.92292252687302E-08
   55     25     30     2.35389936633485E-10   1.29464465148417E-08
   56     26     30     6.86374201015764E-10   3.84369552568828E-08
   57     26     31     1.27931455755376E-09   7.29209297805643E-08
   58     26     32     9.40189502515151E-10   5.45309911458788E-08
   59     26     33     4.01934343541586E-13   2.37141262689536E-11
   59     27     32     8.64317529407785E-10   5.09947342350593E-08
   60     26     34     6.51447843723604E-10   3.90868706234162E-08
   60     27     33     2.18340655757901E-16   1.31004393454740E-14
   60     28     32     2.06383495496949E-17   1.23830097298169E-15
   61     28     33     8.72100241690991E-10   5.31981147431504E-08
   62     28     34     2.68010870324063E-09   1.66166739600919E-07
   63     28     35     3.07067411093994E-09   1.93452468989216E-07
   63     29     34     2.89589577220463E-11   1.82441433648892E-09
   64     28     36     1.55570331212062E-09   9.95650119757199E-08
   65     29     36     2.20263658446250E-09   1.43171377990063E-07
   66     30     36     1.41933452137360E-09   9.36760784106579E-08
   67     30     37     1.68541970014162E-09   1.12923119909488E-07
   68     30     38     1.05291210743006E-09   7.15980233052443E-08
   69     31     38     1.87374462474110E-09   1.29288379107136E-07
   70     30     40     9.68874945709477E-10   6.78212461996634E-08
   70     32     38     4.27269265362144E-15   2.99088485753501E-13
   71     31     40     1.56851070931696E-09   1.11364260361504E-07
   72     32     40     1.12056352112287E-09   8.06805735208468E-08
   73     32     41     1.26634655694595E-09   9.24432986570540E-08
   74     32     42     8.24283045306230E-10   6.09969453526610E-08
   75     33     42     1.93210350032678E-09   1.44907762524509E-07
   76     32     44     6.57169585299956E-09   4.99448884827967E-07
   76     34     42     1.12700498609851E-14   8.56523789434871E-13
   77     34     43     2.09997452010439E-08   1.61698038048038E-06
   78     34     44     1.30326673924930E-08   1.01654805661445E-06
   79     34     45     9.25462534204093E-09   7.31115402021233E-07
   79     35     44     2.97660302346316E-14   2.35151638853590E-12
   80     34     46     1.77345492502888E-09   1.41876394002310E-07
   81     35     46     3.39353362114335E-09   2.74876223312611E-07
   82     34     48     1.73741423431305E-09   1.42467967213670E-07
   82     36     46     1.26309123613505E-13   1.03573481363074E-11
   83     36     47     1.05220098705745E-09   8.73326819257684E-08
   84     36     48     1.26317161649760E-09   1.06106415785798E-07
   85     36     49     7.54331667660336E-10   6.41181917511285E-08
   85     37     48     6.96493582204066E-11   5.92019544873456E-09
   86     36     50     1.34968239599992E-09   1.16072686055993E-07
   86     38     48     3.71730570579494E-20   3.19688290698365E-18
   87     37     50     1.54849056413811E-09   1.34718679080016E-07
   87     38     49     3.04899674192387E-20   2.65262716547377E-18
   88     38     50     1.68183625599007E-09   1.48001590527126E-07
   89     38     51     1.49513779512143E-12   1.33067263765807E-10
   89     39     50     1.28279839900280E-09   1.14169057511250E-07
   90     38     52     9.18598988303769E-10   8.26739089473392E-08
   90     39     51     2.32725178359627E-13   2.09452660523664E-11
   90     40     50     3.04250122505123E-11   2.73825110254611E-09
   91     39     52     1.78150630506547E-12   1.62117073760958E-10
   91     40     51     6.10002952652142E-10   5.55102686913449E-08
   92     40     52     6.92513129978298E-10   6.37112079580034E-08
   93     40     53     3.26771912993608E-10   3.03897879084056E-08
   93     41     52     1.92382603013703E-16   1.78915820802744E-14
   94     40     54     1.82165331665903E-10   1.71235411765949E-08
   95     40     55     3.39854632974081E-12   3.22861901325377E-10
   95     41     54     4.03718470757879E-12   3.83532547219985E-10
   95     42     53     7.11519595090043E-10   6.75943615335541E-08
   96     42     54     4.92033806999551E-10   4.72352454719569E-08
   97     42     55     7.28678186855845E-10   7.06817841250170E-08
   98     42     56     4.65301582619842E-10   4.55995550967446E-08
   99     43     56     7.09685929951253E-10   7.02589070651741E-08
   99     44     55     3.16530927085193E-15   3.13365617814341E-13
  100     42     58     4.95636938472986E-10   4.95636938472986E-08
  100     44     56     6.16296829010630E-16   6.16296829010630E-14
  101     44     57     4.25180552934084E-10   4.29432358463425E-08
  102     44     58     1.02105663190194E-09   1.04147776453998E-07
  103     44     59     2.45331046800875E-13   2.52690978204901E-11
  103     45     58     1.43475101957072E-09   1.47779355015784E-07
  104     44     60     2.69666873465179E-08   2.80453548403787E-06
  104     46     58     1.89673485912994E-17   1.97260425349513E-15
  105     46     59     2.53674278848214E-09   2.66357992790624E-07
  106     44     62     1.58814558027598E-08   1.68343431509253E-06
  106     45     61     1.48916942180393E-14   1.57851958711216E-12
  106     46     60     2.44067241186626E-08   2.58711275657823E-06
  107     46     61     6.75279101404880E-10   7.22548638503221E-08
  107     47     60     9.86358253019548E-17   1.05540333073092E-14
  108     46     62     1.26990437831725E-09   1.37149672858263E-07
  109     47     62     6.84451200653093E-10   7.46051808711871E-08
  110     46     64     1.00547333313662E-09   1.10602066645028E-07
  110     48     62     1.54210265484498E-15   1.69631292032948E-13
  111     47     64     4.49048682752000E-19   4.98444037854720E-17
  111     48     63     3.18742029706520E-09   3.53803652974237E-07
  112     46     66     1.26560999850546E-18   1.41748319832611E-16
  112     47     65     1.88911648406746E-19   2.11581046215556E-17
  112     48     64     2.63839170912591E-09   2.95499871422102E-07
  113     47     66     4.69795145053135E-20   5.30868513910043E-18
  113     48     65     5.53619362065410E-09   6.25589879133913E-07
  114     48     66     1.66372234900324E-08   1.89664347786369E-06
  115     48     67     9.70091118502441E-20   1.11560478627781E-17
  115     49     66     2.65352737632756E-08   3.05155648277669E-06
  116     46     70     6.13822779801053E-19   7.12034424569221E-17
  116     47     69     1.23284657175160E-17   1.43010202323185E-15
  116     48     68     2.43981327535098E-07   2.83018339940714E-05
  116     50     66     1.31759407425699E-15   1.52840912613810E-13
  117     50     67     9.24426946788390E-07   1.08157952774242E-04
  118     46     72     4.65226650331251E-19   5.48967447390876E-17
  118     47     71     9.20663409534935E-19   1.08638282325122E-16
  118     48     70     7.39516153255355E-16   8.72629060841319E-14
  118     49     69     1.22435735171906E-18   1.44474167502849E-16
  118     50     68     2.58881605117268E-06   3.05480294038376E-04
  119     48     71     3.33389354281084E-20   3.96733331594490E-18
  119     49     70     2.98188469194585E-20   3.54844278341557E-18
  119     50     69     3.66526406735512E-06   4.36166424015259E-04
  120     46     74     3.36114369931420E-17   4.03337243917703E-15
  120     47     73     8.26865866293604E-17   9.92239039552325E-15
  120     48     72     3.91391316510829E-15   4.69669579812995E-13
  120     49     71     2.37299477404884E-16   2.84759372885861E-14
  120     50     70     6.22463059597187E-06   7.46955671516625E-04
  121     48     73     1.48287455707738E-14   1.79427821406363E-12
  121     49     72     2.53738106907015E-14   3.07023109357488E-12
  121     50     71     1.06881326428209E-10   1.29326404978133E-08
  121     51     70     8.94328729697013E-06   1.08213776293339E-03
  122     48     74     3.12860236851217E-14   3.81689488958484E-12
  122     49     73     8.95596229391818E-15   1.09262739985802E-12
  122     50     72     9.71783396728173E-06   1.18557574400837E-03
  122     52     70     9.51423890050405E-12   1.16073714586149E-09
  123     50     73     4.06857632134296E-07   5.00434887525184E-05
  123     51     72     5.40278735375501E-06   6.64542844511866E-04
  124     48     76     3.82472703663514E-17   4.74266152542757E-15
  124     49     75     9.54664534943076E-17   1.18378402332941E-14
  124     50     74     9.89246765427479E-06   1.22666598913007E-03
  124     51     73     2.00041633469623E-16   2.48051625502333E-14
  124     52     72     5.90028481729878E-14   7.31635317345049E-12
  125     50     75     3.08362170025982E-20   3.85452712532478E-18
  125     51     74     8.22002996857000E-06   1.02750374607125E-03
  125     52     73     3.25872625520243E-06   4.07340781900304E-04
  126     50     76     3.41524027208310E-05   4.30320274282470E-03
  126     51     75     5.03364134046281E-12   6.34238808898314E-10
  126     52     74     1.39258267047536E-10   1.75465416479895E-08
  127     49     78     1.24784588937650E-20   1.58476427950816E-18
  127     50     77     8.71897483118226E-17   1.10730980356015E-14
  127     51     76     4.25207229083966E-15   5.40013180936637E-13
  127     52     75     4.34591757190152E-16   5.51931531631493E-14
  127     53     74     6.77868000817848E-05   8.60892361038667E-03
  128     50     78     5.63240049434955E-17   7.20947263276743E-15
  128     51     77     5.19579186997074E-16   6.65061359356254E-14
  128     52     76     2.09823655711887E-04   2.68574279311215E-02
  128     54     74     2.64189333554296E-15   3.38162346949499E-13
  129     50     79     5.81955351990069E-19   7.50722404067189E-17
  129     51     78     6.94286427512666E-17   8.95629491491339E-15
  129     52     77     1.83762921889793E-17   2.37054169237833E-15
  129     53     76     6.09548033276630E-04   7.86316962926852E-02
  129     54     75     3.68482128913148E-11   4.75341946297960E-09
  130     50     80     1.60260034978608E-12   2.08338045472190E-10
  130     51     79     1.70327159127762E-11   2.21425306866091E-09
  130     52     78     5.28514440963127E-04   6.87068773252066E-02
  130     54     76     3.58552887609048E-11   4.66118753891762E-09
  131     54     77     5.51326223746480E-04   7.22237353107889E-02
  132     54     78     3.35371207264523E-04   4.42689993589170E-02
  133     55     78     3.43540605125294E-04   4.56909004816641E-02
  134     54     80     1.40352632902604E-04   1.88072528089490E-02
  134     55     79     1.05735049671901E-14   1.41684966560347E-12
  134     56     78     6.15514944300799E-15   8.24790025363071E-13
  135     55     80     7.13275046477641E-05   9.62921312744815E-03
  135     56     79     2.93634648512618E-11   3.96406775492034E-09
  136     54     82     1.21651421130103E-04   1.65445932736941E-02
  136     56     80     3.36071869128159E-13   4.57057742014296E-11
  137     55     82     6.23682866448920E-05   8.54445527035021E-03
  137     56     81     1.99920696470887E-06   2.73891354165115E-04
  138     56     82     4.66321282046558E-05   6.43523369224250E-03
  139     57     82     1.41128736205948E-05   1.96168943326268E-03
  140     56     84     2.77987298378909E-16   3.89182217730473E-14
  140     57     83     4.22090375189475E-17   5.90926525265265E-15
  140     58     82     4.49561607322038E-05   6.29386250250854E-03
  141     58     83     8.63721832790818E-10   1.21784778423505E-07
  141     59     82     2.90022030301446E-05   4.08931062725039E-03
  142     58     84     1.56839745537944E-05   2.22712438663881E-03
  142     60     82     3.44864231520383E-16   4.89707208758944E-14
  143     59     84     2.62056116574464E-16   3.74740246701484E-14
  143     60     83     8.73414271592424E-06   1.24898240837717E-03
  144     58     86     9.24414649466851E-07   1.33115709523227E-04
  144     59     85     3.90814637185505E-11   5.62773077547127E-09
  144     60     84     2.18829262116443E-06   3.15114137447678E-04
  145     60     85     3.32664096308389E-06   4.82362939647164E-04
  146     60     86     1.82706441315346E-06   2.66751404320405E-04
  147     60     87     3.93309586067277E-19   5.78165091518897E-17
  147     61     86     2.14922726898612E-06   3.15936408540959E-04
  147     62     85     9.00206668952879E-07   1.32330380336073E-04
  148     60     88     1.70755642499974E-06   2.52718350899961E-04
  148     62     86     3.85046784977313E-14   5.69869241766424E-12
  149     62     87     1.28196268555362E-06   1.91012440147490E-04
  150     60     90     1.55741464780995E-06   2.33612197171492E-04
  150     62     88     5.94424073299741E-11   8.91636109949611E-09
  151     62     89     2.12570919075127E-06   3.20982087803442E-04
  151     63     88     2.24526773206593E-08   3.39035427541956E-06
  152     62     90     2.13252954370768E-06   3.24144490643567E-04
  152     63     89     1.14829937704478E-19   1.74541505310806E-17
  153     63     90     2.02644167477609E-06   3.10045576240742E-04
  154     62     92     2.52638311387152E-06   3.89062999536214E-04
  154     63     91     1.42970122216259E-12   2.20173988213039E-10
  154     64     90     1.66962480963260E-13   2.57122220683420E-11
  155     63     92     1.96607850829761E-06   3.04742168786130E-04
  155     64     91     4.34155526712306E-07   6.72941066404074E-05
  156     63     93     1.18908669971201E-15   1.85497525155073E-13
  156     64     92     3.55955897131192E-06   5.55291199524660E-04
  157     64     93     3.90015354543407E-06   6.12324106633149E-04
  158     64     94     7.51014224851261E-06   1.18660247526499E-03
  159     65     94     6.04540310854772E-06   9.61219094259087E-04
  160     64     96     1.21084839068389E-05   1.93735742509423E-03
  160     65     95     2.11644969229430E-14   3.38631950767088E-12
  160     66     94     2.40962123953501E-12   3.85539398325602E-10
  161     66     95     1.22448316890049E-05   1.97141790192979E-03
  162     66     96     1.71480878963734E-05   2.77799023921249E-03
  163     66     97     1.67378518273867E-05   2.72826984786404E-03
  164     66     98     1.68189502014653E-05   2.75830783304032E-03
  165     67     98     1.14836260697010E-05   1.89479830150066E-03
  166     68     98     8.88352325003238E-06   1.47466485950537E-03
  167     68     99     9.67481938206360E-06   1.61569483680462E-03
  168     68    100     8.48567229108566E-06   1.42559294490239E-03
  169     69    100     5.37386570365715E-06   9.08183303918058E-04
  170     68    102     7.97725654060419E-06   1.35613361190271E-03
  170     69    101     2.71157861054132E-14   4.60968363792025E-12
  170     70    100     3.68844904361726E-13   6.27036337414934E-11
  171     69    102     3.48792283242297E-06   5.96434804344327E-04
  171     70    101     2.22356876110896E-06   3.80230258149632E-04
  172     70    102     6.85047356537615E-06   1.17828145324470E-03
  173     70    103     4.70109953858868E-06   8.13290220175842E-04
  174     70    104     8.06534853200528E-06   1.40337064456892E-03
  175     71    104     4.33478203613320E-06   7.58586856323310E-04
  176     70    106     8.13503394499864E-06   1.43176597431976E-03
  176     71    105     1.62970314486177E-13   2.86827753495672E-11
  177     72    105     7.08742674720185E-06   1.25447453425473E-03
  178     72    106     1.24804667456048E-05   2.22152308071765E-03
  179     72    107     7.58764119844157E-06   1.35818777452104E-03
  180     72    108     9.88703352028265E-06   1.77966603365088E-03
  181     72    109     2.80065787250516E-09   5.06919074923434E-07
  181     73    108     8.72947694832964E-06   1.58003532764766E-03
  182     72    110     1.25966889864374E-05   2.29259739553161E-03
  182     73    109     4.29404226977991E-13   7.81515693099944E-11
  182     74    108     1.05810353831031E-12   1.92574843972476E-10
  183     74    109     6.73300984176069E-06   1.23214080104221E-03
  184     74    110     7.60038449848537E-06   1.39847074772131E-03
  185     74    111     4.22031119923688E-08   7.80757571858822E-06
  185     75    110     4.02973029642685E-06   7.45500104838967E-04
  186     74    112     3.70566796634384E-06   6.89254241739954E-04
  186     76    110     1.78542960540830E-15   3.32089906605945E-13
  187     75    112     2.16232716639067E-06   4.04355180115056E-04
  187     76    111     4.71230197035945E-17   8.81200468457217E-15
  188     74    114     2.39690181818403E-08   4.50617541818597E-06
  188     75    113     2.45750800034139E-10   4.62011504064182E-08
  188     76    112     3.24280338192820E-06   6.09647035802502E-04
  189     76    113     5.04143016998944E-06   9.52830302128004E-04
  190     76    114     1.48766758167075E-05   2.82656840517442E-03
  191     76    115     7.24589852232426E-15   1.38396661776393E-12
  191     77    114     1.62638750352531E-05   3.10640013173335E-03
  192     76    116     6.71074968358586E-05   1.28846393924848E-02
  192     77    115     3.99743736196071E-15   7.67507973496456E-13
  192     78    114     3.93453286565620E-13   7.55430310205991E-11
  193     77    116     1.32678701539246E-04   2.56069893970745E-02
  194     76    118     2.10155576843852E-04   4.07701819077073E-02
  194     77    117     7.71977758507205E-08   1.49763685150398E-05
  194     78    116     3.59870449776266E-05   6.98148672565955E-03
  195     78    117     4.10492333899813E-04   8.00460051104636E-02
  196     78    118     3.20724951406550E-04   6.28620904756839E-02
  197     79    118     2.71377414670694E-04   5.34613506901267E-02
  198     78    120     1.34337045000598E-04   2.65987349101185E-02
  198     80    118     5.56561522670266E-11   1.10199181488713E-08
  199     80    119     8.22299035984770E-05   1.63637508160969E-02
  200     80    120     1.33213644736115E-05   2.66427289472230E-03
  201     80    121     5.23789464260841E-06   1.05281682316429E-03
  202     80    122     7.34097895998376E-07   1.48287774991672E-04
  203     80    123     2.66501605843825E-10   5.40998259862965E-08
  203     81    122     4.01173957072354E-07   8.14383132856879E-05
  204     80    124     3.77430247459712E-07   7.69957704817813E-05
  204     81    123     8.04251305620294E-16   1.64067266346540E-13
  204     82    122     2.23252874363548E-16   4.55435863701637E-14
  205     81    124     2.85689575264182E-07   5.85663629291574E-05
  206     80    126     9.33897191422272E-20   1.92382821432988E-17
  206     81    125     3.27416176813707E-18   6.74477324236236E-16
  206     82    124     4.15653807683500E-07   8.56246843828010E-05
  207     81    126     2.16616289530240E-12   4.48395719327598E-10
  207     82    125     8.18476593418196E-06   1.69424654837566E-03
  208     81    127     1.28640866849824E-12   2.67573003047634E-10
  208     82    126     1.09568693411386E-05   2.27902882295684E-03
  209     81    128     9.77648284911510E-17   2.04328491546506E-14
  209     82    127     3.99499227686383E-13   8.34953385864540E-11
  209     83    126     7.11285491021650E-06   1.48658667623525E-03
  210     81    129     7.49063747717410E-20   1.57303387020656E-17
  210     82    128     6.90112312450610E-06   1.44923585614628E-03
  210     83    127     4.26544476640409E-09   8.95743400944858E-07
  210     84    126     1.09055378197670E-07   2.29016294215106E-05
  211     82    129     1.64819750736031E-11   3.47769674053025E-09
  211     83    128     9.75238654255471E-13   2.05775356047904E-10
  211     84    127     1.10077711810874E-17   2.32263971920943E-15
  212     82    130     7.49565778428666E-10   1.58907945026877E-07
  212     83    129     7.10588628885121E-11   1.50644789323646E-08
  213     82    131     3.15534586207846E-20   6.72088668622711E-18
  213     83    130     9.35091787342045E-14   1.99174550703856E-11
  214     82    132     7.45980436127816E-15   1.59639813331353E-12
  214     83    131     5.73339839362394E-15   1.22694725623552E-12
  214     84    130     2.51004061891840E-20   5.37148692448537E-18
  215     83    132     2.77159548781565E-18   5.95893029880365E-16
  215     84    131     1.35272310416296E-17   2.90835467395036E-15
  216     84    132     2.84034109764358E-15   6.13513677091014E-13
  217     85    132     1.10246092172521E-18   2.39234020014371E-16
  218     84    134     8.61430549717283E-16   1.87791859838368E-13
  218     85    133     2.77110893946195E-19   6.04101748802706E-17
  218     86    132     5.17841992259520E-18   1.12889554312575E-15
  219     85    134     3.50896027500668E-19   7.68462300226462E-17
  219     86    133     3.00775395979712E-14   6.58698117195568E-12
  220     86    134     1.08912963157785E-12   2.39608518947128E-10
  221     86    135     3.52101509971629E-19   7.78144337037300E-17
  221     87    134     9.77130085744302E-15   2.15945748949491E-12
  221     88    133     3.91866086265371E-19   8.66024050646471E-17
  222     86    136     1.52939733080155E-12   3.39526207437943E-10
  222     87    135     1.26056906911491E-13   2.79846333343509E-11
  222     88    134     5.62225847955846E-15   1.24814138246198E-12
  223     87    136     1.37857217048671E-13   3.07421594018536E-11
  223     88    135     7.50380414701182E-09   1.67334832478364E-06
  224     86    138     7.94664137325971E-19   1.78004766761018E-16
  224     87    137     1.08559533024940E-19   2.43173353975866E-17
  224     88    136     6.15106278695956E-09   1.37783806427894E-06
  225     88    137     4.40464258158522E-11   9.91044580856676E-09
  225     89    136     2.94999600072832E-11   6.63749100163872E-09
  226     88    138     7.71459285587618E-06   1.74349798542802E-03
  227     89    138     5.19871113930578E-06   1.18010742862241E-03
  227     90    137     1.20433050038053E-08   2.73383023586380E-06
  228     88    140     8.46184888054821E-06   1.92930154476499E-03
  228     89    139     1.03339043356534E-09   2.35613018852898E-07
  228     90    138     1.18980250282210E-06   2.71274970643438E-04
  229     90    139     8.53534154562373E-06   1.95459321394783E-03
  230     90    140     1.41722008373996E-05   3.25960619260192E-03
  231     90    141     8.37128427291549E-17   1.93376666704348E-14
  231     91    140     1.11795763082617E-05   2.58248212720844E-03
  232     90    142     2.26826627612179E-05   5.26237776060256E-03
  232     92    140     8.40794384106311E-14   1.95064297112664E-11
  233     91    142     6.40120275403363E-11   1.49148024168984E-08
  233     92    141     1.71879589386091E-05   4.00479443269593E-03
  234     90    144     2.24276539004326E-11   5.24807101270124E-09
  234     91    143     2.62907943607767E-13   6.15204588042176E-11
  234     92    142     2.65203343110343E-05   6.20575822878203E-03
  235     92    143     2.02220093693100E-05   4.75217220178786E-03
  236     92    144     4.14698262812531E-05   9.78687900237574E-03
  237     92    145     1.20741148132318E-12   2.86156521073595E-10
  237     93    144     3.55577844531190E-05   8.42719491538920E-03
  238     92    146     5.21174908504721E-05   1.24039628224124E-02
  238     94    144     2.58831660851163E-13   6.16019352825768E-11
  239     93    146     2.41649529532140E-11   5.77542375581815E-09
  239     94    145     4.96602357846889E-05   1.18687963525406E-02
  240     92    148     5.73981886791170E-16   1.37755652829881E-13
  240     93    147     4.19172670531722E-17   1.00601440927613E-14
  240     94    146     6.01319076470164E-05   1.44316578352839E-02
  241     94    147     3.74003018733989E-05   9.01347275148912E-03
  241     95    146     2.55818060226694E-06   6.16521525146333E-04
  242     94    148     3.74689795406062E-05   9.06749304882670E-03
  242     95    147     7.53111154560163E-17   1.82252899403559E-14
  242     96    146     8.77955530439827E-15   2.12465238366438E-12
  243     94    149     7.37597403235812E-18   1.79236168986302E-15
  243     95    148     2.75994102326394E-05   6.70665668653137E-03
  244     94    150     2.85049207001055E-05   6.95520065082575E-03
  244     95    149     1.45094405925641E-15   3.54030350458564E-13
  244     96    148     3.36855430381578E-11   8.21927250131051E-09
  245     95    150     4.34897967354158E-14   1.06550002001769E-11
  245     96    149     2.20156607320295E-05   5.39383687934722E-03
  246     94    152     1.53179635659911E-11   3.76821903723382E-09
  246     95    151     3.82522212877789E-14   9.41004643679361E-12
  246     96    150     2.95419079687039E-05   7.26730936030117E-03
  246     97    149     1.73495388682615E-12   4.26798656159233E-10
  247     96    151     2.03349225630255E-07   5.02272587306730E-05
  247     97    150     1.45960878595875E-05   3.60523370131811E-03
  248     96    152     3.20493955422110E-05   7.94825009446832E-03
  248     97    151     7.24127144065940E-10   1.79583531728353E-07
  248     98    150     1.82362519523259E-11   4.52259048417681E-09
  249     96    153     3.07157478977024E-17   7.64822122652791E-15
  249     97    152     1.19982587198823E-05   2.98756642125068E-03
  249     98    151     2.05807700783759E-05   5.12461174951559E-03
  250     96    154     2.37934249479702E-05   5.94835623699254E-03
  250     97    153     9.01268345795465E-11   2.25317086448866E-08
  250     98    152     5.26548995885143E-06   1.31637248971286E-03
  250     99    151     3.19166437628641E-13   7.97916094071602E-11
  251     97    154     7.46546963310139E-14   1.87383287790845E-11
  251     98    153     2.30944361082691E-05   5.79670346317555E-03
  252     98    154     1.60778985658302E-05   4.05163043858922E-03
  252     99    153     2.61548936643815E-07   6.59103320342414E-05
  253     98    155     3.96153315186168E-12   1.00226788742101E-09
  253     99    154     1.25708382520850E-11   3.18042207777751E-09
  254     98    156     1.60437612407625E-10   4.07511535515368E-08
  254     99    155     1.82866017453878E-07   4.64479684332851E-05
  254    100    154     1.88217269674043E-10   4.78071864972070E-08
  254    101    153     9.57665907722032E-16   2.43247140561396E-13
  255     99    156     9.60166551103025E-10   2.44842470531271E-07
  255    100    155     1.89641165374819E-11   4.83584971705789E-09
  257    100    157     1.79572233565846E-11   4.61500640264224E-09
  257    101    156     8.57634581295953E-17   2.20412087393060E-14
