# time[s], T9[GK], density[g/cm^3], R[km], Ye

1.0000e-06 7.0000e+00 6.0000e+12 5.5000e+01 0.25000
1.0667e-06 7.0000e+00 6.0000e+12 5.5000e+01 0.25000
1.1379e-06 7.0000e+00 6.0000e+12 5.5000e+01 0.25000
1.2139e-06 7.0000e+00 6.0000e+12 5.5000e+01 0.25000
1.2949e-06 7.0000e+00 6.0000e+12 5.5000e+01 0.25000
1.3813e-06 7.0000e+00 6.0000e+12 5.5000e+01 0.25000
1.4735e-06 7.0000e+00 6.0000e+12 5.5000e+01 0.25000
1.5718e-06 7.0000e+00 6.0000e+12 5.5000e+01 0.25000
1.6767e-06 7.0000e+00 6.0000e+12 5.5000e+01 0.25000
1.7886e-06 7.0000e+00 6.0000e+12 5.5000e+01 0.25000
1.9079e-06 7.0000e+00 6.0000e+12 5.5000e+01 0.25000
2.0352e-06 7.0000e+00 6.0000e+12 5.5000e+01 0.25000
2.1711e-06 7.0000e+00 6.0000e+12 5.5000e+01 0.25000
2.3160e-06 7.0000e+00 6.0000e+12 5.5000e+01 0.25000
2.4705e-06 7.0000e+00 6.0000e+12 5.5000e+01 0.25000
2.6354e-06 7.0000e+00 6.0000e+12 5.5000e+01 0.25000
2.8112e-06 7.0000e+00 6.0000e+12 5.5000e+01 0.25000
2.9988e-06 7.0000e+00 6.0000e+12 5.5000e+01 0.25000
3.1990e-06 7.0000e+00 6.0000e+12 5.5000e+01 0.25000
3.4124e-06 7.0000e+00 6.0000e+12 5.5000e+01 0.25000
3.6402e-06 7.0000e+00 6.0000e+12 5.5000e+01 0.25000
3.8831e-06 7.0000e+00 6.0000e+12 5.5000e+01 0.25000
4.1422e-06 7.0000e+00 6.0000e+12 5.5000e+01 0.25000
4.4187e-06 7.0000e+00 6.0000e+12 5.5000e+01 0.25000
4.7135e-06 7.0000e+00 6.0000e+12 5.5000e+01 0.25000
5.0281e-06 7.0000e+00 6.0000e+12 5.5000e+01 0.25000
5.3636e-06 7.0000e+00 6.0000e+12 5.5000e+01 0.25000
5.7216e-06 7.0000e+00 6.0000e+12 5.5000e+01 0.25000
6.1034e-06 7.0000e+00 6.0000e+12 5.5000e+01 0.25000
6.5107e-06 7.0000e+00 6.0000e+12 5.5000e+01 0.25000
6.9452e-06 7.0000e+00 6.0000e+12 5.5000e+01 0.25000
7.4087e-06 7.0000e+00 5.9999e+12 5.5000e+01 0.25000
7.9031e-06 7.0000e+00 5.9999e+12 5.5000e+01 0.25000
8.4305e-06 7.0000e+00 5.9999e+12 5.5000e+01 0.25000
8.9931e-06 7.0000e+00 5.9999e+12 5.5000e+01 0.25000
9.5932e-06 7.0000e+00 5.9999e+12 5.5000e+01 0.25000
1.0233e-05 7.0000e+00 5.9999e+12 5.5000e+01 0.25000
1.0916e-05 7.0000e+00 5.9999e+12 5.5000e+01 0.25000
1.1645e-05 6.9999e+00 5.9999e+12 5.5000e+01 0.25000
1.2422e-05 6.9999e+00 5.9998e+12 5.5000e+01 0.25000
1.3251e-05 6.9999e+00 5.9998e+12 5.5001e+01 0.25000
1.4135e-05 6.9999e+00 5.9998e+12 5.5001e+01 0.25000
1.5078e-05 6.9999e+00 5.9998e+12 5.5001e+01 0.25000
1.6085e-05 6.9999e+00 5.9997e+12 5.5001e+01 0.25000
1.7158e-05 6.9999e+00 5.9997e+12 5.5001e+01 0.25000
1.8303e-05 6.9999e+00 5.9997e+12 5.5001e+01 0.25000
1.9525e-05 6.9999e+00 5.9996e+12 5.5001e+01 0.25000
2.0828e-05 6.9998e+00 5.9996e+12 5.5001e+01 0.25000
2.2217e-05 6.9998e+00 5.9995e+12 5.5001e+01 0.25000
2.3700e-05 6.9998e+00 5.9994e+12 5.5002e+01 0.25000
2.5282e-05 6.9998e+00 5.9994e+12 5.5002e+01 0.25000
2.6969e-05 6.9997e+00 5.9993e+12 5.5002e+01 0.25000
2.8769e-05 6.9997e+00 5.9992e+12 5.5002e+01 0.25000
3.0688e-05 6.9996e+00 5.9991e+12 5.5003e+01 0.25000
3.2736e-05 6.9996e+00 5.9989e+12 5.5003e+01 0.25000
3.4921e-05 6.9995e+00 5.9988e+12 5.5004e+01 0.25000
3.7251e-05 6.9995e+00 5.9986e+12 5.5004e+01 0.25000
3.9737e-05 6.9994e+00 5.9985e+12 5.5005e+01 0.25000
4.2389e-05 6.9993e+00 5.9982e+12 5.5005e+01 0.25000
4.5218e-05 6.9992e+00 5.9980e+12 5.5006e+01 0.25000
4.8235e-05 6.9991e+00 5.9977e+12 5.5007e+01 0.25000
5.1454e-05 6.9990e+00 5.9974e+12 5.5008e+01 0.25000
5.4888e-05 6.9989e+00 5.9970e+12 5.5009e+01 0.25000
5.8551e-05 6.9987e+00 5.9966e+12 5.5010e+01 0.25000
6.2458e-05 6.9985e+00 5.9962e+12 5.5012e+01 0.25000
6.6627e-05 6.9983e+00 5.9956e+12 5.5013e+01 0.25000
7.1073e-05 6.9981e+00 5.9950e+12 5.5015e+01 0.25000
7.5816e-05 6.9978e+00 5.9944e+12 5.5017e+01 0.25000
8.0875e-05 6.9975e+00 5.9936e+12 5.5020e+01 0.25000
8.6272e-05 6.9972e+00 5.9927e+12 5.5022e+01 0.25000
9.2030e-05 6.9968e+00 5.9917e+12 5.5025e+01 0.25000
9.8171e-05 6.9963e+00 5.9906e+12 5.5029e+01 0.25000
1.0472e-04 6.9958e+00 5.9893e+12 5.5033e+01 0.25000
1.1171e-04 6.9952e+00 5.9878e+12 5.5037e+01 0.25000
1.1917e-04 6.9946e+00 5.9861e+12 5.5043e+01 0.25000
1.2712e-04 6.9938e+00 5.9842e+12 5.5048e+01 0.25000
1.3560e-04 6.9930e+00 5.9820e+12 5.5055e+01 0.25000
1.4465e-04 6.9920e+00 5.9795e+12 5.5063e+01 0.25000
1.5430e-04 6.9909e+00 5.9767e+12 5.5071e+01 0.25000
1.6460e-04 6.9897e+00 5.9735e+12 5.5081e+01 0.25000
1.7559e-04 6.9883e+00 5.9699e+12 5.5092e+01 0.25000
1.8730e-04 6.9866e+00 5.9657e+12 5.5105e+01 0.25000
1.9980e-04 6.9848e+00 5.9610e+12 5.5120e+01 0.25000
2.1314e-04 6.9827e+00 5.9557e+12 5.5136e+01 0.25000
2.2736e-04 6.9803e+00 5.9496e+12 5.5155e+01 0.25000
2.4253e-04 6.9776e+00 5.9427e+12 5.5176e+01 0.25000
2.5872e-04 6.9746e+00 5.9348e+12 5.5201e+01 0.25000
2.7598e-04 6.9711e+00 5.9259e+12 5.5228e+01 0.25000
2.9440e-04 6.9671e+00 5.9158e+12 5.5260e+01 0.25000
3.1405e-04 6.9626e+00 5.9043e+12 5.5295e+01 0.25000
3.3500e-04 6.9575e+00 5.8913e+12 5.5336e+01 0.25000
3.5736e-04 6.9516e+00 5.8765e+12 5.5383e+01 0.25000
3.8121e-04 6.9450e+00 5.8598e+12 5.5435e+01 0.25000
4.0665e-04 6.9375e+00 5.8408e+12 5.5495e+01 0.25000
4.3379e-04 6.9290e+00 5.8193e+12 5.5563e+01 0.25000
4.6273e-04 6.9194e+00 5.7950e+12 5.5641e+01 0.25000
4.9361e-04 6.9084e+00 5.7675e+12 5.5729e+01 0.25000
5.2655e-04 6.8960e+00 5.7365e+12 5.5830e+01 0.25000
5.6169e-04 6.8819e+00 5.7014e+12 5.5944e+01 0.25000
5.9918e-04 6.8660e+00 5.6619e+12 5.6074e+01 0.25000
6.3916e-04 6.8479e+00 5.6174e+12 5.6221e+01 0.25000
6.8182e-04 6.8275e+00 5.5673e+12 5.6389e+01 0.25000
7.2732e-04 6.8045e+00 5.5112e+12 5.6580e+01 0.25000
7.7585e-04 6.7785e+00 5.4482e+12 5.6797e+01 0.25000
8.2763e-04 6.7491e+00 5.3778e+12 5.7044e+01 0.25000
8.8286e-04 6.7161e+00 5.2992e+12 5.7325e+01 0.25000
9.4178e-04 6.6790e+00 5.2118e+12 5.7643e+01 0.25000
1.0046e-03 6.6373e+00 5.1148e+12 5.8006e+01 0.25000
1.0717e-03 6.5905e+00 5.0075e+12 5.8417e+01 0.25000
1.1432e-03 6.5382e+00 4.8892e+12 5.8884e+01 0.25000
1.2195e-03 6.4799e+00 4.7594e+12 5.9415e+01 0.25000
1.3009e-03 6.4148e+00 4.6176e+12 6.0017e+01 0.25000
1.3877e-03 6.3426e+00 4.4634e+12 6.0700e+01 0.25000
1.4803e-03 6.2627e+00 4.2967e+12 6.1475e+01 0.25000
1.5791e-03 6.1744e+00 4.1176e+12 6.2354e+01 0.25000
1.6844e-03 6.0773e+00 3.9264e+12 6.3350e+01 0.25000
1.7968e-03 5.9710e+00 3.7240e+12 6.4478e+01 0.25000
1.9167e-03 5.8551e+00 3.5112e+12 6.5755e+01 0.25000
2.0447e-03 5.7292e+00 3.2897e+12 6.7199e+01 0.25000
2.1811e-03 5.5934e+00 3.0611e+12 6.8832e+01 0.25000
2.3267e-03 5.4474e+00 2.8277e+12 7.0675e+01 0.25000
2.4819e-03 5.2917e+00 2.5920e+12 7.2756e+01 0.25000
2.6476e-03 5.1265e+00 2.3567e+12 7.5100e+01 0.25000
2.8242e-03 4.9524e+00 2.1247e+12 7.7740e+01 0.25000
3.0127e-03 4.7703e+00 1.8988e+12 8.0708e+01 0.25000
3.2138e-03 4.5811e+00 1.6818e+12 8.4041e+01 0.25000
3.4282e-03 4.3861e+00 1.4760e+12 8.7777e+01 0.25000
3.6570e-03 4.1866e+00 1.2837e+12 9.1959e+01 0.25000
3.9011e-03 3.9842e+00 1.1064e+12 9.6631e+01 0.25000
4.1614e-03 3.7804e+00 9.4512e+11 1.0184e+02 0.25000
4.4391e-03 3.5769e+00 8.0051e+11 1.0764e+02 0.25000
4.7353e-03 3.3751e+00 6.7253e+11 1.1407e+02 0.25000
5.0513e-03 3.1766e+00 5.6071e+11 1.2120e+02 0.25000
5.3884e-03 2.9828e+00 4.6420e+11 1.2908e+02 0.25000
5.7480e-03 2.7948e+00 3.8186e+11 1.3776e+02 0.25000
6.1316e-03 2.6137e+00 3.1235e+11 1.4730e+02 0.25000
6.5408e-03 2.4404e+00 2.5423e+11 1.5776e+02 0.25000
6.9773e-03 2.2754e+00 2.0607e+11 1.6920e+02 0.25000
7.4429e-03 2.1191e+00 1.6645e+11 1.8168e+02 0.25000
7.9396e-03 1.9717e+00 1.3409e+11 1.9526e+02 0.25000
8.4695e-03 1.8334e+00 1.0780e+11 2.0999e+02 0.25000
9.0347e-03 1.7040e+00 8.6546e+10 2.2594e+02 0.25000
9.6376e-03 1.5832e+00 6.9422e+10 2.4317e+02 0.25000
1.0281e-02 1.4709e+00 5.5666e+10 2.6175e+02 0.25000
1.0967e-02 1.3665e+00 4.4639e+10 2.8174e+02 0.25000
1.1699e-02 1.2698e+00 3.5811e+10 3.0321e+02 0.25000
1.2479e-02 1.1801e+00 2.8748e+10 3.2624e+02 0.25000
1.3312e-02 1.0971e+00 2.3099e+10 3.5092e+02 0.25000
1.4201e-02 1.0203e+00 1.8580e+10 3.7734e+02 0.25000
1.5148e-02 9.4924e-01 1.4962e+10 4.0559e+02 0.25000
1.6159e-02 8.8347e-01 1.2062e+10 4.3578e+02 0.25000
1.7237e-02 8.2260e-01 9.7370e+09 4.6803e+02 0.25000
1.8388e-02 7.6623e-01 7.8694e+09 5.0246e+02 0.25000
1.9615e-02 7.1401e-01 6.3675e+09 5.3921e+02 0.25000
2.0924e-02 6.6560e-01 5.1581e+09 5.7843e+02 0.25000
2.2320e-02 6.2069e-01 4.1830e+09 6.2028e+02 0.25000
2.3810e-02 5.7902e-01 3.3957e+09 6.6492e+02 0.25000
2.5399e-02 5.4031e-01 2.7592e+09 7.1255e+02 0.25000
2.7094e-02 5.0435e-01 2.2441e+09 7.6336e+02 0.25000
2.8902e-02 4.7091e-01 1.8267e+09 8.1757e+02 0.25000
3.0830e-02 4.3980e-01 1.4881e+09 8.7539e+02 0.25000
3.2888e-02 4.1085e-01 1.2132e+09 9.3707e+02 0.25000
3.5082e-02 3.8390e-01 9.8970e+08 1.0029e+03 0.25000
3.7424e-02 3.5879e-01 8.0792e+08 1.0731e+03 0.25000
3.9921e-02 3.3539e-01 6.5992e+08 1.1479e+03 0.25000
4.2585e-02 3.1357e-01 5.3933e+08 1.2278e+03 0.25000
4.5427e-02 2.9322e-01 4.4101e+08 1.3130e+03 0.25000
4.8459e-02 2.7424e-01 3.6078e+08 1.4039e+03 0.25000
5.1692e-02 2.5652e-01 2.9528e+08 1.5008e+03 0.25000
5.5142e-02 2.3999e-01 2.4178e+08 1.6043e+03 0.25000
5.8822e-02 2.2455e-01 1.9805e+08 1.7146e+03 0.25000
6.2747e-02 2.1012e-01 1.6228e+08 1.8323e+03 0.25000
6.6935e-02 1.9665e-01 1.3303e+08 1.9578e+03 0.25000
7.1402e-02 1.8406e-01 1.0908e+08 2.0917e+03 0.25000
7.6166e-02 1.7229e-01 8.9466e+07 2.2346e+03 0.25000
8.1249e-02 1.6129e-01 7.3402e+07 2.3870e+03 0.25000
8.6671e-02 1.5101e-01 6.0238e+07 2.5495e+03 0.25000
9.2455e-02 1.4139e-01 4.9447e+07 2.7229e+03 0.25000
9.8625e-02 1.3240e-01 4.0598e+07 2.9079e+03 0.25000
1.0521e-01 1.2399e-01 3.3340e+07 3.1052e+03 0.25000
1.1223e-01 1.1611e-01 2.7385e+07 3.3157e+03 0.25000
1.1972e-01 1.0875e-01 2.2498e+07 3.5402e+03 0.25000
1.2771e-01 1.0186e-01 1.8487e+07 3.7797e+03 0.25000
1.3623e-01 9.5410e-02 1.5193e+07 4.0352e+03 0.25000
1.4532e-01 8.9373e-02 1.2488e+07 4.3078e+03 0.25000
1.5502e-01 8.3723e-02 1.0266e+07 4.5985e+03 0.25000
1.6536e-01 7.8433e-02 8.4401e+06 4.9087e+03 0.25000
1.7640e-01 7.3480e-02 6.9402e+06 5.2395e+03 0.25000
1.8817e-01 6.8843e-02 5.7074e+06 5.5924e+03 0.25000
2.0073e-01 6.4501e-02 4.6942e+06 5.9689e+03 0.25000
2.1412e-01 6.0435e-02 3.8612e+06 6.3705e+03 0.25000
2.2841e-01 5.6627e-02 3.1764e+06 6.7989e+03 0.25000
2.4365e-01 5.3061e-02 2.6132e+06 7.2558e+03 0.25000
2.5991e-01 4.9720e-02 2.1501e+06 7.7433e+03 0.25000
2.7726e-01 4.6591e-02 1.7692e+06 8.2633e+03 0.25000
2.9576e-01 4.3661e-02 1.4559e+06 8.8180e+03 0.25000
3.1550e-01 4.0915e-02 1.1981e+06 9.4098e+03 0.25000
3.3655e-01 3.8343e-02 9.8608e+05 1.0041e+04 0.25000
3.5901e-01 3.5933e-02 8.1161e+05 1.0714e+04 0.25000
3.8297e-01 3.3676e-02 6.6805e+05 1.1433e+04 0.25000
4.0853e-01 3.1561e-02 5.4991e+05 1.2199e+04 0.25000
4.3579e-01 2.9579e-02 4.5268e+05 1.3016e+04 0.25000
4.6487e-01 2.7722e-02 3.7267e+05 1.3888e+04 0.25000
4.9590e-01 2.5982e-02 3.0681e+05 1.4818e+04 0.25000
5.2899e-01 2.4351e-02 2.5260e+05 1.5810e+04 0.25000
5.6429e-01 2.2824e-02 2.0797e+05 1.6869e+04 0.25000
6.0195e-01 2.1392e-02 1.7124e+05 1.7998e+04 0.25000
6.4212e-01 2.0050e-02 1.4100e+05 1.9202e+04 0.25000
6.8497e-01 1.8793e-02 1.1610e+05 2.0486e+04 0.25000
7.3068e-01 1.7615e-02 9.5604e+04 2.1857e+04 0.25000
7.7944e-01 1.6510e-02 7.8727e+04 2.3319e+04 0.25000
8.3146e-01 1.5475e-02 6.4831e+04 2.4878e+04 0.25000
8.8694e-01 1.4506e-02 5.3389e+04 2.6542e+04 0.25000
9.4613e-01 1.3596e-02 4.3968e+04 2.8316e+04 0.25000
1.0093e+00 1.2745e-02 3.6210e+04 3.0209e+04 0.25000
1.0766e+00 1.1946e-02 2.9821e+04 3.2228e+04 0.25000
1.1485e+00 1.1198e-02 2.4560e+04 3.4382e+04 0.25000
1.2251e+00 1.0496e-02 2.0228e+04 3.6680e+04 0.25000
1.3069e+00 9.8387e-03 1.6660e+04 3.9131e+04 0.25000
1.3941e+00 9.2225e-03 1.3722e+04 4.1746e+04 0.25000
1.4871e+00 8.6449e-03 1.1302e+04 4.4535e+04 0.25000
1.5864e+00 8.1035e-03 9.3086e+03 4.7510e+04 0.25000
1.6922e+00 7.5961e-03 7.6671e+03 5.0684e+04 0.25000
1.8051e+00 7.1205e-03 6.3151e+03 5.4069e+04 0.25000
1.9256e+00 6.6746e-03 5.2017e+03 5.7681e+04 0.25000
2.0541e+00 6.2568e-03 4.2845e+03 6.1534e+04 0.25000
2.1912e+00 5.8650e-03 3.5292e+03 6.5643e+04 0.25000
2.3374e+00 5.4979e-03 2.9070e+03 7.0027e+04 0.25000
2.4934e+00 5.1537e-03 2.3945e+03 7.4704e+04 0.25000
2.6598e+00 4.8311e-03 1.9724e+03 7.9692e+04 0.25000
2.8373e+00 4.5287e-03 1.6247e+03 8.5013e+04 0.25000
3.0266e+00 4.2452e-03 1.3383e+03 9.0690e+04 0.25000
3.2286e+00 3.9795e-03 1.1024e+03 9.6745e+04 0.25000
3.4441e+00 3.7304e-03 9.0811e+02 1.0320e+05 0.25000
3.6739e+00 3.4970e-03 7.4805e+02 1.1010e+05 0.25000
3.9191e+00 3.2781e-03 6.1621e+02 1.1745e+05 0.25000
4.1806e+00 3.0730e-03 5.0760e+02 1.2529e+05 0.25000
4.4596e+00 2.8806e-03 4.1814e+02 1.3365e+05 0.25000
4.7572e+00 2.7004e-03 3.4445e+02 1.4257e+05 0.25000
5.0747e+00 2.5314e-03 2.8375e+02 1.5209e+05 0.25000
5.4134e+00 2.3730e-03 2.3374e+02 1.6224e+05 0.25000
5.7746e+00 2.2245e-03 1.9255e+02 1.7307e+05 0.25000
6.1600e+00 2.0853e-03 1.5862e+02 1.8463e+05 0.25000
6.5711e+00 1.9548e-03 1.3067e+02 1.9695e+05 0.25000
7.0096e+00 1.8325e-03 1.0764e+02 2.1010e+05 0.25000
7.4773e+00 1.7178e-03 8.8672e+01 2.2412e+05 0.25000
7.9763e+00 1.6103e-03 7.3047e+01 2.3908e+05 0.25000
8.5086e+00 1.5096e-03 6.0175e+01 2.5504e+05 0.25000
9.0764e+00 1.4151e-03 4.9571e+01 2.7206e+05 0.25000
9.6822e+00 1.3266e-03 4.0836e+01 2.9022e+05 0.25000
1.0328e+01 1.2436e-03 3.3641e+01 3.0959e+05 0.25000
1.1018e+01 1.1658e-03 2.7713e+01 3.3026e+05 0.25000
1.1753e+01 1.0928e-03 2.2830e+01 3.5230e+05 0.25000
1.2537e+01 1.0244e-03 1.8807e+01 3.7581e+05 0.25000
1.3374e+01 9.6035e-04 1.5493e+01 4.0090e+05 0.25000
1.4266e+01 9.0026e-04 1.2763e+01 4.2765e+05 0.25000
1.5218e+01 8.4394e-04 1.0515e+01 4.5619e+05 0.25000
1.6234e+01 7.9114e-04 8.6619e+00 4.8664e+05 0.25000
1.7317e+01 7.4164e-04 7.1357e+00 5.1912e+05 0.25000
1.8473e+01 6.9524e-04 5.8784e+00 5.5377e+05 0.25000
1.9706e+01 6.5174e-04 4.8427e+00 5.9072e+05 0.25000
2.1021e+01 6.1097e-04 3.9894e+00 6.3015e+05 0.25000
2.2423e+01 5.7274e-04 3.2865e+00 6.7220e+05 0.25000
2.3920e+01 5.3691e-04 2.7075e+00 7.1707e+05 0.25000
2.5516e+01 5.0332e-04 2.2304e+00 7.6492e+05 0.25000
2.7219e+01 4.7183e-04 1.8374e+00 8.1597e+05 0.25000
2.9035e+01 4.4231e-04 1.5137e+00 8.7043e+05 0.25000
3.0973e+01 4.1464e-04 1.2470e+00 9.2852e+05 0.25000
3.3040e+01 3.8870e-04 1.0273e+00 9.9049e+05 0.25000
3.5245e+01 3.6438e-04 8.4630e-01 1.0566e+06 0.25000
3.7597e+01 3.4158e-04 6.9719e-01 1.1271e+06 0.25000
4.0106e+01 3.2021e-04 5.7435e-01 1.2023e+06 0.25000
4.2782e+01 3.0018e-04 4.7316e-01 1.2826e+06 0.25000
4.5637e+01 2.8140e-04 3.8979e-01 1.3682e+06 0.25000
4.8683e+01 2.6380e-04 3.2112e-01 1.4595e+06 0.25000
5.1931e+01 2.4729e-04 2.6454e-01 1.5569e+06 0.25000
5.5397e+01 2.3182e-04 2.1793e-01 1.6608e+06 0.25000
5.9094e+01 2.1732e-04 1.7954e-01 1.7716e+06 0.25000
6.3038e+01 2.0372e-04 1.4790e-01 1.8898e+06 0.25000
6.7244e+01 1.9098e-04 1.2185e-01 2.0159e+06 0.25000
7.1732e+01 1.7903e-04 1.0038e-01 2.1505e+06 0.25000
7.6519e+01 1.6783e-04 8.2693e-02 2.2940e+06 0.25000
8.1625e+01 1.5733e-04 6.8124e-02 2.4471e+06 0.25000
8.7072e+01 1.4749e-04 5.6122e-02 2.6104e+06 0.25000
9.2883e+01 1.3826e-04 4.6234e-02 2.7846e+06 0.25000
9.9081e+01 1.2961e-04 3.8088e-02 2.9704e+06 0.25000
1.0569e+02 1.2150e-04 3.1378e-02 3.1686e+06 0.25000
1.1275e+02 1.1390e-04 2.5849e-02 3.3801e+06 0.25000
1.2027e+02 1.0678e-04 2.1295e-02 3.6057e+06 0.25000
1.2830e+02 1.0010e-04 1.7543e-02 3.8463e+06 0.25000
1.3686e+02 9.3834e-05 1.4452e-02 4.1030e+06 0.25000
1.4599e+02 8.7964e-05 1.1906e-02 4.3768e+06 0.25000
1.5573e+02 8.2461e-05 9.8085e-03 4.6689e+06 0.25000
1.6613e+02 7.7302e-05 8.0804e-03 4.9804e+06 0.25000
1.7721e+02 7.2466e-05 6.6568e-03 5.3128e+06 0.25000
1.8904e+02 6.7933e-05 5.4840e-03 5.6674e+06 0.25000
2.0166e+02 6.3683e-05 4.5178e-03 6.0456e+06 0.25000
2.1511e+02 5.9699e-05 3.7218e-03 6.4490e+06 0.25000
2.2947e+02 5.5964e-05 3.0661e-03 6.8794e+06 0.25000
2.4478e+02 5.2463e-05 2.5259e-03 7.3385e+06 0.25000
2.6112e+02 4.9181e-05 2.0809e-03 7.8282e+06 0.25000
2.7854e+02 4.6104e-05 1.7143e-03 8.3506e+06 0.25000
2.9713e+02 4.3220e-05 1.4123e-03 8.9079e+06 0.25000
3.1696e+02 4.0516e-05 1.1634e-03 9.5024e+06 0.25000
3.3811e+02 3.7982e-05 9.5847e-04 1.0136e+07 0.25000
3.6067e+02 3.5605e-05 7.8960e-04 1.0813e+07 0.25000
3.8474e+02 3.3378e-05 6.5049e-04 1.1535e+07 0.25000
4.1042e+02 3.1290e-05 5.3588e-04 1.2304e+07 0.25000
4.3781e+02 2.9332e-05 4.4147e-04 1.3125e+07 0.25000
4.6702e+02 2.7497e-05 3.6369e-04 1.4001e+07 0.25000
4.9819e+02 2.5777e-05 2.9962e-04 1.4936e+07 0.25000
5.3144e+02 2.4165e-05 2.4683e-04 1.5932e+07 0.25000
5.6690e+02 2.2653e-05 2.0334e-04 1.6996e+07 0.25000
6.0473e+02 2.1236e-05 1.6752e-04 1.8130e+07 0.25000
6.4509e+02 1.9907e-05 1.3800e-04 1.9340e+07 0.25000
6.8814e+02 1.8662e-05 1.1369e-04 2.0630e+07 0.25000
7.3406e+02 1.7494e-05 9.3660e-05 2.2007e+07 0.25000
7.8305e+02 1.6400e-05 7.7159e-05 2.3476e+07 0.25000
8.3530e+02 1.5374e-05 6.3565e-05 2.5042e+07 0.25000
8.9105e+02 1.4412e-05 5.2366e-05 2.6713e+07 0.25000
9.5051e+02 1.3511e-05 4.3140e-05 2.8496e+07 0.25000
1.0139e+03 1.2665e-05 3.5539e-05 3.0398e+07 0.25000
1.0816e+03 1.1873e-05 2.9278e-05 3.2426e+07 0.25000
1.1538e+03 1.1130e-05 2.4120e-05 3.4590e+07 0.25000
1.2308e+03 1.0434e-05 1.9870e-05 3.6899e+07 0.25000
1.3129e+03 9.7812e-06 1.6370e-05 3.9361e+07 0.25000
1.4005e+03 9.1693e-06 1.3486e-05 4.1988e+07 0.25000
1.4940e+03 8.5957e-06 1.1110e-05 4.4790e+07 0.25000
1.5937e+03 8.0580e-06 9.1523e-06 4.7779e+07 0.25000
1.7000e+03 7.5539e-06 7.5399e-06 5.0967e+07 0.25000
1.8135e+03 7.0813e-06 6.2115e-06 5.4369e+07 0.25000
1.9345e+03 6.6383e-06 5.1171e-06 5.7997e+07 0.25000
2.0636e+03 6.2230e-06 4.2156e-06 6.1867e+07 0.25000
2.2013e+03 5.8337e-06 3.4729e-06 6.5996e+07 0.25000
2.3482e+03 5.4687e-06 2.8610e-06 7.0400e+07 0.25000
2.5049e+03 5.1266e-06 2.3570e-06 7.5098e+07 0.25000
2.6721e+03 4.8059e-06 1.9417e-06 8.0110e+07 0.25000
2.8504e+03 4.5053e-06 1.5996e-06 8.5456e+07 0.25000
3.0406e+03 4.2234e-06 1.3178e-06 9.1159e+07 0.25000
3.2436e+03 3.9592e-06 1.0856e-06 9.7242e+07 0.25000
3.4600e+03 3.7115e-06 8.9436e-07 1.0373e+08 0.25000
3.6909e+03 3.4793e-06 7.3679e-07 1.1065e+08 0.25000
3.9372e+03 3.2617e-06 6.0698e-07 1.1804e+08 0.25000
4.2000e+03 3.0576e-06 5.0004e-07 1.2592e+08 0.25000
4.4803e+03 2.8663e-06 4.1194e-07 1.3432e+08 0.25000
4.7792e+03 2.6870e-06 3.3937e-07 1.4328e+08 0.25000
5.0982e+03 2.5189e-06 2.7958e-07 1.5284e+08 0.25000
5.4384e+03 2.3613e-06 2.3032e-07 1.6304e+08 0.25000
5.8013e+03 2.2136e-06 1.8974e-07 1.7392e+08 0.25000
6.1885e+03 2.0751e-06 1.5631e-07 1.8553e+08 0.25000
6.6014e+03 1.9453e-06 1.2877e-07 1.9791e+08 0.25000
7.0420e+03 1.8236e-06 1.0609e-07 2.1112e+08 0.25000
7.5119e+03 1.7095e-06 8.7396e-08 2.2521e+08 0.25000
8.0132e+03 1.6026e-06 7.1998e-08 2.4024e+08 0.25000
8.5480e+03 1.5023e-06 5.9313e-08 2.5627e+08 0.25000
9.1184e+03 1.4083e-06 4.8864e-08 2.7337e+08 0.25000
9.7269e+03 1.3202e-06 4.0255e-08 2.9161e+08 0.25000
1.0376e+04 1.2376e-06 3.3163e-08 3.1107e+08 0.25000
1.1068e+04 1.1602e-06 2.7320e-08 3.3183e+08 0.25000
1.1807e+04 1.0876e-06 2.2507e-08 3.5398e+08 0.25000
1.2595e+04 1.0196e-06 1.8541e-08 3.7760e+08 0.25000
1.3436e+04 9.5581e-07 1.5275e-08 4.0280e+08 0.25000
1.4332e+04 8.9602e-07 1.2584e-08 4.2968e+08 0.25000
1.5289e+04 8.3996e-07 1.0367e-08 4.5835e+08 0.25000
1.6309e+04 7.8742e-07 8.5402e-09 4.8894e+08 0.25000
1.7397e+04 7.3816e-07 7.0356e-09 5.2157e+08 0.25000
1.8558e+04 6.9198e-07 5.7961e-09 5.5638e+08 0.25000
1.9797e+04 6.4869e-07 4.7749e-09 5.9351e+08 0.25000
2.1118e+04 6.0811e-07 3.9337e-09 6.3311e+08 0.25000
2.2527e+04 5.7006e-07 3.2406e-09 6.7536e+08 0.25000
2.4030e+04 5.3440e-07 2.6697e-09 7.2043e+08 0.25000
2.5634e+04 5.0097e-07 2.1993e-09 7.6851e+08 0.25000
2.7345e+04 4.6963e-07 1.8119e-09 8.1980e+08 0.25000
2.9170e+04 4.4025e-07 1.4926e-09 8.7450e+08 0.25000
3.1116e+04 4.1271e-07 1.2297e-09 9.3286e+08 0.25000
3.3193e+04 3.8689e-07 1.0130e-09 9.9512e+08 0.25000
3.5408e+04 3.6269e-07 8.3455e-10 1.0615e+09 0.25000
3.7771e+04 3.4000e-07 6.8751e-10 1.1324e+09 0.25000
4.0291e+04 3.1873e-07 5.6639e-10 1.2079e+09 0.25000
4.2980e+04 2.9879e-07 4.6660e-10 1.2885e+09 0.25000
4.5848e+04 2.8010e-07 3.8439e-10 1.3745e+09 0.25000
4.8908e+04 2.6257e-07 3.1667e-10 1.4663e+09 0.25000
5.2172e+04 2.4615e-07 2.6088e-10 1.5641e+09 0.25000
5.5653e+04 2.3075e-07 2.1492e-10 1.6685e+09 0.25000
5.9367e+04 2.1631e-07 1.7705e-10 1.7798e+09 0.25000
6.3329e+04 2.0278e-07 1.4586e-10 1.8986e+09 0.25000
6.7555e+04 1.9009e-07 1.2016e-10 2.0253e+09 0.25000
7.2064e+04 1.7820e-07 9.8992e-11 2.1605e+09 0.25000
7.6873e+04 1.6705e-07 8.1551e-11 2.3046e+09 0.25000
8.2003e+04 1.5660e-07 6.7183e-11 2.4584e+09 0.25000
8.7475e+04 1.4681e-07 5.5347e-11 2.6225e+09 0.25000
9.3313e+04 1.3762e-07 4.5596e-11 2.7975e+09 0.25000
9.9540e+04 1.2901e-07 3.7563e-11 2.9842e+09 0.25000
1.0618e+05 1.2094e-07 3.0945e-11 3.1833e+09 0.25000
1.1327e+05 1.1338e-07 2.5493e-11 3.3958e+09 0.25000
1.2083e+05 1.0628e-07 2.1002e-11 3.6224e+09 0.25000
1.2889e+05 9.9634e-08 1.7301e-11 3.8641e+09 0.25000
1.3749e+05 9.3401e-08 1.4253e-11 4.1220e+09 0.25000
1.4667e+05 8.7558e-08 1.1742e-11 4.3971e+09 0.25000
1.5645e+05 8.2081e-08 9.6734e-12 4.6905e+09 0.25000
1.6690e+05 7.6946e-08 7.9691e-12 5.0035e+09 0.25000
1.7803e+05 7.2132e-08 6.5651e-12 5.3374e+09 0.25000
1.8991e+05 6.7620e-08 5.4085e-12 5.6936e+09 0.25000
2.0259e+05 6.3389e-08 4.4556e-12 6.0736e+09 0.25000
2.1611e+05 5.9424e-08 3.6706e-12 6.4789e+09 0.25000
2.3053e+05 5.5706e-08 3.0239e-12 6.9113e+09 0.25000
2.4591e+05 5.2221e-08 2.4911e-12 7.3725e+09 0.25000
2.6232e+05 4.8954e-08 2.0523e-12 7.8645e+09 0.25000
2.7983e+05 4.5892e-08 1.6907e-12 8.3893e+09 0.25000
2.9850e+05 4.3021e-08 1.3928e-12 8.9491e+09 0.25000
3.1842e+05 4.0330e-08 1.1474e-12 9.5464e+09 0.25000
3.3967e+05 3.7807e-08 9.4527e-13 1.0183e+10 0.25000
3.6234e+05 3.5441e-08 7.7874e-13 1.0863e+10 0.25000
3.8652e+05 3.3224e-08 6.4154e-13 1.1588e+10 0.25000
4.1232e+05 3.1146e-08 5.2851e-13 1.2361e+10 0.25000
4.3983e+05 2.9197e-08 4.3540e-13 1.3186e+10 0.25000
4.6918e+05 2.7371e-08 3.5869e-13 1.4066e+10 0.25000
5.0049e+05 2.5658e-08 2.9549e-13 1.5005e+10 0.25000
5.3389e+05 2.4053e-08 2.4343e-13 1.6006e+10 0.25000
5.6952e+05 2.2549e-08 2.0054e-13 1.7074e+10 0.25000
6.0753e+05 2.1138e-08 1.6521e-13 1.8214e+10 0.25000
6.4807e+05 1.9816e-08 1.3611e-13 1.9429e+10 0.25000
6.9132e+05 1.8576e-08 1.1213e-13 2.0726e+10 0.25000
7.3745e+05 1.7414e-08 9.2372e-14 2.2109e+10 0.25000
7.8667e+05 1.6324e-08 7.6097e-14 2.3584e+10 0.25000
8.3917e+05 1.5303e-08 6.2690e-14 2.5158e+10 0.25000
8.9517e+05 1.4346e-08 5.1646e-14 2.6837e+10 0.25000
9.5490e+05 1.3448e-08 4.2547e-14 2.8628e+10 0.25000
1.0186e+06 1.2607e-08 3.5051e-14 3.0538e+10 0.25000
1.0866e+06 1.1818e-08 2.8875e-14 3.2576e+10 0.25000
1.1591e+06 1.1079e-08 2.3788e-14 3.4750e+10 0.25000
1.2365e+06 1.0386e-08 1.9597e-14 3.7069e+10 0.25000
1.3190e+06 9.7362e-09 1.6144e-14 3.9543e+10 0.25000
1.4070e+06 9.1271e-09 1.3300e-14 4.2182e+10 0.25000
1.5009e+06 8.5561e-09 1.0957e-14 4.4997e+10 0.25000
1.6011e+06 8.0208e-09 9.0265e-15 4.8000e+10 0.25000
1.7079e+06 7.5191e-09 7.4362e-15 5.1203e+10 0.25000
1.8219e+06 7.0487e-09 6.1261e-15 5.4620e+10 0.25000
1.9435e+06 6.6077e-09 5.0468e-15 5.8265e+10 0.25000
2.0732e+06 6.1944e-09 4.1576e-15 6.2153e+10 0.25000
2.2115e+06 5.8068e-09 3.4251e-15 6.6301e+10 0.25000
2.3591e+06 5.4436e-09 2.8217e-15 7.0726e+10 0.25000
2.5165e+06 5.1030e-09 2.3246e-15 7.5445e+10 0.25000
2.6845e+06 4.7838e-09 1.9150e-15 8.0480e+10 0.25000
2.8636e+06 4.4845e-09 1.5776e-15 8.5851e+10 0.25000
3.0547e+06 4.2040e-09 1.2997e-15 9.1580e+10 0.25000
3.2586e+06 3.9410e-09 1.0707e-15 9.7692e+10 0.25000
3.4760e+06 3.6944e-09 8.8206e-16 1.0421e+11 0.25000
3.7080e+06 3.4633e-09 7.2666e-16 1.1117e+11 0.25000
3.9554e+06 3.2466e-09 5.9863e-16 1.1858e+11 0.25000
4.2194e+06 3.0435e-09 4.9317e-16 1.2650e+11 0.25000
4.5010e+06 2.8531e-09 4.0628e-16 1.3494e+11 0.25000
4.8013e+06 2.6746e-09 3.3470e-16 1.4394e+11 0.25000
5.1218e+06 2.5073e-09 2.7573e-16 1.5355e+11 0.25000
5.4636e+06 2.3505e-09 2.2715e-16 1.6380e+11 0.25000
5.8282e+06 2.2034e-09 1.8713e-16 1.7473e+11 0.25000
6.2171e+06 2.0656e-09 1.5416e-16 1.8639e+11 0.25000
6.6320e+06 1.9364e-09 1.2700e-16 1.9883e+11 0.25000
7.0746e+06 1.8152e-09 1.0463e-16 2.1210e+11 0.25000
7.5467e+06 1.7017e-09 8.6194e-17 2.2625e+11 0.25000
8.0503e+06 1.5952e-09 7.1008e-17 2.4135e+11 0.25000
8.5875e+06 1.4954e-09 5.8498e-17 2.5745e+11 0.25000
9.1606e+06 1.4019e-09 4.8192e-17 2.7463e+11 0.25000
9.7719e+06 1.3142e-09 3.9701e-17 2.9296e+11 0.25000
1.0424e+07 1.2319e-09 3.2707e-17 3.1251e+11 0.25000
1.1120e+07 1.1549e-09 2.6944e-17 3.3337e+11 0.25000
1.1862e+07 1.0826e-09 2.2197e-17 3.5561e+11 0.25000
1.2653e+07 1.0149e-09 1.8287e-17 3.7935e+11 0.25000
1.3498e+07 9.5141e-10 1.5065e-17 4.0466e+11 0.25000
1.4398e+07 8.9189e-10 1.2411e-17 4.3167e+11 0.25000
1.5359e+07 8.3610e-10 1.0224e-17 4.6047e+11 0.25000
1.6384e+07 7.8379e-10 8.4228e-18 4.9120e+11 0.25000
1.7478e+07 7.3476e-10 6.9389e-18 5.2398e+11 0.25000
1.8644e+07 6.8879e-10 5.7164e-18 5.5895e+11 0.25000
1.9888e+07 6.4570e-10 4.7093e-18 5.9625e+11 0.25000
2.1216e+07 6.0531e-10 3.8796e-18 6.3604e+11 0.25000
2.2631e+07 5.6744e-10 3.1961e-18 6.7849e+11 0.25000
2.4142e+07 5.3194e-10 2.6330e-18 7.2376e+11 0.25000
2.5753e+07 4.9866e-10 2.1691e-18 7.7206e+11 0.25000
2.7471e+07 4.6747e-10 1.7869e-18 8.2359e+11 0.25000
2.9304e+07 4.3822e-10 1.4721e-18 8.7855e+11 0.25000
3.1260e+07 4.1081e-10 1.2128e-18 9.3718e+11 0.25000
3.3346e+07 3.8511e-10 9.9909e-19 9.9972e+11 0.25000
3.5572e+07 3.6102e-10 8.2307e-19 1.0664e+12 0.25000
3.7945e+07 3.3843e-10 6.7806e-19 1.1376e+12 0.25000
4.0478e+07 3.1726e-10 5.5860e-19 1.2135e+12 0.25000
4.3179e+07 2.9741e-10 4.6019e-19 1.2945e+12 0.25000
4.6060e+07 2.7881e-10 3.7911e-19 1.3809e+12 0.25000
4.9134e+07 2.6136e-10 3.1232e-19 1.4730e+12 0.25000
5.2413e+07 2.4501e-10 2.5729e-19 1.5713e+12 0.25000
5.5911e+07 2.2969e-10 2.1196e-19 1.6762e+12 0.25000
5.9642e+07 2.1532e-10 1.7462e-19 1.7881e+12 0.25000
6.3622e+07 2.0185e-10 1.4385e-19 1.9074e+12 0.25000
6.7868e+07 1.8922e-10 1.1851e-19 2.0347e+12 0.25000
7.2397e+07 1.7738e-10 9.7631e-20 2.1705e+12 0.25000
7.7228e+07 1.6629e-10 8.0430e-20 2.3153e+12 0.25000
8.2382e+07 1.5588e-10 6.6260e-20 2.4698e+12 0.25000
8.7880e+07 1.4613e-10 5.4586e-20 2.6346e+12 0.25000
9.3744e+07 1.3699e-10 4.4969e-20 2.8104e+12 0.25000
1.0000e+08 1.2842e-10 3.7046e-20 2.9980e+12 0.25000
