# time[s], T9[GK], density[g/cm^3], R[km], Ye

1.0000e-06 3.5000e+00 3.0000e+11 1.2000e+02 0.45000
1.0667e-06 3.5000e+00 3.0000e+11 1.2000e+02 0.45000
1.1379e-06 3.5000e+00 3.0000e+11 1.2000e+02 0.45000
1.2139e-06 3.5000e+00 3.0000e+11 1.2000e+02 0.45000
1.2949e-06 3.5000e+00 3.0000e+11 1.2000e+02 0.45000
1.3813e-06 3.5000e+00 3.0000e+11 1.2000e+02 0.45000
1.4735e-06 3.5000e+00 3.0000e+11 1.2000e+02 0.45000
1.5718e-06 3.5000e+00 3.0000e+11 1.2000e+02 0.45000
1.6767e-06 3.5000e+00 3.0000e+11 1.2000e+02 0.45000
1.7886e-06 3.5000e+00 3.0000e+11 1.2000e+02 0.45000
1.9079e-06 3.5000e+00 3.0000e+11 1.2000e+02 0.45000
2.0352e-06 3.5000e+00 3.0000e+11 1.2000e+02 0.45000
2.1711e-06 3.5000e+00 3.0000e+11 1.2000e+02 0.45000
2.3160e-06 3.5000e+00 3.0000e+11 1.2000e+02 0.45000
2.4705e-06 3.5000e+00 3.0000e+11 1.2000e+02 0.45000
2.6354e-06 3.5000e+00 3.0000e+11 1.2000e+02 0.45000
2.8112e-06 3.5000e+00 3.0000e+11 1.2000e+02 0.45000
2.9988e-06 3.5000e+00 3.0000e+11 1.2000e+02 0.45000
3.1990e-06 3.5000e+00 3.0000e+11 1.2000e+02 0.45000
3.4124e-06 3.5000e+00 3.0000e+11 1.2000e+02 0.45000
3.6402e-06 3.5000e+00 3.0000e+11 1.2000e+02 0.45000
3.8831e-06 3.5000e+00 3.0000e+11 1.2000e+02 0.45000
4.1422e-06 3.5000e+00 3.0000e+11 1.2000e+02 0.45000
4.4187e-06 3.5000e+00 3.0000e+11 1.2000e+02 0.45000
4.7135e-06 3.5000e+00 3.0000e+11 1.2000e+02 0.45000
5.0281e-06 3.5000e+00 3.0000e+11 1.2000e+02 0.45000
5.3636e-06 3.5000e+00 3.0000e+11 1.2000e+02 0.45000
5.7216e-06 3.5000e+00 3.0000e+11 1.2000e+02 0.45000
6.1034e-06 3.5000e+00 3.0000e+11 1.2000e+02 0.45000
6.5107e-06 3.5000e+00 3.0000e+11 1.2000e+02 0.45000
6.9452e-06 3.5000e+00 3.0000e+11 1.2000e+02 0.45000
7.4087e-06 3.5000e+00 3.0000e+11 1.2000e+02 0.45000
7.9031e-06 3.5000e+00 3.0000e+11 1.2000e+02 0.45000
8.4305e-06 3.5000e+00 3.0000e+11 1.2000e+02 0.45000
8.9931e-06 3.5000e+00 3.0000e+11 1.2000e+02 0.45000
9.5932e-06 3.5000e+00 3.0000e+11 1.2000e+02 0.45000
1.0233e-05 3.5000e+00 3.0000e+11 1.2000e+02 0.45000
1.0916e-05 3.5000e+00 3.0000e+11 1.2000e+02 0.45000
1.1645e-05 3.5000e+00 3.0000e+11 1.2000e+02 0.45000
1.2422e-05 3.5000e+00 3.0000e+11 1.2000e+02 0.45000
1.3251e-05 3.5000e+00 3.0000e+11 1.2000e+02 0.45000
1.4135e-05 3.5000e+00 3.0000e+11 1.2000e+02 0.45000
1.5078e-05 3.5000e+00 3.0000e+11 1.2000e+02 0.45000
1.6085e-05 3.5000e+00 3.0000e+11 1.2000e+02 0.45000
1.7158e-05 3.5000e+00 3.0000e+11 1.2000e+02 0.45000
1.8303e-05 3.5000e+00 3.0000e+11 1.2000e+02 0.45000
1.9525e-05 3.5000e+00 3.0000e+11 1.2000e+02 0.45000
2.0828e-05 3.5000e+00 3.0000e+11 1.2000e+02 0.45000
2.2217e-05 3.5000e+00 3.0000e+11 1.2000e+02 0.45000
2.3700e-05 3.5000e+00 3.0000e+11 1.2000e+02 0.45000
2.5282e-05 3.5000e+00 3.0000e+11 1.2000e+02 0.45000
2.6969e-05 3.5000e+00 3.0000e+11 1.2000e+02 0.45000
2.8769e-05 3.5000e+00 3.0000e+11 1.2000e+02 0.45000
3.0688e-05 3.5000e+00 3.0000e+11 1.2000e+02 0.45000
3.2736e-05 3.5000e+00 3.0000e+11 1.2000e+02 0.45000
3.4921e-05 3.5000e+00 3.0000e+11 1.2000e+02 0.45000
3.7251e-05 3.5000e+00 3.0000e+11 1.2000e+02 0.45000
3.9737e-05 3.5000e+00 3.0000e+11 1.2000e+02 0.45000
4.2389e-05 3.5000e+00 3.0000e+11 1.2000e+02 0.45000
4.5218e-05 3.5000e+00 3.0000e+11 1.2000e+02 0.45000
4.8235e-05 3.5000e+00 3.0000e+11 1.2000e+02 0.45000
5.1454e-05 3.5000e+00 3.0000e+11 1.2000e+02 0.45000
5.4888e-05 3.5000e+00 3.0000e+11 1.2000e+02 0.45000
5.8551e-05 3.5000e+00 3.0000e+11 1.2000e+02 0.45000
6.2458e-05 3.5000e+00 3.0000e+11 1.2000e+02 0.45000
6.6627e-05 3.5000e+00 3.0000e+11 1.2000e+02 0.45000
7.1073e-05 3.5000e+00 3.0000e+11 1.2000e+02 0.45000
7.5816e-05 3.5000e+00 3.0000e+11 1.2000e+02 0.45000
8.0875e-05 3.5000e+00 3.0000e+11 1.2000e+02 0.45000
8.6272e-05 3.5000e+00 3.0000e+11 1.2000e+02 0.45000
9.2030e-05 3.5000e+00 3.0000e+11 1.2000e+02 0.45000
9.8171e-05 3.5000e+00 2.9999e+11 1.2000e+02 0.45000
1.0472e-04 3.5000e+00 2.9999e+11 1.2000e+02 0.45000
1.1171e-04 3.5000e+00 2.9999e+11 1.2000e+02 0.45000
1.1917e-04 3.5000e+00 2.9999e+11 1.2000e+02 0.45000
1.2712e-04 3.5000e+00 2.9999e+11 1.2000e+02 0.45000
1.3560e-04 3.5000e+00 2.9999e+11 1.2000e+02 0.45000
1.4465e-04 3.5000e+00 2.9999e+11 1.2000e+02 0.45000
1.5430e-04 3.4999e+00 2.9999e+11 1.2000e+02 0.45000
1.6460e-04 3.4999e+00 2.9998e+11 1.2000e+02 0.45000
1.7559e-04 3.4999e+00 2.9998e+11 1.2000e+02 0.45000
1.8730e-04 3.4999e+00 2.9998e+11 1.2000e+02 0.45000
1.9980e-04 3.4999e+00 2.9998e+11 1.2000e+02 0.45000
2.1314e-04 3.4999e+00 2.9997e+11 1.2000e+02 0.45000
2.2736e-04 3.4999e+00 2.9997e+11 1.2000e+02 0.45000
2.4253e-04 3.4999e+00 2.9997e+11 1.2000e+02 0.45000
2.5872e-04 3.4999e+00 2.9996e+11 1.2001e+02 0.45000
2.7598e-04 3.4998e+00 2.9996e+11 1.2001e+02 0.45000
2.9440e-04 3.4998e+00 2.9995e+11 1.2001e+02 0.45000
3.1405e-04 3.4998e+00 2.9994e+11 1.2001e+02 0.45000
3.3500e-04 3.4998e+00 2.9994e+11 1.2001e+02 0.45000
3.5736e-04 3.4997e+00 2.9993e+11 1.2001e+02 0.45000
3.8121e-04 3.4997e+00 2.9992e+11 1.2001e+02 0.45000
4.0665e-04 3.4996e+00 2.9991e+11 1.2001e+02 0.45000
4.3379e-04 3.4996e+00 2.9989e+11 1.2001e+02 0.45000
4.6273e-04 3.4995e+00 2.9988e+11 1.2002e+02 0.45000
4.9361e-04 3.4995e+00 2.9986e+11 1.2002e+02 0.45000
5.2655e-04 3.4994e+00 2.9984e+11 1.2002e+02 0.45000
5.6169e-04 3.4993e+00 2.9982e+11 1.2002e+02 0.45000
5.9918e-04 3.4992e+00 2.9980e+11 1.2003e+02 0.45000
6.3916e-04 3.4991e+00 2.9977e+11 1.2003e+02 0.45000
6.8182e-04 3.4990e+00 2.9974e+11 1.2003e+02 0.45000
7.2732e-04 3.4988e+00 2.9970e+11 1.2004e+02 0.45000
7.7585e-04 3.4987e+00 2.9966e+11 1.2005e+02 0.45000
8.2763e-04 3.4985e+00 2.9962e+11 1.2005e+02 0.45000
8.8286e-04 3.4983e+00 2.9956e+11 1.2006e+02 0.45000
9.4178e-04 3.4981e+00 2.9950e+11 1.2007e+02 0.45000
1.0046e-03 3.4978e+00 2.9943e+11 1.2008e+02 0.45000
1.0717e-03 3.4975e+00 2.9936e+11 1.2009e+02 0.45000
1.1432e-03 3.4971e+00 2.9927e+11 1.2010e+02 0.45000
1.2195e-03 3.4968e+00 2.9917e+11 1.2011e+02 0.45000
1.3009e-03 3.4963e+00 2.9905e+11 1.2013e+02 0.45000
1.3877e-03 3.4958e+00 2.9892e+11 1.2014e+02 0.45000
1.4803e-03 3.4952e+00 2.9877e+11 1.2016e+02 0.45000
1.5791e-03 3.4946e+00 2.9860e+11 1.2019e+02 0.45000
1.6844e-03 3.4938e+00 2.9841e+11 1.2021e+02 0.45000
1.7968e-03 3.4930e+00 2.9819e+11 1.2024e+02 0.45000
1.9167e-03 3.4920e+00 2.9795e+11 1.2028e+02 0.45000
2.0447e-03 3.4909e+00 2.9766e+11 1.2031e+02 0.45000
2.1811e-03 3.4896e+00 2.9734e+11 1.2036e+02 0.45000
2.3267e-03 3.4882e+00 2.9698e+11 1.2041e+02 0.45000
2.4819e-03 3.4866e+00 2.9657e+11 1.2046e+02 0.45000
2.6476e-03 3.4848e+00 2.9610e+11 1.2052e+02 0.45000
2.8242e-03 3.4827e+00 2.9556e+11 1.2060e+02 0.45000
3.0127e-03 3.4803e+00 2.9496e+11 1.2068e+02 0.45000
3.2138e-03 3.4776e+00 2.9427e+11 1.2077e+02 0.45000
3.4282e-03 3.4745e+00 2.9350e+11 1.2088e+02 0.45000
3.6570e-03 3.4710e+00 2.9262e+11 1.2100e+02 0.45000
3.9011e-03 3.4671e+00 2.9162e+11 1.2114e+02 0.45000
4.1614e-03 3.4626e+00 2.9049e+11 1.2130e+02 0.45000
4.4391e-03 3.4575e+00 2.8921e+11 1.2147e+02 0.45000
4.7353e-03 3.4518e+00 2.8777e+11 1.2168e+02 0.45000
5.0513e-03 3.4452e+00 2.8614e+11 1.2191e+02 0.45000
5.3884e-03 3.4378e+00 2.8430e+11 1.2217e+02 0.45000
5.7480e-03 3.4295e+00 2.8223e+11 1.2247e+02 0.45000
6.1316e-03 3.4200e+00 2.7990e+11 1.2281e+02 0.45000
6.5408e-03 3.4093e+00 2.7728e+11 1.2319e+02 0.45000
6.9773e-03 3.3972e+00 2.7434e+11 1.2363e+02 0.45000
7.4429e-03 3.3836e+00 2.7105e+11 1.2413e+02 0.45000
7.9396e-03 3.3682e+00 2.6738e+11 1.2469e+02 0.45000
8.4695e-03 3.3510e+00 2.6329e+11 1.2534e+02 0.45000
9.0347e-03 3.3316e+00 2.5874e+11 1.2607e+02 0.45000
9.6376e-03 3.3098e+00 2.5370e+11 1.2690e+02 0.45000
1.0281e-02 3.2855e+00 2.4814e+11 1.2784e+02 0.45000
1.0967e-02 3.2582e+00 2.4203e+11 1.2890e+02 0.45000
1.1699e-02 3.2279e+00 2.3534e+11 1.3011e+02 0.45000
1.2479e-02 3.1942e+00 2.2804e+11 1.3149e+02 0.45000
1.3312e-02 3.1569e+00 2.2013e+11 1.3304e+02 0.45000
1.4201e-02 3.1156e+00 2.1161e+11 1.3481e+02 0.45000
1.5148e-02 3.0701e+00 2.0248e+11 1.3680e+02 0.45000
1.6159e-02 3.0203e+00 1.9278e+11 1.3906e+02 0.45000
1.7237e-02 2.9658e+00 1.8254e+11 1.4161e+02 0.45000
1.8388e-02 2.9067e+00 1.7183e+11 1.4450e+02 0.45000
1.9615e-02 2.8426e+00 1.6073e+11 1.4775e+02 0.45000
2.0924e-02 2.7738e+00 1.4932e+11 1.5142e+02 0.45000
2.2320e-02 2.7001e+00 1.3774e+11 1.5555e+02 0.45000
2.3810e-02 2.6218e+00 1.2610e+11 1.6019e+02 0.45000
2.5399e-02 2.5391e+00 1.1454e+11 1.6541e+02 0.45000
2.7094e-02 2.4524e+00 1.0320e+11 1.7126e+02 0.45000
2.8902e-02 2.3620e+00 9.2208e+10 1.7781e+02 0.45000
3.0830e-02 2.2686e+00 8.1695e+10 1.8514e+02 0.45000
3.2888e-02 2.1728e+00 7.1773e+10 1.9330e+02 0.45000
3.5082e-02 2.0752e+00 6.2529e+10 2.0239e+02 0.45000
3.7424e-02 1.9766e+00 5.4033e+10 2.1249e+02 0.45000
3.9921e-02 1.8777e+00 4.6323e+10 2.2368e+02 0.45000
4.2585e-02 1.7793e+00 3.9416e+10 2.3605e+02 0.45000
4.5427e-02 1.6821e+00 3.3303e+10 2.4969e+02 0.45000
4.8459e-02 1.5868e+00 2.7955e+10 2.6469e+02 0.45000
5.1692e-02 1.4939e+00 2.3328e+10 2.8114e+02 0.45000
5.5142e-02 1.4040e+00 1.9365e+10 2.9915e+02 0.45000
5.8822e-02 1.3175e+00 1.6001e+10 3.1879e+02 0.45000
6.2747e-02 1.2347e+00 1.3169e+10 3.4018e+02 0.45000
6.6935e-02 1.1558e+00 1.0803e+10 3.6339e+02 0.45000
7.1402e-02 1.0810e+00 8.8382e+09 3.8854e+02 0.45000
7.6166e-02 1.0103e+00 7.2158e+09 4.1571e+02 0.45000
8.1249e-02 9.4378e-01 5.8821e+09 4.4502e+02 0.45000
8.6671e-02 8.8131e-01 4.7896e+09 4.7656e+02 0.45000
9.2455e-02 8.2278e-01 3.8974e+09 5.1046e+02 0.45000
9.8625e-02 7.6805e-01 3.1702e+09 5.4684e+02 0.45000
1.0521e-01 7.1695e-01 2.5786e+09 5.8582e+02 0.45000
1.1223e-01 6.6927e-01 2.0976e+09 6.2755e+02 0.45000
1.1972e-01 6.2483e-01 1.7069e+09 6.7218e+02 0.45000
1.2771e-01 5.8343e-01 1.3895e+09 7.1989e+02 0.45000
1.3623e-01 5.4486e-01 1.1318e+09 7.7085e+02 0.45000
1.4532e-01 5.0893e-01 9.2234e+08 8.2526e+02 0.45000
1.5502e-01 4.7547e-01 7.5210e+08 8.8334e+02 0.45000
1.6536e-01 4.4429e-01 6.1364e+08 9.4533e+02 0.45000
1.7640e-01 4.1524e-01 5.0096e+08 1.0115e+03 0.45000
1.8817e-01 3.8816e-01 4.0920e+08 1.0820e+03 0.45000
2.0073e-01 3.6291e-01 3.3443e+08 1.1573e+03 0.45000
2.1412e-01 3.3936e-01 2.7345e+08 1.2376e+03 0.45000
2.2841e-01 3.1739e-01 2.2371e+08 1.3233e+03 0.45000
2.4365e-01 2.9688e-01 1.8309e+08 1.4147e+03 0.45000
2.5991e-01 2.7774e-01 1.4991e+08 1.5122e+03 0.45000
2.7726e-01 2.5987e-01 1.2279e+08 1.6162e+03 0.45000
2.9576e-01 2.4318e-01 1.0062e+08 1.7271e+03 0.45000
3.1550e-01 2.2758e-01 8.2477e+07 1.8455e+03 0.45000
3.3655e-01 2.1301e-01 6.7627e+07 1.9717e+03 0.45000
3.5901e-01 1.9939e-01 5.5468e+07 2.1064e+03 0.45000
3.8297e-01 1.8666e-01 4.5508e+07 2.2501e+03 0.45000
4.0853e-01 1.7476e-01 3.7346e+07 2.4033e+03 0.45000
4.3579e-01 1.6363e-01 3.0656e+07 2.5668e+03 0.45000
4.6487e-01 1.5322e-01 2.5169e+07 2.7411e+03 0.45000
4.9590e-01 1.4348e-01 2.0670e+07 2.9271e+03 0.45000
5.2899e-01 1.3438e-01 1.6978e+07 3.1256e+03 0.45000
5.6429e-01 1.2585e-01 1.3948e+07 3.3372e+03 0.45000
6.0195e-01 1.1788e-01 1.1461e+07 3.5630e+03 0.45000
6.4212e-01 1.1041e-01 9.4184e+06 3.8039e+03 0.45000
6.8497e-01 1.0343e-01 7.7414e+06 4.0608e+03 0.45000
7.3068e-01 9.6888e-02 6.3639e+06 4.3349e+03 0.45000
7.7944e-01 9.0766e-02 5.2322e+06 4.6273e+03 0.45000
8.3146e-01 8.5035e-02 4.3023e+06 4.9392e+03 0.45000
8.8694e-01 7.9668e-02 3.5381e+06 5.2719e+03 0.45000
9.4613e-01 7.4643e-02 2.9100e+06 5.6268e+03 0.45000
1.0093e+00 6.9938e-02 2.3936e+06 6.0053e+03 0.45000
1.0766e+00 6.5531e-02 1.9690e+06 6.4092e+03 0.45000
1.1485e+00 6.1404e-02 1.6199e+06 6.8400e+03 0.45000
1.2251e+00 5.7538e-02 1.3328e+06 7.2995e+03 0.45000
1.3069e+00 5.3917e-02 1.0967e+06 7.7897e+03 0.45000
1.3941e+00 5.0525e-02 9.0249e+05 8.3127e+03 0.45000
1.4871e+00 4.7348e-02 7.4271e+05 8.8705e+03 0.45000
1.5864e+00 4.4371e-02 6.1126e+05 9.4655e+03 0.45000
1.6922e+00 4.1583e-02 5.0311e+05 1.0100e+04 0.45000
1.8051e+00 3.8970e-02 4.1411e+05 1.0777e+04 0.45000
1.9256e+00 3.6523e-02 3.4088e+05 1.1500e+04 0.45000
2.0541e+00 3.4229e-02 2.8061e+05 1.2270e+04 0.45000
2.1912e+00 3.2080e-02 2.3101e+05 1.3092e+04 0.45000
2.3374e+00 3.0067e-02 1.9018e+05 1.3969e+04 0.45000
2.4934e+00 2.8180e-02 1.5658e+05 1.4904e+04 0.45000
2.6598e+00 2.6412e-02 1.2892e+05 1.5902e+04 0.45000
2.8373e+00 2.4755e-02 1.0615e+05 1.6966e+04 0.45000
3.0266e+00 2.3202e-02 8.7401e+04 1.8102e+04 0.45000
3.2286e+00 2.1747e-02 7.1968e+04 1.9313e+04 0.45000
3.4441e+00 2.0384e-02 5.9262e+04 2.0605e+04 0.45000
3.6739e+00 1.9106e-02 4.8801e+04 2.1983e+04 0.45000
3.9191e+00 1.7908e-02 4.0187e+04 2.3453e+04 0.45000
4.1806e+00 1.6786e-02 3.3095e+04 2.5021e+04 0.45000
4.4596e+00 1.5734e-02 2.7255e+04 2.6694e+04 0.45000
4.7572e+00 1.4748e-02 2.2446e+04 2.8478e+04 0.45000
5.0747e+00 1.3824e-02 1.8485e+04 3.0382e+04 0.45000
5.4134e+00 1.2958e-02 1.5224e+04 3.2412e+04 0.45000
5.7746e+00 1.2146e-02 1.2539e+04 3.4578e+04 0.45000
6.1600e+00 1.1386e-02 1.0327e+04 3.6889e+04 0.45000
6.5711e+00 1.0672e-02 8.5056e+03 3.9354e+04 0.45000
7.0096e+00 1.0004e-02 7.0055e+03 4.1983e+04 0.45000
7.4773e+00 9.3775e-03 5.7701e+03 4.4788e+04 0.45000
7.9763e+00 8.7903e-03 4.7526e+03 4.7780e+04 0.45000
8.5086e+00 8.2399e-03 3.9146e+03 5.0972e+04 0.45000
9.0764e+00 7.7240e-03 3.2243e+03 5.4376e+04 0.45000
9.6822e+00 7.2404e-03 2.6558e+03 5.8008e+04 0.45000
1.0328e+01 6.7871e-03 2.1876e+03 6.1882e+04 0.45000
1.1018e+01 6.3622e-03 1.8019e+03 6.6015e+04 0.45000
1.1753e+01 5.9639e-03 1.4843e+03 7.0423e+04 0.45000
1.2537e+01 5.5906e-03 1.2226e+03 7.5126e+04 0.45000
1.3374e+01 5.2407e-03 1.0071e+03 8.0143e+04 0.45000
1.4266e+01 4.9126e-03 8.2958e+02 8.5494e+04 0.45000
1.5218e+01 4.6051e-03 6.8336e+02 9.1202e+04 0.45000
1.6234e+01 4.3169e-03 5.6291e+02 9.7292e+04 0.45000
1.7317e+01 4.0467e-03 4.6369e+02 1.0379e+05 0.45000
1.8473e+01 3.7935e-03 3.8197e+02 1.1072e+05 0.45000
1.9706e+01 3.5561e-03 3.1465e+02 1.1811e+05 0.45000
2.1021e+01 3.3335e-03 2.5919e+02 1.2599e+05 0.45000
2.2423e+01 3.1249e-03 2.1351e+02 1.3440e+05 0.45000
2.3920e+01 2.9293e-03 1.7588e+02 1.4338e+05 0.45000
2.5516e+01 2.7460e-03 1.4489e+02 1.5295e+05 0.45000
2.7219e+01 2.5742e-03 1.1935e+02 1.6316e+05 0.45000
2.9035e+01 2.4131e-03 9.8322e+01 1.7405e+05 0.45000
3.0973e+01 2.2621e-03 8.0995e+01 1.8567e+05 0.45000
3.3040e+01 2.1206e-03 6.6722e+01 1.9806e+05 0.45000
3.5245e+01 1.9879e-03 5.4965e+01 2.1128e+05 0.45000
3.7597e+01 1.8635e-03 4.5279e+01 2.2538e+05 0.45000
4.0106e+01 1.7469e-03 3.7300e+01 2.4043e+05 0.45000
4.2782e+01 1.6376e-03 3.0728e+01 2.5648e+05 0.45000
4.5637e+01 1.5351e-03 2.5313e+01 2.7359e+05 0.45000
4.8683e+01 1.4391e-03 2.0853e+01 2.9186e+05 0.45000
5.1931e+01 1.3490e-03 1.7178e+01 3.1134e+05 0.45000
5.5397e+01 1.2646e-03 1.4151e+01 3.3211e+05 0.45000
5.9094e+01 1.1855e-03 1.1658e+01 3.5428e+05 0.45000
6.3038e+01 1.1113e-03 9.6038e+00 3.7793e+05 0.45000
6.7244e+01 1.0418e-03 7.9116e+00 4.0315e+05 0.45000
7.1732e+01 9.7661e-04 6.5176e+00 4.3006e+05 0.45000
7.6519e+01 9.1551e-04 5.3692e+00 4.5876e+05 0.45000
8.1625e+01 8.5823e-04 4.4232e+00 4.8938e+05 0.45000
8.7072e+01 8.0454e-04 3.6438e+00 5.2204e+05 0.45000
9.2883e+01 7.5420e-04 3.0018e+00 5.5688e+05 0.45000
9.9081e+01 7.0702e-04 2.4729e+00 5.9405e+05 0.45000
1.0569e+02 6.6278e-04 2.0372e+00 6.3369e+05 0.45000
1.1275e+02 6.2132e-04 1.6782e+00 6.7598e+05 0.45000
1.2027e+02 5.8245e-04 1.3826e+00 7.2110e+05 0.45000
1.2830e+02 5.4601e-04 1.1390e+00 7.6922e+05 0.45000
1.3686e+02 5.1185e-04 9.3829e-01 8.2056e+05 0.45000
1.4599e+02 4.7982e-04 7.7297e-01 8.7532e+05 0.45000
1.5573e+02 4.4981e-04 6.3678e-01 9.3374e+05 0.45000
1.6613e+02 4.2166e-04 5.2459e-01 9.9605e+05 0.45000
1.7721e+02 3.9528e-04 4.3216e-01 1.0625e+06 0.45000
1.8904e+02 3.7055e-04 3.5602e-01 1.1334e+06 0.45000
2.0166e+02 3.4737e-04 2.9329e-01 1.2091e+06 0.45000
2.1511e+02 3.2564e-04 2.4162e-01 1.2898e+06 0.45000
2.2947e+02 3.0527e-04 1.9905e-01 1.3758e+06 0.45000
2.4478e+02 2.8617e-04 1.6398e-01 1.4677e+06 0.45000
2.6112e+02 2.6827e-04 1.3509e-01 1.5656e+06 0.45000
2.7854e+02 2.5148e-04 1.1129e-01 1.6701e+06 0.45000
2.9713e+02 2.3575e-04 9.1680e-02 1.7815e+06 0.45000
3.1696e+02 2.2100e-04 7.5528e-02 1.9004e+06 0.45000
3.3811e+02 2.0718e-04 6.2221e-02 2.0273e+06 0.45000
3.6067e+02 1.9421e-04 5.1258e-02 2.1626e+06 0.45000
3.8474e+02 1.8206e-04 4.2227e-02 2.3069e+06 0.45000
4.1042e+02 1.7067e-04 3.4788e-02 2.4608e+06 0.45000
4.3781e+02 1.6000e-04 2.8659e-02 2.6250e+06 0.45000
4.6702e+02 1.4999e-04 2.3609e-02 2.8002e+06 0.45000
4.9819e+02 1.4060e-04 1.9450e-02 2.9871e+06 0.45000
5.3144e+02 1.3181e-04 1.6023e-02 3.1864e+06 0.45000
5.6690e+02 1.2356e-04 1.3200e-02 3.3991e+06 0.45000
6.0473e+02 1.1583e-04 1.0874e-02 3.6259e+06 0.45000
6.4509e+02 1.0859e-04 8.9586e-03 3.8679e+06 0.45000
6.8814e+02 1.0179e-04 7.3802e-03 4.1260e+06 0.45000
7.3406e+02 9.5425e-05 6.0799e-03 4.4014e+06 0.45000
7.8305e+02 8.9455e-05 5.0088e-03 4.6951e+06 0.45000
8.3530e+02 8.3859e-05 4.1263e-03 5.0084e+06 0.45000
8.9105e+02 7.8613e-05 3.3993e-03 5.3427e+06 0.45000
9.5051e+02 7.3695e-05 2.8004e-03 5.6992e+06 0.45000
1.0139e+03 6.9084e-05 2.3070e-03 6.0795e+06 0.45000
1.0816e+03 6.4762e-05 1.9006e-03 6.4852e+06 0.45000
1.1538e+03 6.0711e-05 1.5657e-03 6.9180e+06 0.45000
1.2308e+03 5.6913e-05 1.2899e-03 7.3797e+06 0.45000
1.3129e+03 5.3352e-05 1.0626e-03 7.8722e+06 0.45000
1.4005e+03 5.0015e-05 8.7541e-04 8.3975e+06 0.45000
1.4940e+03 4.6886e-05 7.2118e-04 8.9579e+06 0.45000
1.5937e+03 4.3953e-05 5.9412e-04 9.5557e+06 0.45000
1.7000e+03 4.1203e-05 4.8944e-04 1.0193e+07 0.45000
1.8135e+03 3.8625e-05 4.0321e-04 1.0874e+07 0.45000
1.9345e+03 3.6209e-05 3.3217e-04 1.1599e+07 0.45000
2.0636e+03 3.3944e-05 2.7365e-04 1.2373e+07 0.45000
2.2013e+03 3.1820e-05 2.2544e-04 1.3199e+07 0.45000
2.3482e+03 2.9830e-05 1.8572e-04 1.4080e+07 0.45000
2.5049e+03 2.7963e-05 1.5300e-04 1.5020e+07 0.45000
2.6721e+03 2.6214e-05 1.2604e-04 1.6022e+07 0.45000
2.8504e+03 2.4574e-05 1.0384e-04 1.7091e+07 0.45000
3.0406e+03 2.3037e-05 8.5543e-05 1.8232e+07 0.45000
3.2436e+03 2.1596e-05 7.0472e-05 1.9448e+07 0.45000
3.4600e+03 2.0245e-05 5.8056e-05 2.0746e+07 0.45000
3.6909e+03 1.8978e-05 4.7828e-05 2.2131e+07 0.45000
3.9372e+03 1.7791e-05 3.9401e-05 2.3608e+07 0.45000
4.2000e+03 1.6678e-05 3.2460e-05 2.5183e+07 0.45000
4.4803e+03 1.5635e-05 2.6741e-05 2.6864e+07 0.45000
4.7792e+03 1.4656e-05 2.2030e-05 2.8656e+07 0.45000
5.0982e+03 1.3740e-05 1.8148e-05 3.0569e+07 0.45000
5.4384e+03 1.2880e-05 1.4951e-05 3.2609e+07 0.45000
5.8013e+03 1.2074e-05 1.2317e-05 3.4785e+07 0.45000
6.1885e+03 1.1319e-05 1.0147e-05 3.7106e+07 0.45000
6.6014e+03 1.0611e-05 8.3592e-06 3.9582e+07 0.45000
7.0420e+03 9.9470e-06 6.8864e-06 4.2224e+07 0.45000
7.5119e+03 9.3247e-06 5.6732e-06 4.5041e+07 0.45000
8.0132e+03 8.7414e-06 4.6737e-06 4.8047e+07 0.45000
8.5480e+03 8.1945e-06 3.8503e-06 5.1254e+07 0.45000
9.1184e+03 7.6819e-06 3.1719e-06 5.4674e+07 0.45000
9.7269e+03 7.2013e-06 2.6131e-06 5.8323e+07 0.45000
1.0376e+04 6.7508e-06 2.1527e-06 6.2215e+07 0.45000
1.1068e+04 6.3285e-06 1.7734e-06 6.6367e+07 0.45000
1.1807e+04 5.9326e-06 1.4610e-06 7.0795e+07 0.45000
1.2595e+04 5.5614e-06 1.2036e-06 7.5520e+07 0.45000
1.3436e+04 5.2135e-06 9.9154e-07 8.0560e+07 0.45000
1.4332e+04 4.8874e-06 8.1685e-07 8.5936e+07 0.45000
1.5289e+04 4.5816e-06 6.7294e-07 9.1671e+07 0.45000
1.6309e+04 4.2950e-06 5.5438e-07 9.7788e+07 0.45000
1.7397e+04 4.0263e-06 4.5671e-07 1.0431e+08 0.45000
1.8558e+04 3.7744e-06 3.7624e-07 1.1128e+08 0.45000
1.9797e+04 3.5383e-06 3.0996e-07 1.1870e+08 0.45000
2.1118e+04 3.3169e-06 2.5535e-07 1.2662e+08 0.45000
2.2527e+04 3.1094e-06 2.1036e-07 1.3507e+08 0.45000
2.4030e+04 2.9149e-06 1.7330e-07 1.4409e+08 0.45000
2.5634e+04 2.7326e-06 1.4277e-07 1.5370e+08 0.45000
2.7345e+04 2.5616e-06 1.1761e-07 1.6396e+08 0.45000
2.9170e+04 2.4014e-06 9.6893e-08 1.7490e+08 0.45000
3.1116e+04 2.2511e-06 7.9822e-08 1.8657e+08 0.45000
3.3193e+04 2.1103e-06 6.5759e-08 1.9902e+08 0.45000
3.5408e+04 1.9783e-06 5.4173e-08 2.1230e+08 0.45000
3.7771e+04 1.8545e-06 4.4629e-08 2.2647e+08 0.45000
4.0291e+04 1.7385e-06 3.6766e-08 2.4159e+08 0.45000
4.2980e+04 1.6298e-06 3.0289e-08 2.5771e+08 0.45000
4.5848e+04 1.5278e-06 2.4952e-08 2.7491e+08 0.45000
4.8908e+04 1.4322e-06 2.0556e-08 2.9325e+08 0.45000
5.2172e+04 1.3426e-06 1.6935e-08 3.1282e+08 0.45000
5.5653e+04 1.2586e-06 1.3951e-08 3.3370e+08 0.45000
5.9367e+04 1.1799e-06 1.1493e-08 3.5597e+08 0.45000
6.3329e+04 1.1061e-06 9.4683e-09 3.7972e+08 0.45000
6.7555e+04 1.0369e-06 7.8001e-09 4.0506e+08 0.45000
7.2064e+04 9.7201e-07 6.4259e-09 4.3209e+08 0.45000
7.6873e+04 9.1121e-07 5.2938e-09 4.6093e+08 0.45000
8.2003e+04 8.5420e-07 4.3611e-09 4.9169e+08 0.45000
8.7475e+04 8.0076e-07 3.5928e-09 5.2450e+08 0.45000
9.3313e+04 7.5067e-07 2.9598e-09 5.5950e+08 0.45000
9.9540e+04 7.0371e-07 2.4383e-09 5.9684e+08 0.45000
1.0618e+05 6.5968e-07 2.0087e-09 6.3667e+08 0.45000
1.1327e+05 6.1841e-07 1.6548e-09 6.7916e+08 0.45000
1.2083e+05 5.7973e-07 1.3633e-09 7.2448e+08 0.45000
1.2889e+05 5.4346e-07 1.1231e-09 7.7283e+08 0.45000
1.3749e+05 5.0946e-07 9.2523e-10 8.2440e+08 0.45000
1.4667e+05 4.7759e-07 7.6222e-10 8.7942e+08 0.45000
1.5645e+05 4.4771e-07 6.2793e-10 9.3810e+08 0.45000
1.6690e+05 4.1970e-07 5.1730e-10 1.0007e+09 0.45000
1.7803e+05 3.9345e-07 4.2616e-10 1.0675e+09 0.45000
1.8991e+05 3.6883e-07 3.5108e-10 1.1387e+09 0.45000
2.0259e+05 3.4576e-07 2.8923e-10 1.2147e+09 0.45000
2.1611e+05 3.2413e-07 2.3827e-10 1.2958e+09 0.45000
2.3053e+05 3.0385e-07 1.9629e-10 1.3823e+09 0.45000
2.4591e+05 2.8484e-07 1.6171e-10 1.4745e+09 0.45000
2.6232e+05 2.6702e-07 1.3322e-10 1.5729e+09 0.45000
2.7983e+05 2.5032e-07 1.0975e-10 1.6779e+09 0.45000
2.9850e+05 2.3466e-07 9.0413e-11 1.7898e+09 0.45000
3.1842e+05 2.1998e-07 7.4484e-11 1.9093e+09 0.45000
3.3967e+05 2.0622e-07 6.1361e-11 2.0367e+09 0.45000
3.6234e+05 1.9332e-07 5.0550e-11 2.1726e+09 0.45000
3.8652e+05 1.8122e-07 4.1644e-11 2.3176e+09 0.45000
4.1232e+05 1.6989e-07 3.4307e-11 2.4722e+09 0.45000
4.3983e+05 1.5926e-07 2.8263e-11 2.6372e+09 0.45000
4.6918e+05 1.4929e-07 2.3284e-11 2.8132e+09 0.45000
5.0049e+05 1.3996e-07 1.9182e-11 3.0010e+09 0.45000
5.3389e+05 1.3120e-07 1.5802e-11 3.2012e+09 0.45000
5.6952e+05 1.2299e-07 1.3018e-11 3.4149e+09 0.45000
6.0753e+05 1.1530e-07 1.0725e-11 3.6427e+09 0.45000
6.4807e+05 1.0808e-07 8.8351e-12 3.8858e+09 0.45000
6.9132e+05 1.0132e-07 7.2785e-12 4.1452e+09 0.45000
7.3745e+05 9.4984e-08 5.9962e-12 4.4218e+09 0.45000
7.8667e+05 8.9042e-08 4.9398e-12 4.7169e+09 0.45000
8.3917e+05 8.3472e-08 4.0695e-12 5.0316e+09 0.45000
8.9517e+05 7.8250e-08 3.3525e-12 5.3674e+09 0.45000
9.5490e+05 7.3355e-08 2.7619e-12 5.7256e+09 0.45000
1.0186e+06 6.8766e-08 2.2753e-12 6.1077e+09 0.45000
1.0866e+06 6.4464e-08 1.8744e-12 6.5153e+09 0.45000
1.1591e+06 6.0431e-08 1.5442e-12 6.9501e+09 0.45000
1.2365e+06 5.6650e-08 1.2721e-12 7.4139e+09 0.45000
1.3190e+06 5.3106e-08 1.0480e-12 7.9086e+09 0.45000
1.4070e+06 4.9784e-08 8.6336e-13 8.4364e+09 0.45000
1.5009e+06 4.6670e-08 7.1125e-13 8.9994e+09 0.45000
1.6011e+06 4.3750e-08 5.8594e-13 9.6000e+09 0.45000
1.7079e+06 4.1013e-08 4.8271e-13 1.0241e+10 0.45000
1.8219e+06 3.8447e-08 3.9766e-13 1.0924e+10 0.45000
1.9435e+06 3.6042e-08 3.2760e-13 1.1653e+10 0.45000
2.0732e+06 3.3787e-08 2.6989e-13 1.2431e+10 0.45000
2.2115e+06 3.1674e-08 2.2234e-13 1.3260e+10 0.45000
2.3591e+06 2.9692e-08 1.8317e-13 1.4145e+10 0.45000
2.5165e+06 2.7835e-08 1.5090e-13 1.5089e+10 0.45000
2.6845e+06 2.6093e-08 1.2431e-13 1.6096e+10 0.45000
2.8636e+06 2.4461e-08 1.0241e-13 1.7170e+10 0.45000
3.0547e+06 2.2931e-08 8.4367e-14 1.8316e+10 0.45000
3.2586e+06 2.1496e-08 6.9503e-14 1.9538e+10 0.45000
3.4760e+06 2.0151e-08 5.7258e-14 2.0842e+10 0.45000
3.7080e+06 1.8891e-08 4.7170e-14 2.2233e+10 0.45000
3.9554e+06 1.7709e-08 3.8859e-14 2.3717e+10 0.45000
4.2194e+06 1.6601e-08 3.2013e-14 2.5300e+10 0.45000
4.5010e+06 1.5563e-08 2.6373e-14 2.6988e+10 0.45000
4.8013e+06 1.4589e-08 2.1727e-14 2.8789e+10 0.45000
5.1218e+06 1.3676e-08 1.7899e-14 3.0710e+10 0.45000
5.4636e+06 1.2821e-08 1.4745e-14 3.2759e+10 0.45000
5.8282e+06 1.2019e-08 1.2148e-14 3.4946e+10 0.45000
6.2171e+06 1.1267e-08 1.0007e-14 3.7278e+10 0.45000
6.6320e+06 1.0562e-08 8.2442e-15 3.9765e+10 0.45000
7.0746e+06 9.9012e-09 6.7918e-15 4.2419e+10 0.45000
7.5467e+06 9.2818e-09 5.5952e-15 4.5250e+10 0.45000
8.0503e+06 8.7011e-09 4.6094e-15 4.8270e+10 0.45000
8.5875e+06 8.1568e-09 3.7973e-15 5.1491e+10 0.45000
9.1606e+06 7.6465e-09 3.1283e-15 5.4927e+10 0.45000
9.7719e+06 7.1682e-09 2.5772e-15 5.8592e+10 0.45000
1.0424e+07 6.7197e-09 2.1231e-15 6.2503e+10 0.45000
1.1120e+07 6.2993e-09 1.7491e-15 6.6674e+10 0.45000
1.1862e+07 5.9053e-09 1.4409e-15 7.1123e+10 0.45000
1.2653e+07 5.5358e-09 1.1870e-15 7.5869e+10 0.45000
1.3498e+07 5.1895e-09 9.7791e-16 8.0932e+10 0.45000
1.4398e+07 4.8649e-09 8.0562e-16 8.6333e+10 0.45000
1.5359e+07 4.5605e-09 6.6368e-16 9.2095e+10 0.45000
1.6384e+07 4.2752e-09 5.4676e-16 9.8240e+10 0.45000
1.7478e+07 4.0078e-09 4.5043e-16 1.0480e+11 0.45000
1.8644e+07 3.7570e-09 3.7107e-16 1.1179e+11 0.45000
1.9888e+07 3.5220e-09 3.0570e-16 1.1925e+11 0.45000
2.1216e+07 3.3017e-09 2.5184e-16 1.2721e+11 0.45000
2.2631e+07 3.0951e-09 2.0747e-16 1.3570e+11 0.45000
2.4142e+07 2.9015e-09 1.7092e-16 1.4475e+11 0.45000
2.5753e+07 2.7200e-09 1.4080e-16 1.5441e+11 0.45000
2.7471e+07 2.5498e-09 1.1600e-16 1.6472e+11 0.45000
2.9304e+07 2.3903e-09 9.5561e-17 1.7571e+11 0.45000
3.1260e+07 2.2408e-09 7.8725e-17 1.8744e+11 0.45000
3.3346e+07 2.1006e-09 6.4855e-17 1.9994e+11 0.45000
3.5572e+07 1.9692e-09 5.3429e-17 2.1329e+11 0.45000
3.7945e+07 1.8460e-09 4.4015e-17 2.2752e+11 0.45000
4.0478e+07 1.7305e-09 3.6261e-17 2.4270e+11 0.45000
4.3179e+07 1.6222e-09 2.9872e-17 2.5890e+11 0.45000
4.6060e+07 1.5208e-09 2.4609e-17 2.7618e+11 0.45000
4.9134e+07 1.4256e-09 2.0274e-17 2.9461e+11 0.45000
5.2413e+07 1.3364e-09 1.6702e-17 3.1427e+11 0.45000
5.5911e+07 1.2528e-09 1.3759e-17 3.3524e+11 0.45000
5.9642e+07 1.1745e-09 1.1335e-17 3.5761e+11 0.45000
6.3622e+07 1.1010e-09 9.3381e-18 3.8148e+11 0.45000
6.7868e+07 1.0321e-09 7.6929e-18 4.0693e+11 0.45000
7.2397e+07 9.6754e-10 6.3376e-18 4.3409e+11 0.45000
7.7228e+07 9.0701e-10 5.2210e-18 4.6306e+11 0.45000
8.2382e+07 8.5027e-10 4.3012e-18 4.9396e+11 0.45000
8.7880e+07 7.9708e-10 3.5434e-18 5.2693e+11 0.45000
9.3744e+07 7.4721e-10 2.9191e-18 5.6209e+11 0.45000
1.0000e+08 7.0047e-10 2.4048e-18 5.9960e+11 0.45000
