# time[s], T9[GK], density[g/cm^3], R[km], Ye

1.0000e-06 9.0000e+00 1.5000e+13 4.0000e+01 0.15000
1.0667e-06 9.0000e+00 1.5000e+13 4.0000e+01 0.15000
1.1379e-06 9.0000e+00 1.5000e+13 4.0000e+01 0.15000
1.2139e-06 9.0000e+00 1.5000e+13 4.0000e+01 0.15000
1.2949e-06 9.0000e+00 1.5000e+13 4.0000e+01 0.15000
1.3813e-06 9.0000e+00 1.5000e+13 4.0000e+01 0.15000
1.4735e-06 9.0000e+00 1.5000e+13 4.0000e+01 0.15000
1.5718e-06 9.0000e+00 1.5000e+13 4.0000e+01 0.15000
1.6767e-06 9.0000e+00 1.5000e+13 4.0000e+01 0.15000
1.7886e-06 9.0000e+00 1.5000e+13 4.0000e+01 0.15000
1.9079e-06 9.0000e+00 1.5000e+13 4.0000e+01 0.15000
2.0352e-06 9.0000e+00 1.5000e+13 4.0000e+01 0.15000
2.1711e-06 9.0000e+00 1.5000e+13 4.0000e+01 0.15000
2.3160e-06 9.0000e+00 1.5000e+13 4.0000e+01 0.15000
2.4705e-06 9.0000e+00 1.5000e+13 4.0000e+01 0.15000
2.6354e-06 9.0000e+00 1.5000e+13 4.0000e+01 0.15000
2.8112e-06 9.0000e+00 1.5000e+13 4.0000e+01 0.15000
2.9988e-06 9.0000e+00 1.5000e+13 4.0000e+01 0.15000
3.1990e-06 9.0000e+00 1.5000e+13 4.0000e+01 0.15000
3.4124e-06 9.0000e+00 1.5000e+13 4.0000e+01 0.15000
3.6402e-06 9.0000e+00 1.5000e+13 4.0000e+01 0.15000
3.8831e-06 9.0000e+00 1.5000e+13 4.0000e+01 0.15000
4.1422e-06 9.0000e+00 1.5000e+13 4.0000e+01 0.15000
4.4187e-06 9.0000e+00 1.5000e+13 4.0000e+01 0.15000
4.7135e-06 8.9999e+00 1.5000e+13 4.0000e+01 0.15000
5.0281e-06 8.9999e+00 1.5000e+13 4.0000e+01 0.15000
5.3636e-06 8.9999e+00 1.5000e+13 4.0000e+01 0.15000
5.7216e-06 8.9999e+00 1.5000e+13 4.0000e+01 0.15000
6.1034e-06 8.9999e+00 1.5000e+13 4.0000e+01 0.15000
6.5107e-06 8.9999e+00 1.4999e+13 4.0000e+01 0.15000
6.9452e-06 8.9999e+00 1.4999e+13 4.0001e+01 0.15000
7.4087e-06 8.9999e+00 1.4999e+13 4.0001e+01 0.15000
7.9031e-06 8.9998e+00 1.4999e+13 4.0001e+01 0.15000
8.4305e-06 8.9998e+00 1.4999e+13 4.0001e+01 0.15000
8.9931e-06 8.9998e+00 1.4999e+13 4.0001e+01 0.15000
9.5932e-06 8.9998e+00 1.4999e+13 4.0001e+01 0.15000
1.0233e-05 8.9997e+00 1.4999e+13 4.0001e+01 0.15000
1.0916e-05 8.9997e+00 1.4998e+13 4.0001e+01 0.15000
1.1645e-05 8.9997e+00 1.4998e+13 4.0002e+01 0.15000
1.2422e-05 8.9996e+00 1.4998e+13 4.0002e+01 0.15000
1.3251e-05 8.9996e+00 1.4998e+13 4.0002e+01 0.15000
1.4135e-05 8.9995e+00 1.4997e+13 4.0002e+01 0.15000
1.5078e-05 8.9994e+00 1.4997e+13 4.0003e+01 0.15000
1.6085e-05 8.9993e+00 1.4997e+13 4.0003e+01 0.15000
1.7158e-05 8.9993e+00 1.4996e+13 4.0003e+01 0.15000
1.8303e-05 8.9992e+00 1.4996e+13 4.0004e+01 0.15000
1.9525e-05 8.9990e+00 1.4995e+13 4.0004e+01 0.15000
2.0828e-05 8.9989e+00 1.4995e+13 4.0005e+01 0.15000
2.2217e-05 8.9988e+00 1.4994e+13 4.0006e+01 0.15000
2.3700e-05 8.9986e+00 1.4993e+13 4.0006e+01 0.15000
2.5282e-05 8.9984e+00 1.4992e+13 4.0007e+01 0.15000
2.6969e-05 8.9982e+00 1.4991e+13 4.0008e+01 0.15000
2.8769e-05 8.9979e+00 1.4990e+13 4.0009e+01 0.15000
3.0688e-05 8.9976e+00 1.4988e+13 4.0011e+01 0.15000
3.2736e-05 8.9973e+00 1.4986e+13 4.0012e+01 0.15000
3.4921e-05 8.9969e+00 1.4985e+13 4.0014e+01 0.15000
3.7251e-05 8.9965e+00 1.4982e+13 4.0016e+01 0.15000
3.9737e-05 8.9960e+00 1.4980e+13 4.0018e+01 0.15000
4.2389e-05 8.9955e+00 1.4977e+13 4.0020e+01 0.15000
4.5218e-05 8.9948e+00 1.4974e+13 4.0023e+01 0.15000
4.8235e-05 8.9941e+00 1.4971e+13 4.0026e+01 0.15000
5.1454e-05 8.9933e+00 1.4967e+13 4.0030e+01 0.15000
5.4888e-05 8.9924e+00 1.4962e+13 4.0034e+01 0.15000
5.8551e-05 8.9913e+00 1.4957e+13 4.0039e+01 0.15000
6.2458e-05 8.9901e+00 1.4951e+13 4.0044e+01 0.15000
6.6627e-05 8.9888e+00 1.4944e+13 4.0050e+01 0.15000
7.1073e-05 8.9872e+00 1.4936e+13 4.0057e+01 0.15000
7.5816e-05 8.9855e+00 1.4928e+13 4.0065e+01 0.15000
8.0875e-05 8.9835e+00 1.4918e+13 4.0074e+01 0.15000
8.6272e-05 8.9812e+00 1.4906e+13 4.0084e+01 0.15000
9.2030e-05 8.9786e+00 1.4893e+13 4.0095e+01 0.15000
9.8171e-05 8.9757e+00 1.4879e+13 4.0108e+01 0.15000
1.0472e-04 8.9724e+00 1.4862e+13 4.0123e+01 0.15000
1.1171e-04 8.9686e+00 1.4843e+13 4.0140e+01 0.15000
1.1917e-04 8.9642e+00 1.4822e+13 4.0160e+01 0.15000
1.2712e-04 8.9593e+00 1.4798e+13 4.0182e+01 0.15000
1.3560e-04 8.9538e+00 1.4770e+13 4.0207e+01 0.15000
1.4465e-04 8.9474e+00 1.4739e+13 4.0235e+01 0.15000
1.5430e-04 8.9402e+00 1.4703e+13 4.0267e+01 0.15000
1.6460e-04 8.9321e+00 1.4663e+13 4.0304e+01 0.15000
1.7559e-04 8.9228e+00 1.4617e+13 4.0346e+01 0.15000
1.8730e-04 8.9123e+00 1.4566e+13 4.0394e+01 0.15000
1.9980e-04 8.9003e+00 1.4507e+13 4.0448e+01 0.15000
2.1314e-04 8.8867e+00 1.4441e+13 4.0510e+01 0.15000
2.2736e-04 8.8714e+00 1.4366e+13 4.0580e+01 0.15000
2.4253e-04 8.8540e+00 1.4282e+13 4.0660e+01 0.15000
2.5872e-04 8.8343e+00 1.4186e+13 4.0750e+01 0.15000
2.7598e-04 8.8120e+00 1.4079e+13 4.0854e+01 0.15000
2.9440e-04 8.7867e+00 1.3959e+13 4.0971e+01 0.15000
3.1405e-04 8.7582e+00 1.3823e+13 4.1104e+01 0.15000
3.3500e-04 8.7260e+00 1.3671e+13 4.1256e+01 0.15000
3.5736e-04 8.6897e+00 1.3502e+13 4.1428e+01 0.15000
3.8121e-04 8.6489e+00 1.3312e+13 4.1624e+01 0.15000
4.0665e-04 8.6029e+00 1.3101e+13 4.1846e+01 0.15000
4.3379e-04 8.5512e+00 1.2866e+13 4.2099e+01 0.15000
4.6273e-04 8.4934e+00 1.2607e+13 4.2386e+01 0.15000
4.9361e-04 8.4286e+00 1.2320e+13 4.2712e+01 0.15000
5.2655e-04 8.3562e+00 1.2006e+13 4.3082e+01 0.15000
5.6169e-04 8.2756e+00 1.1662e+13 4.3501e+01 0.15000
5.9918e-04 8.1861e+00 1.1287e+13 4.3977e+01 0.15000
6.3916e-04 8.0868e+00 1.0882e+13 4.4517e+01 0.15000
6.8182e-04 7.9773e+00 1.0445e+13 4.5128e+01 0.15000
7.2732e-04 7.8567e+00 9.9791e+12 4.5821e+01 0.15000
7.7585e-04 7.7246e+00 9.4841e+12 4.6604e+01 0.15000
8.2763e-04 7.5805e+00 8.9629e+12 4.7491e+01 0.15000
8.8286e-04 7.4239e+00 8.4189e+12 4.8492e+01 0.15000
9.4178e-04 7.2546e+00 7.8562e+12 4.9623e+01 0.15000
1.0046e-03 7.0728e+00 7.2800e+12 5.0899e+01 0.15000
1.0717e-03 6.8785e+00 6.6963e+12 5.2337e+01 0.15000
1.1432e-03 6.6721e+00 6.1116e+12 5.3956e+01 0.15000
1.2195e-03 6.4545e+00 5.5328e+12 5.5775e+01 0.15000
1.3009e-03 6.2265e+00 4.9670e+12 5.7818e+01 0.15000
1.3877e-03 5.9894e+00 4.4209e+12 6.0107e+01 0.15000
1.4803e-03 5.7446e+00 3.9007e+12 6.2668e+01 0.15000
1.5791e-03 5.4939e+00 3.4119e+12 6.5528e+01 0.15000
1.6844e-03 5.2390e+00 2.9587e+12 6.8716e+01 0.15000
1.7968e-03 4.9819e+00 2.5442e+12 7.2261e+01 0.15000
1.9167e-03 4.7246e+00 2.1700e+12 7.6196e+01 0.15000
2.0447e-03 4.4691e+00 1.8366e+12 8.0553e+01 0.15000
2.1811e-03 4.2172e+00 1.5432e+12 8.5365e+01 0.15000
2.3267e-03 3.9706e+00 1.2881e+12 9.0666e+01 0.15000
2.4819e-03 3.7309e+00 1.0686e+12 9.6490e+01 0.15000
2.6476e-03 3.4994e+00 8.8178e+11 1.0287e+02 0.15000
2.8242e-03 3.2772e+00 7.2421e+11 1.0985e+02 0.15000
3.0127e-03 3.0650e+00 5.9244e+11 1.1746e+02 0.15000
3.2138e-03 2.8634e+00 4.8305e+11 1.2573e+02 0.15000
3.4282e-03 2.6727e+00 3.9282e+11 1.3470e+02 0.15000
3.6570e-03 2.4930e+00 3.1880e+11 1.4441e+02 0.15000
3.9011e-03 2.3242e+00 2.5835e+11 1.5489e+02 0.15000
4.1614e-03 2.1662e+00 2.0916e+11 1.6619e+02 0.15000
4.4391e-03 2.0186e+00 1.6925e+11 1.7834e+02 0.15000
4.7353e-03 1.8810e+00 1.3693e+11 1.9139e+02 0.15000
5.0513e-03 1.7528e+00 1.1080e+11 2.0539e+02 0.15000
5.3884e-03 1.6335e+00 8.9684e+10 2.2039e+02 0.15000
5.7480e-03 1.5226e+00 7.2635e+10 2.3643e+02 0.15000
6.1316e-03 1.4196e+00 5.8866e+10 2.5359e+02 0.15000
6.5408e-03 1.3239e+00 4.7743e+10 2.7193e+02 0.15000
6.9773e-03 1.2349e+00 3.8753e+10 2.9151e+02 0.15000
7.4429e-03 1.1523e+00 3.1482e+10 3.1242e+02 0.15000
7.9396e-03 1.0755e+00 2.5596e+10 3.3474e+02 0.15000
8.4695e-03 1.0040e+00 2.0827e+10 3.5855e+02 0.15000
9.0347e-03 9.3760e-01 1.6960e+10 3.8396e+02 0.15000
9.6376e-03 8.7577e-01 1.3821e+10 4.1107e+02 0.15000
1.0281e-02 8.1821e-01 1.1271e+10 4.3999e+02 0.15000
1.0967e-02 7.6460e-01 9.1973e+09 4.7084e+02 0.15000
1.1699e-02 7.1464e-01 7.5098e+09 5.0375e+02 0.15000
1.2479e-02 6.6808e-01 6.1356e+09 5.3886e+02 0.15000
1.3312e-02 6.2467e-01 5.0155e+09 5.7631e+02 0.15000
1.4201e-02 5.8417e-01 4.1019e+09 6.1626e+02 0.15000
1.5148e-02 5.4639e-01 3.3563e+09 6.5887e+02 0.15000
1.6159e-02 5.1112e-01 2.7475e+09 7.0433e+02 0.15000
1.7237e-02 4.7820e-01 2.2500e+09 7.5283e+02 0.15000
1.8388e-02 4.4745e-01 1.8433e+09 8.0456e+02 0.15000
1.9615e-02 4.1873e-01 1.5107e+09 8.5974e+02 0.15000
2.0924e-02 3.9190e-01 1.2385e+09 9.1860e+02 0.15000
2.2320e-02 3.6682e-01 1.0156e+09 9.8140e+02 0.15000
2.3810e-02 3.4339e-01 8.3314e+08 1.0484e+03 0.15000
2.5399e-02 3.2148e-01 6.8361e+08 1.1198e+03 0.15000
2.7094e-02 3.0099e-01 5.6107e+08 1.1961e+03 0.15000
2.8902e-02 2.8183e-01 4.6060e+08 1.2774e+03 0.15000
3.0830e-02 2.6391e-01 3.7821e+08 1.3641e+03 0.15000
3.2888e-02 2.4715e-01 3.1062e+08 1.4566e+03 0.15000
3.5082e-02 2.3146e-01 2.5516e+08 1.5553e+03 0.15000
3.7424e-02 2.1679e-01 2.0964e+08 1.6606e+03 0.15000
3.9921e-02 2.0306e-01 1.7227e+08 1.7729e+03 0.15000
4.2585e-02 1.9020e-01 1.4158e+08 1.8927e+03 0.15000
4.5427e-02 1.7817e-01 1.1638e+08 2.0205e+03 0.15000
4.8459e-02 1.6691e-01 9.5679e+07 2.1568e+03 0.15000
5.1692e-02 1.5637e-01 7.8669e+07 2.3023e+03 0.15000
5.5142e-02 1.4650e-01 6.4691e+07 2.4574e+03 0.15000
5.8822e-02 1.3725e-01 5.3203e+07 2.6229e+03 0.15000
6.2747e-02 1.2860e-01 4.3760e+07 2.7994e+03 0.15000
6.6935e-02 1.2049e-01 3.5996e+07 2.9877e+03 0.15000
7.1402e-02 1.1290e-01 2.9613e+07 3.1886e+03 0.15000
7.6166e-02 1.0579e-01 2.4363e+07 3.4029e+03 0.15000
8.1249e-02 9.9134e-02 2.0046e+07 3.6314e+03 0.15000
8.6671e-02 9.2897e-02 1.6495e+07 3.8753e+03 0.15000
9.2455e-02 8.7054e-02 1.3575e+07 4.1354e+03 0.15000
9.8625e-02 8.1580e-02 1.1172e+07 4.4128e+03 0.15000
1.0521e-01 7.6452e-02 9.1947e+06 4.7088e+03 0.15000
1.1223e-01 7.1648e-02 7.5680e+06 5.0245e+03 0.15000
1.1972e-01 6.7147e-02 6.2295e+06 5.3613e+03 0.15000
1.2771e-01 6.2930e-02 5.1279e+06 5.7206e+03 0.15000
1.3623e-01 5.8979e-02 4.2214e+06 6.1039e+03 0.15000
1.4532e-01 5.5277e-02 3.4753e+06 6.5127e+03 0.15000
1.5502e-01 5.1808e-02 2.8612e+06 6.9488e+03 0.15000
1.6536e-01 4.8557e-02 2.3557e+06 7.4140e+03 0.15000
1.7640e-01 4.5510e-02 1.9395e+06 7.9103e+03 0.15000
1.8817e-01 4.2656e-02 1.5970e+06 8.4396e+03 0.15000
2.0073e-01 3.9981e-02 1.3150e+06 9.0043e+03 0.15000
2.1412e-01 3.7474e-02 1.0828e+06 9.6067e+03 0.15000
2.2841e-01 3.5124e-02 8.9164e+05 1.0249e+04 0.15000
2.4365e-01 3.2922e-02 7.3425e+05 1.0935e+04 0.15000
2.5991e-01 3.0859e-02 6.0465e+05 1.1666e+04 0.15000
2.7726e-01 2.8925e-02 4.9795e+05 1.2446e+04 0.15000
2.9576e-01 2.7112e-02 4.1008e+05 1.3278e+04 0.15000
3.1550e-01 2.5414e-02 3.3772e+05 1.4166e+04 0.15000
3.3655e-01 2.3821e-02 2.7814e+05 1.5112e+04 0.15000
3.5901e-01 2.2329e-02 2.2907e+05 1.6122e+04 0.15000
3.8297e-01 2.0930e-02 1.8867e+05 1.7200e+04 0.15000
4.0853e-01 1.9619e-02 1.5539e+05 1.8349e+04 0.15000
4.3579e-01 1.8391e-02 1.2798e+05 1.9575e+04 0.15000
4.6487e-01 1.7239e-02 1.0541e+05 2.0883e+04 0.15000
4.9590e-01 1.6159e-02 8.6823e+04 2.2278e+04 0.15000
5.2899e-01 1.5147e-02 7.1513e+04 2.3766e+04 0.15000
5.6429e-01 1.4199e-02 5.8904e+04 2.5354e+04 0.15000
6.0195e-01 1.3310e-02 4.8518e+04 2.7047e+04 0.15000
6.4212e-01 1.2477e-02 3.9964e+04 2.8854e+04 0.15000
6.8497e-01 1.1696e-02 3.2918e+04 3.0781e+04 0.15000
7.3068e-01 1.0963e-02 2.7115e+04 3.2836e+04 0.15000
7.7944e-01 1.0277e-02 2.2335e+04 3.5029e+04 0.15000
8.3146e-01 9.6338e-03 1.8398e+04 3.7368e+04 0.15000
8.8694e-01 9.0308e-03 1.5155e+04 3.9863e+04 0.15000
9.4613e-01 8.4656e-03 1.2483e+04 4.2525e+04 0.15000
1.0093e+00 7.9357e-03 1.0283e+04 4.5365e+04 0.15000
1.0766e+00 7.4390e-03 8.4705e+03 4.8393e+04 0.15000
1.1485e+00 6.9734e-03 6.9776e+03 5.1624e+04 0.15000
1.2251e+00 6.5370e-03 5.7478e+03 5.5071e+04 0.15000
1.3069e+00 6.1279e-03 4.7348e+03 5.8748e+04 0.15000
1.3941e+00 5.7444e-03 3.9003e+03 6.2670e+04 0.15000
1.4871e+00 5.3849e-03 3.2129e+03 6.6853e+04 0.15000
1.5864e+00 5.0479e-03 2.6467e+03 7.1316e+04 0.15000
1.6922e+00 4.7321e-03 2.1803e+03 7.6077e+04 0.15000
1.8051e+00 4.4359e-03 1.7961e+03 8.1155e+04 0.15000
1.9256e+00 4.1584e-03 1.4796e+03 8.6573e+04 0.15000
2.0541e+00 3.8982e-03 1.2188e+03 9.2351e+04 0.15000
2.1912e+00 3.6542e-03 1.0040e+03 9.8516e+04 0.15000
2.3374e+00 3.4256e-03 8.2712e+02 1.0509e+05 0.15000
2.4934e+00 3.2112e-03 6.8137e+02 1.1211e+05 0.15000
2.6598e+00 3.0103e-03 5.6130e+02 1.1959e+05 0.15000
2.8373e+00 2.8220e-03 4.6240e+02 1.2757e+05 0.15000
3.0266e+00 2.6454e-03 3.8092e+02 1.3609e+05 0.15000
3.2286e+00 2.4799e-03 3.1380e+02 1.4517e+05 0.15000
3.4441e+00 2.3247e-03 2.5850e+02 1.5486e+05 0.15000
3.6739e+00 2.1793e-03 2.1296e+02 1.6519e+05 0.15000
3.9191e+00 2.0429e-03 1.7543e+02 1.7622e+05 0.15000
4.1806e+00 1.9151e-03 1.4452e+02 1.8798e+05 0.15000
4.4596e+00 1.7953e-03 1.1906e+02 2.0053e+05 0.15000
4.7572e+00 1.6829e-03 9.8079e+01 2.1391e+05 0.15000
5.0747e+00 1.5777e-03 8.0797e+01 2.2819e+05 0.15000
5.4134e+00 1.4789e-03 6.6561e+01 2.4342e+05 0.15000
5.7746e+00 1.3864e-03 5.4833e+01 2.5966e+05 0.15000
6.1600e+00 1.2997e-03 4.5172e+01 2.7699e+05 0.15000
6.5711e+00 1.2184e-03 3.7213e+01 2.9548e+05 0.15000
7.0096e+00 1.1421e-03 3.0656e+01 3.1520e+05 0.15000
7.4773e+00 1.0707e-03 2.5255e+01 3.3623e+05 0.15000
7.9763e+00 1.0037e-03 2.0805e+01 3.5867e+05 0.15000
8.5086e+00 9.4090e-04 1.7140e+01 3.8261e+05 0.15000
9.0764e+00 8.8204e-04 1.4120e+01 4.0815e+05 0.15000
9.6822e+00 8.2686e-04 1.1632e+01 4.3538e+05 0.15000
1.0328e+01 7.7513e-04 9.5825e+00 4.6444e+05 0.15000
1.1018e+01 7.2663e-04 7.8942e+00 4.9544e+05 0.15000
1.1753e+01 6.8117e-04 6.5033e+00 5.2850e+05 0.15000
1.2537e+01 6.3856e-04 5.3575e+00 5.6377e+05 0.15000
1.3374e+01 5.9861e-04 4.4136e+00 6.0139e+05 0.15000
1.4266e+01 5.6116e-04 3.6360e+00 6.4153e+05 0.15000
1.5218e+01 5.2605e-04 2.9954e+00 6.8434e+05 0.15000
1.6234e+01 4.9314e-04 2.4676e+00 7.3001e+05 0.15000
1.7317e+01 4.6229e-04 2.0329e+00 7.7873e+05 0.15000
1.8473e+01 4.3337e-04 1.6747e+00 8.3070e+05 0.15000
1.9706e+01 4.0626e-04 1.3796e+00 8.8614e+05 0.15000
2.1021e+01 3.8084e-04 1.1366e+00 9.4527e+05 0.15000
2.2423e+01 3.5702e-04 9.3633e-01 1.0084e+06 0.15000
2.3920e+01 3.3468e-04 7.7136e-01 1.0757e+06 0.15000
2.5516e+01 3.1374e-04 6.3546e-01 1.1474e+06 0.15000
2.7219e+01 2.9412e-04 5.2350e-01 1.2240e+06 0.15000
2.9035e+01 2.7572e-04 4.3127e-01 1.3057e+06 0.15000
3.0973e+01 2.5847e-04 3.5529e-01 1.3928e+06 0.15000
3.3040e+01 2.4230e-04 2.9269e-01 1.4858e+06 0.15000
3.5245e+01 2.2714e-04 2.4112e-01 1.5849e+06 0.15000
3.7597e+01 2.1293e-04 1.9864e-01 1.6907e+06 0.15000
4.0106e+01 1.9961e-04 1.6364e-01 1.8035e+06 0.15000
4.2782e+01 1.8712e-04 1.3481e-01 1.9239e+06 0.15000
4.5637e+01 1.7541e-04 1.1106e-01 2.0523e+06 0.15000
4.8683e+01 1.6444e-04 9.1494e-02 2.1892e+06 0.15000
5.1931e+01 1.5415e-04 7.5374e-02 2.3353e+06 0.15000
5.5397e+01 1.4451e-04 6.2095e-02 2.4912e+06 0.15000
5.9094e+01 1.3547e-04 5.1155e-02 2.6574e+06 0.15000
6.3038e+01 1.2699e-04 4.2142e-02 2.8348e+06 0.15000
6.7244e+01 1.1905e-04 3.4717e-02 3.0240e+06 0.15000
7.1732e+01 1.1160e-04 2.8601e-02 3.2258e+06 0.15000
7.6519e+01 1.0462e-04 2.3562e-02 3.4410e+06 0.15000
8.1625e+01 9.8075e-05 1.9411e-02 3.6707e+06 0.15000
8.7072e+01 9.1940e-05 1.5991e-02 3.9156e+06 0.15000
9.2883e+01 8.6188e-05 1.3174e-02 4.1769e+06 0.15000
9.9081e+01 8.0796e-05 1.0853e-02 4.4557e+06 0.15000
1.0569e+02 7.5741e-05 8.9406e-03 4.7530e+06 0.15000
1.1275e+02 7.1003e-05 7.3654e-03 5.0702e+06 0.15000
1.2027e+02 6.6561e-05 6.0677e-03 5.4086e+06 0.15000
1.2830e+02 6.2397e-05 4.9987e-03 5.7695e+06 0.15000
1.3686e+02 5.8494e-05 4.1180e-03 6.1545e+06 0.15000
1.4599e+02 5.4834e-05 3.3925e-03 6.5652e+06 0.15000
1.5573e+02 5.1404e-05 2.7948e-03 7.0034e+06 0.15000
1.6613e+02 4.8188e-05 2.3024e-03 7.4707e+06 0.15000
1.7721e+02 4.5174e-05 1.8968e-03 7.9693e+06 0.15000
1.8904e+02 4.2347e-05 1.5626e-03 8.5011e+06 0.15000
2.0166e+02 3.9698e-05 1.2873e-03 9.0684e+06 0.15000
2.1511e+02 3.7215e-05 1.0605e-03 9.6736e+06 0.15000
2.2947e+02 3.4887e-05 8.7366e-04 1.0319e+07 0.15000
2.4478e+02 3.2704e-05 7.1973e-04 1.1008e+07 0.15000
2.6112e+02 3.0658e-05 5.9293e-04 1.1742e+07 0.15000
2.7854e+02 2.8740e-05 4.8847e-04 1.2526e+07 0.15000
2.9713e+02 2.6942e-05 4.0241e-04 1.3362e+07 0.15000
3.1696e+02 2.5257e-05 3.3151e-04 1.4254e+07 0.15000
3.3811e+02 2.3677e-05 2.7311e-04 1.5205e+07 0.15000
3.6067e+02 2.2196e-05 2.2499e-04 1.6219e+07 0.15000
3.8474e+02 2.0807e-05 1.8535e-04 1.7302e+07 0.15000
4.1042e+02 1.9505e-05 1.5269e-04 1.8456e+07 0.15000
4.3781e+02 1.8285e-05 1.2579e-04 1.9688e+07 0.15000
4.6702e+02 1.7141e-05 1.0363e-04 2.1002e+07 0.15000
4.9819e+02 1.6069e-05 8.5373e-05 2.2404e+07 0.15000
5.3144e+02 1.5064e-05 7.0332e-05 2.3899e+07 0.15000
5.6690e+02 1.4121e-05 5.7941e-05 2.5494e+07 0.15000
6.0473e+02 1.3238e-05 4.7733e-05 2.7195e+07 0.15000
6.4509e+02 1.2410e-05 3.9323e-05 2.9010e+07 0.15000
6.8814e+02 1.1633e-05 3.2395e-05 3.0946e+07 0.15000
7.3406e+02 1.0906e-05 2.6688e-05 3.3011e+07 0.15000
7.8305e+02 1.0223e-05 2.1986e-05 3.5214e+07 0.15000
8.3530e+02 9.5838e-06 1.8112e-05 3.7564e+07 0.15000
8.9105e+02 8.9842e-06 1.4921e-05 4.0070e+07 0.15000
9.5051e+02 8.4222e-06 1.2292e-05 4.2744e+07 0.15000
1.0139e+03 7.8953e-06 1.0127e-05 4.5597e+07 0.15000
1.0816e+03 7.4014e-06 8.3425e-06 4.8640e+07 0.15000
1.1538e+03 6.9383e-06 6.8727e-06 5.1886e+07 0.15000
1.2308e+03 6.5043e-06 5.6619e-06 5.5348e+07 0.15000
1.3129e+03 6.0974e-06 4.6644e-06 5.9042e+07 0.15000
1.4005e+03 5.7159e-06 3.8426e-06 6.2982e+07 0.15000
1.4940e+03 5.3583e-06 3.1656e-06 6.7185e+07 0.15000
1.5937e+03 5.0231e-06 2.6079e-06 7.1668e+07 0.15000
1.7000e+03 4.7089e-06 2.1484e-06 7.6451e+07 0.15000
1.8135e+03 4.4143e-06 1.7699e-06 8.1553e+07 0.15000
1.9345e+03 4.1382e-06 1.4581e-06 8.6995e+07 0.15000
2.0636e+03 3.8793e-06 1.2012e-06 9.2801e+07 0.15000
2.2013e+03 3.6366e-06 9.8957e-07 9.8994e+07 0.15000
2.3482e+03 3.4091e-06 8.1523e-07 1.0560e+08 0.15000
2.5049e+03 3.1958e-06 6.7160e-07 1.1265e+08 0.15000
2.6721e+03 2.9959e-06 5.5328e-07 1.2016e+08 0.15000
2.8504e+03 2.8085e-06 4.5580e-07 1.2818e+08 0.15000
3.0406e+03 2.6328e-06 3.7550e-07 1.3674e+08 0.15000
3.2436e+03 2.4681e-06 3.0934e-07 1.4586e+08 0.15000
3.4600e+03 2.3137e-06 2.5484e-07 1.5560e+08 0.15000
3.6909e+03 2.1689e-06 2.0994e-07 1.6598e+08 0.15000
3.9372e+03 2.0332e-06 1.7295e-07 1.7706e+08 0.15000
4.2000e+03 1.9060e-06 1.4248e-07 1.8887e+08 0.15000
4.4803e+03 1.7868e-06 1.1738e-07 2.0148e+08 0.15000
4.7792e+03 1.6750e-06 9.6700e-08 2.1492e+08 0.15000
5.0982e+03 1.5702e-06 7.9663e-08 2.2926e+08 0.15000
5.4384e+03 1.4720e-06 6.5628e-08 2.4456e+08 0.15000
5.8013e+03 1.3799e-06 5.4066e-08 2.6089e+08 0.15000
6.1885e+03 1.2936e-06 4.4540e-08 2.7830e+08 0.15000
6.6014e+03 1.2127e-06 3.6693e-08 2.9687e+08 0.15000
7.0420e+03 1.1368e-06 3.0228e-08 3.1668e+08 0.15000
7.5119e+03 1.0657e-06 2.4903e-08 3.3781e+08 0.15000
8.0132e+03 9.9902e-07 2.0515e-08 3.6035e+08 0.15000
8.5480e+03 9.3652e-07 1.6901e-08 3.8440e+08 0.15000
9.1184e+03 8.7793e-07 1.3923e-08 4.1006e+08 0.15000
9.7269e+03 8.2301e-07 1.1470e-08 4.3742e+08 0.15000
1.0376e+04 7.7152e-07 9.4494e-09 4.6661e+08 0.15000
1.1068e+04 7.2326e-07 7.7846e-09 4.9775e+08 0.15000
1.1807e+04 6.7801e-07 6.4131e-09 5.3097e+08 0.15000
1.2595e+04 6.3559e-07 5.2833e-09 5.6640e+08 0.15000
1.3436e+04 5.9583e-07 4.3524e-09 6.0420e+08 0.15000
1.4332e+04 5.5856e-07 3.5856e-09 6.4452e+08 0.15000
1.5289e+04 5.2361e-07 2.9539e-09 6.8753e+08 0.15000
1.6309e+04 4.9086e-07 2.4335e-09 7.3341e+08 0.15000
1.7397e+04 4.6015e-07 2.0047e-09 7.8235e+08 0.15000
1.8558e+04 4.3136e-07 1.6515e-09 8.3456e+08 0.15000
1.9797e+04 4.0438e-07 1.3606e-09 8.9026e+08 0.15000
2.1118e+04 3.7908e-07 1.1209e-09 9.4967e+08 0.15000
2.2527e+04 3.5536e-07 9.2339e-10 1.0130e+09 0.15000
2.4030e+04 3.3313e-07 7.6071e-10 1.0806e+09 0.15000
2.5634e+04 3.1229e-07 6.2669e-10 1.1528e+09 0.15000
2.7345e+04 2.9276e-07 5.1628e-10 1.2297e+09 0.15000
2.9170e+04 2.7444e-07 4.2532e-10 1.3118e+09 0.15000
3.1116e+04 2.5727e-07 3.5038e-10 1.3993e+09 0.15000
3.3193e+04 2.4118e-07 2.8865e-10 1.4927e+09 0.15000
3.5408e+04 2.2609e-07 2.3780e-10 1.5923e+09 0.15000
3.7771e+04 2.1195e-07 1.9590e-10 1.6985e+09 0.15000
4.0291e+04 1.9869e-07 1.6139e-10 1.8119e+09 0.15000
4.2980e+04 1.8626e-07 1.3295e-10 1.9328e+09 0.15000
4.5848e+04 1.7461e-07 1.0953e-10 2.0618e+09 0.15000
4.8908e+04 1.6368e-07 9.0233e-11 2.1994e+09 0.15000
5.2172e+04 1.5344e-07 7.4336e-11 2.3462e+09 0.15000
5.5653e+04 1.4384e-07 6.1239e-11 2.5027e+09 0.15000
5.9367e+04 1.3484e-07 5.0450e-11 2.6697e+09 0.15000
6.3329e+04 1.2641e-07 4.1562e-11 2.8479e+09 0.15000
6.7555e+04 1.1850e-07 3.4239e-11 3.0380e+09 0.15000
7.2064e+04 1.1109e-07 2.8207e-11 3.2407e+09 0.15000
7.6873e+04 1.0414e-07 2.3237e-11 3.4570e+09 0.15000
8.2003e+04 9.7623e-08 1.9143e-11 3.6877e+09 0.15000
8.7475e+04 9.1516e-08 1.5771e-11 3.9337e+09 0.15000
9.3313e+04 8.5791e-08 1.2992e-11 4.1963e+09 0.15000
9.9540e+04 8.0424e-08 1.0703e-11 4.4763e+09 0.15000
1.0618e+05 7.5392e-08 8.8175e-12 4.7750e+09 0.15000
1.1327e+05 7.0676e-08 7.2640e-12 5.0937e+09 0.15000
1.2083e+05 6.6254e-08 5.9842e-12 5.4336e+09 0.15000
1.2889e+05 6.2110e-08 4.9299e-12 5.7962e+09 0.15000
1.3749e+05 5.8224e-08 4.0614e-12 6.1830e+09 0.15000
1.4667e+05 5.4582e-08 3.3458e-12 6.5956e+09 0.15000
1.5645e+05 5.1167e-08 2.7564e-12 7.0358e+09 0.15000
1.6690e+05 4.7966e-08 2.2707e-12 7.5053e+09 0.15000
1.7803e+05 4.4965e-08 1.8707e-12 8.0062e+09 0.15000
1.8991e+05 4.2152e-08 1.5411e-12 8.5404e+09 0.15000
2.0259e+05 3.9515e-08 1.2696e-12 9.1104e+09 0.15000
2.1611e+05 3.7043e-08 1.0459e-12 9.7183e+09 0.15000
2.3053e+05 3.4726e-08 8.6164e-13 1.0367e+10 0.15000
2.4591e+05 3.2554e-08 7.0984e-13 1.1059e+10 0.15000
2.6232e+05 3.0517e-08 5.8478e-13 1.1797e+10 0.15000
2.7983e+05 2.8608e-08 4.8175e-13 1.2584e+10 0.15000
2.9850e+05 2.6818e-08 3.9687e-13 1.3424e+10 0.15000
3.1842e+05 2.5140e-08 3.2695e-13 1.4320e+10 0.15000
3.3967e+05 2.3568e-08 2.6935e-13 1.5275e+10 0.15000
3.6234e+05 2.2093e-08 2.2190e-13 1.6295e+10 0.15000
3.8652e+05 2.0711e-08 1.8280e-13 1.7382e+10 0.15000
4.1232e+05 1.9416e-08 1.5060e-13 1.8542e+10 0.15000
4.3983e+05 1.8201e-08 1.2406e-13 1.9779e+10 0.15000
4.6918e+05 1.7062e-08 1.0221e-13 2.1099e+10 0.15000
5.0049e+05 1.5995e-08 8.4199e-14 2.2507e+10 0.15000
5.3389e+05 1.4994e-08 6.9365e-14 2.4009e+10 0.15000
5.6952e+05 1.4056e-08 5.7144e-14 2.5611e+10 0.15000
6.0753e+05 1.3177e-08 4.7076e-14 2.7321e+10 0.15000
6.4807e+05 1.2353e-08 3.8782e-14 2.9144e+10 0.15000
6.9132e+05 1.1580e-08 3.1950e-14 3.1089e+10 0.15000
7.3745e+05 1.0855e-08 2.6321e-14 3.3163e+10 0.15000
7.8667e+05 1.0176e-08 2.1683e-14 3.5376e+10 0.15000
8.3917e+05 9.5396e-09 1.7863e-14 3.7737e+10 0.15000
8.9517e+05 8.9428e-09 1.4716e-14 4.0256e+10 0.15000
9.5490e+05 8.3834e-09 1.2123e-14 4.2942e+10 0.15000
1.0186e+06 7.8589e-09 9.9874e-15 4.5808e+10 0.15000
1.0866e+06 7.3673e-09 8.2278e-15 4.8865e+10 0.15000
1.1591e+06 6.9064e-09 6.7783e-15 5.2126e+10 0.15000
1.2365e+06 6.4743e-09 5.5841e-15 5.5604e+10 0.15000
1.3190e+06 6.0693e-09 4.6002e-15 5.9315e+10 0.15000
1.4070e+06 5.6896e-09 3.7898e-15 6.3273e+10 0.15000
1.5009e+06 5.3337e-09 3.1221e-15 6.7496e+10 0.15000
1.6011e+06 5.0000e-09 2.5720e-15 7.2000e+10 0.15000
1.7079e+06 4.6872e-09 2.1189e-15 7.6805e+10 0.15000
1.8219e+06 4.3940e-09 1.7456e-15 8.1930e+10 0.15000
1.9435e+06 4.1191e-09 1.4380e-15 8.7398e+10 0.15000
2.0732e+06 3.8614e-09 1.1847e-15 9.3230e+10 0.15000
2.2115e+06 3.6198e-09 9.7597e-16 9.9452e+10 0.15000
2.3591e+06 3.3934e-09 8.0402e-16 1.0609e+11 0.15000
2.5165e+06 3.1811e-09 6.6237e-16 1.1317e+11 0.15000
2.6845e+06 2.9821e-09 5.4567e-16 1.2072e+11 0.15000
2.8636e+06 2.7955e-09 4.4953e-16 1.2878e+11 0.15000
3.0547e+06 2.6207e-09 3.7033e-16 1.3737e+11 0.15000
3.2586e+06 2.4567e-09 3.0509e-16 1.4654e+11 0.15000
3.4760e+06 2.3030e-09 2.5134e-16 1.5632e+11 0.15000
3.7080e+06 2.1589e-09 2.0706e-16 1.6675e+11 0.15000
3.9554e+06 2.0239e-09 1.7058e-16 1.7788e+11 0.15000
4.2194e+06 1.8973e-09 1.4052e-16 1.8975e+11 0.15000
4.5010e+06 1.7786e-09 1.1577e-16 2.0241e+11 0.15000
4.8013e+06 1.6673e-09 9.5371e-17 2.1592e+11 0.15000
5.1218e+06 1.5630e-09 7.8568e-17 2.3033e+11 0.15000
5.4636e+06 1.4652e-09 6.4726e-17 2.4570e+11 0.15000
5.8282e+06 1.3736e-09 5.3322e-17 2.6209e+11 0.15000
6.2171e+06 1.2876e-09 4.3928e-17 2.7958e+11 0.15000
6.6320e+06 1.2071e-09 3.6189e-17 2.9824e+11 0.15000
7.0746e+06 1.1316e-09 2.9813e-17 3.1814e+11 0.15000
7.5467e+06 1.0608e-09 2.4560e-17 3.3937e+11 0.15000
8.0503e+06 9.9442e-10 2.0233e-17 3.6202e+11 0.15000
8.5875e+06 9.3221e-10 1.6669e-17 3.8618e+11 0.15000
9.1606e+06 8.7389e-10 1.3732e-17 4.1195e+11 0.15000
9.7719e+06 8.1922e-10 1.1313e-17 4.3944e+11 0.15000
1.0424e+07 7.6797e-10 9.3195e-18 4.6877e+11 0.15000
1.1120e+07 7.1993e-10 7.6776e-18 5.0005e+11 0.15000
1.1862e+07 6.7489e-10 6.3250e-18 5.3342e+11 0.15000
1.2653e+07 6.3267e-10 5.2106e-18 5.6902e+11 0.15000
1.3498e+07 5.9309e-10 4.2926e-18 6.0699e+11 0.15000
1.4398e+07 5.5598e-10 3.5363e-18 6.4750e+11 0.15000
1.5359e+07 5.2120e-10 2.9133e-18 6.9071e+11 0.15000
1.6384e+07 4.8860e-10 2.4000e-18 7.3680e+11 0.15000
1.7478e+07 4.5803e-10 1.9772e-18 7.8597e+11 0.15000
1.8644e+07 4.2938e-10 1.6288e-18 8.3842e+11 0.15000
1.9888e+07 4.0252e-10 1.3419e-18 8.9438e+11 0.15000
2.1216e+07 3.7733e-10 1.1055e-18 9.5406e+11 0.15000
2.2631e+07 3.5373e-10 9.1070e-19 1.0177e+12 0.15000
2.4142e+07 3.3160e-10 7.5025e-19 1.0856e+12 0.15000
2.5753e+07 3.1086e-10 6.1807e-19 1.1581e+12 0.15000
2.7471e+07 2.9141e-10 5.0918e-19 1.2354e+12 0.15000
2.9304e+07 2.7318e-10 4.1947e-19 1.3178e+12 0.15000
3.1260e+07 2.5609e-10 3.4557e-19 1.4058e+12 0.15000
3.3346e+07 2.4007e-10 2.8468e-19 1.4996e+12 0.15000
3.5572e+07 2.2505e-10 2.3453e-19 1.5997e+12 0.15000
3.7945e+07 2.1097e-10 1.9321e-19 1.7064e+12 0.15000
4.0478e+07 1.9777e-10 1.5917e-19 1.8203e+12 0.15000
4.3179e+07 1.8540e-10 1.3113e-19 1.9418e+12 0.15000
4.6060e+07 1.7380e-10 1.0802e-19 2.0713e+12 0.15000
4.9134e+07 1.6293e-10 8.8993e-20 2.2096e+12 0.15000
5.2413e+07 1.5274e-10 7.3314e-20 2.3570e+12 0.15000
5.5911e+07 1.4318e-10 6.0397e-20 2.5143e+12 0.15000
5.9642e+07 1.3422e-10 4.9756e-20 2.6821e+12 0.15000
6.3622e+07 1.2583e-10 4.0990e-20 2.8611e+12 0.15000
6.7868e+07 1.1795e-10 3.3769e-20 3.0520e+12 0.15000
7.2397e+07 1.1058e-10 2.7819e-20 3.2557e+12 0.15000
7.7228e+07 1.0366e-10 2.2918e-20 3.4729e+12 0.15000
8.2382e+07 9.7174e-11 1.8880e-20 3.7047e+12 0.15000
8.7880e+07 9.1094e-11 1.5554e-20 3.9519e+12 0.15000
9.3744e+07 8.5396e-11 1.2814e-20 4.2157e+12 0.15000
1.0000e+08 8.0053e-11 1.0556e-20 4.4970e+12 0.15000
