# 1:A 2:Y(A) 3:X(A)
    1     5.36036234889115E-07     5.36036234889115E-07
    2     6.21801446269125E-16     1.24360289253825E-15
    3     1.90462168449625E-08     5.71386505348875E-08
    4     3.43776836543940E-04     1.37510734617576E-03
    5     0.00000000000000E+00     0.00000000000000E+00
    6     1.92183071800669E-08     1.15309843080401E-07
    7     1.67447769649414E-09     1.17213438754590E-08
    8     0.00000000000000E+00     0.00000000000000E+00
    9     8.75568977816568E-07     7.88012080034911E-06
   10     3.64223947741603E-07     3.64223947741603E-06
   11     2.20430826285570E-08     2.42473908914126E-07
   12     6.55595918667868E-07     7.86715102401441E-06
   13     6.78413330616466E-08     8.81937329801406E-07
   14     5.00783145279606E-08     7.01096403391448E-07
   15     1.00295106078725E-05     1.50442659118087E-04
   16     1.84178206160301E-07     2.94685129856481E-06
   17     2.29972369396510E-09     3.90953027974066E-08
   18     1.99007938328784E-07     3.58214288991811E-06
   19     8.16238765010165E-07     1.55085365351931E-05
   20     9.04399069109525E-07     1.80879813821905E-05
   21     1.42370296030948E-07     2.98977621664992E-06
   22     4.16538439977250E-06     9.16384567949949E-05
   23     1.08006887389198E-09     2.48415840995155E-08
   24     2.38511005743254E-08     5.72426413783810E-07
   25     8.39085129414965E-08     2.09771282353741E-06
   26     3.80685203099530E-09     9.89781528058779E-08
   27     9.90214695496588E-10     2.67357967784079E-08
   28     1.14455082330804E-09     3.20474230526251E-08
   29     6.64043999098790E-10     1.92572759738649E-08
   30     1.63138389054101E-09     4.89415167162304E-08
   31     2.78873133385862E-09     8.64506713496172E-08
   32     9.87058662008891E-09     3.15858771842845E-07
   33     8.80287955651820E-09     2.90495025365101E-07
   34     1.10270798780458E-08     3.74920715853557E-07
   35     6.66303874677952E-09     2.33206356137283E-07
   36     1.81910118683676E-09     6.54876427261235E-08
   37     6.91877815463878E-09     2.55994791721635E-07
   38     3.61918026042544E-09     1.37528849896167E-07
   39     5.80345441110921E-10     2.26334722033259E-08
   40     1.73887101138010E-09     6.95548404552040E-08
   41     4.61814482357684E-09     1.89343937766650E-07
   42     4.29037283925342E-08     1.80195659248644E-06
   43     6.46352588812743E-09     2.77931613189479E-07
   44     1.02833133474082E-08     4.52465787285961E-07
   45     2.31207197760279E-08     1.04043238992125E-06
   46     1.05459370290328E-08     4.85113103335508E-07
   47     1.48623685616001E-09     6.98531322395205E-08
   48     2.56539447413676E-09     1.23138934758564E-07
   49     9.02893721462411E-10     4.42417923516581E-08
   50     3.05918275181873E-09     1.52959137590936E-07
   51     2.96696144673142E-09     1.51315033783302E-07
   52     4.45508285940624E-09     2.31664308689124E-07
   53     1.13665044876353E-09     6.02424737844671E-08
   54     5.21861122681386E-10     2.81805006247948E-08
   55     2.54697424553020E-10     1.40083583504161E-08
   56     1.13530344742252E-09     6.35769930556613E-08
   57     1.78633401779050E-09     1.01821039014058E-07
   58     1.07227691123354E-09     6.21920608515451E-08
   59     1.04571966490937E-09     6.16974602296528E-08
   60     7.39855697674420E-10     4.43913418604652E-08
   61     1.71733407177397E-09     1.04757378378212E-07
   62     4.74306370686085E-09     2.94069949825373E-07
   63     6.32251159423312E-09     3.98318230436686E-07
   64     3.61823906304520E-09     2.31567300034893E-07
   65     6.11654444350338E-09     3.97575388827720E-07
   66     5.85651202187898E-09     3.86529793444013E-07
   67     8.27435229363783E-09     5.54381603673735E-07
   68     1.17441938881491E-08     7.98605184394136E-07
   69     1.84809814257959E-08     1.27518771837992E-06
   70     2.39835907550482E-08     1.67885135285338E-06
   71     2.97786982252984E-08     2.11428757399619E-06
   72     4.23137636022833E-08     3.04659097936440E-06
   73     6.52079545845368E-08     4.76018068467119E-06
   74     7.45576927654551E-08     5.51726926464368E-06
   75     1.36405511538338E-07     1.02304133653753E-05
   76     2.47674441300038E-07     1.88232575388029E-05
   77     4.44482455010058E-07     3.42251490357745E-05
   78     3.26120170330432E-07     2.54373732857737E-05
   79     4.11564738323881E-07     3.25136143275866E-05
   80     6.30796936561868E-07     5.04637549249494E-05
   81     1.03595412958789E-06     8.39122844966194E-05
   82     1.67292955595664E-06     1.37180223588445E-04
   83     2.17302156698890E-06     1.80360790060079E-04
   84     2.24942703526531E-06     1.88951870962286E-04
   85     1.57527518792732E-06     1.33898390973822E-04
   86     3.05001641599580E-06     2.62301411775639E-04
   87     4.21684819225989E-06     3.66865792726611E-04
   88     6.48712150677528E-06     5.70866692596224E-04
   89     6.44350925740841E-06     5.73472323909348E-04
   90     5.91894940933077E-06     5.32705446839769E-04
   91     6.59729543657340E-06     6.00353884728180E-04
   92     1.12328116732650E-05     1.03341867394038E-03
   93     7.95807477319442E-06     7.40100953907081E-04
   94     6.26566058998153E-06     5.88972095458263E-04
   95     1.43490731694229E-05     1.36316195109517E-03
   96     1.13836784231830E-05     1.09283312862557E-03
   97     1.23972494070621E-05     1.20253319248503E-03
   98     1.16329451001976E-05     1.14002861981937E-03
   99     1.52226031166801E-05     1.50703770855133E-03
  100     1.72011870506035E-05     1.72011870506035E-03
  101     1.75062956925369E-05     1.76813586494623E-03
  102     2.06015994007969E-05     2.10136313888128E-03
  103     2.63919077460733E-05     2.71836649784555E-03
  104     2.35679184499545E-05     2.45106351879527E-03
  105     3.08828607252201E-05     3.24270037614811E-03
  106     2.57579312225946E-05     2.73034070959503E-03
  107     2.53075838598023E-05     2.70791147299885E-03
  108     2.23387111295133E-05     2.41258080198743E-03
  109     3.66423213100202E-05     3.99401302279220E-03
  110     3.46822279554325E-05     3.81504507509758E-03
  111     4.05460155759081E-05     4.50060772892580E-03
  112     2.59605318758194E-05     2.90757957009178E-03
  113     3.53861941180486E-05     3.99863993533949E-03
  114     3.35800352186001E-05     3.82812401492041E-03
  115     2.63163726969445E-05     3.02638286014861E-03
  116     3.10751768506854E-05     3.60472051467951E-03
  117     4.38267478761746E-05     5.12772950151242E-03
  118     3.14571677257993E-05     3.71194579164432E-03
  119     3.40992907479216E-05     4.05781559900267E-03
  120     2.72476865732644E-05     3.26972238879173E-03
  121     5.32830652136292E-05     6.44725089084914E-03
  122     2.64487356335645E-05     3.22674574729487E-03
  123     4.49036005984442E-05     5.52314287360864E-03
  124     2.55440220318641E-05     3.16745873195114E-03
  125     7.54621855650583E-05     9.43277319563228E-03
  126     9.98684439903732E-05     1.25834239427870E-02
  127     1.07003903706069E-04     1.35894957706708E-02
  128     8.94812948054171E-05     1.14536057350934E-02
  129     1.08134466871810E-04     1.39493462264635E-02
  130     6.83380002272408E-05     8.88394002954131E-03
  131     1.04810763166776E-04     1.37302099748477E-02
  132     9.17651099140587E-05     1.21129945086557E-02
  133     6.90349883706477E-05     9.18165345329615E-03
  134     1.14612149369611E-04     1.53580280155278E-02
  135     5.52914099747100E-05     7.46434034658585E-03
  136     1.19937745952008E-04     1.63115334494732E-02
  137     6.26079392214430E-05     8.57728767333770E-03
  138     6.97267257072340E-05     9.62228814759829E-03
  139     2.32061220781837E-05     3.22565096886753E-03
  140     8.48141233678629E-05     1.18739772715008E-02
  141     7.25841861165709E-05     1.02343702424365E-02
  142     5.41424061368866E-05     7.68822167143790E-03
  143     4.62522024885722E-05     6.61406495586583E-03
  144     4.28916531792509E-05     6.17639805781212E-03
  145     4.95189589690444E-05     7.18024905051144E-03
  146     4.65978996907411E-05     6.80329335484820E-03
  147     6.17098428696867E-05     9.07134690184394E-03
  148     4.45349221564258E-05     6.59116847915101E-03
  149     3.84639416721584E-05     5.73112730915160E-03
  150     3.86346068607370E-05     5.79519102911055E-03
  151     4.83685981237827E-05     7.30365831669119E-03
  152     3.69567617515201E-05     5.61742778623106E-03
  153     3.27212749621551E-05     5.00635506920974E-03
  154     3.25777549638180E-05     5.01697426442797E-03
  155     2.94194082224283E-05     4.56000827447639E-03
  156     3.07467172529216E-05     4.79648789145577E-03
  157     2.91193923155508E-05     4.57174459354148E-03
  158     3.58374506823729E-05     5.66231720781492E-03
  159     2.81694525528501E-05     4.47894295590316E-03
  160     3.54061739798495E-05     5.66498783677592E-03
  161     3.20019290088458E-05     5.15231057042417E-03
  162     3.37078515029349E-05     5.46067194347545E-03
  163     3.28628770303524E-05     5.35664895594744E-03
  164     3.16359149289982E-05     5.18829004835570E-03
  165     2.14528372771400E-05     3.53971815072809E-03
  166     1.94191415822407E-05     3.22357750265196E-03
  167     2.20072005478860E-05     3.67520249149696E-03
  168     1.92433495338976E-05     3.23288272169480E-03
  169     1.29284103506004E-05     2.18490134925147E-03
  170     1.81319287957903E-05     3.08242789528435E-03
  171     1.42422602797784E-05     2.43542650784211E-03
  172     1.56026878371447E-05     2.68366230798890E-03
  173     1.14365907199824E-05     1.97853019455696E-03
  174     1.87195951065869E-05     3.25720954854611E-03
  175     1.07663894294019E-05     1.88411815014533E-03
  176     1.60686163094435E-05     2.82807647046206E-03
  177     1.37564010626581E-05     2.43488298809049E-03
  178     1.98224371561315E-05     3.52839381379141E-03
  179     1.15547987349545E-05     2.06830897355686E-03
  180     1.29302180058686E-05     2.32743924105635E-03
  181     1.06507332193409E-05     1.92778271270070E-03
  182     1.14512637152899E-05     2.08412999618276E-03
  183     5.82463891417224E-06     1.06590892129352E-03
  184     6.02951829243384E-06     1.10943136580783E-03
  185     3.64338717173418E-06     6.74026626770824E-04
  186     4.17512535171304E-06     7.76573315418625E-04
  187     3.16026950331084E-06     5.90970397119127E-04
  188     7.60962387317873E-06     1.43060928815760E-03
  189     1.36942522062077E-05     2.58821366697326E-03
  190     3.54056028951479E-05     6.72706455007809E-03
  191     3.73595425043137E-05     7.13567261832391E-03
  192     1.14233666147458E-04     2.19328639003120E-02
  193     2.00562033275532E-04     3.87084724221777E-02
  194     2.91635639480110E-04     5.65773140591414E-02
  195     3.94294440070986E-04     7.68874158138424E-02
  196     2.53193671847297E-04     4.96259596820702E-02
  197     1.86869504325636E-04     3.68132923521503E-02
  198     8.25773968622410E-05     1.63503245787237E-02
  199     4.94521329285999E-05     9.84097445279137E-03
  200     6.84371904957688E-06     1.36874380991538E-03
  201     2.38521393876497E-06     4.79428001691759E-04
  202     4.71792646206432E-07     9.53021145336993E-05
  203     4.35704260230557E-07     8.84479648268031E-05
  204     5.00616647696440E-07     1.02125796130074E-04
  205     3.63099704737975E-07     7.44354394712848E-05
  206     6.44875435939095E-07     1.32844339803454E-04
  207     1.33166877041861E-05     2.75655435476653E-03
  208     1.84757725610677E-05     3.84296069270208E-03
  209     1.27408241192059E-05     2.66283224091402E-03
  210     1.16561325416517E-05     2.44778783374686E-03
  211     3.12041304187506E-11     6.58407151835637E-09
  212     1.37260634047898E-09     2.90992544181543E-07
  213     1.48066898887098E-13     3.15382494629518E-11
  214     2.29616589819088E-14     4.91379502212849E-12
  215     2.91331709984897E-17     6.26363176467529E-15
  216     4.75085587384130E-15     1.02618486874972E-12
  217     1.82129312549037E-18     3.95220608231411E-16
  218     1.46068673286576E-15     3.18429707764735E-13
  219     5.37630941253565E-14     1.17741176134531E-11
  220     1.82171708596724E-12     4.00777758912793E-10
  221     1.55024813419198E-14     3.42604837656426E-12
  222     2.79656475516367E-12     6.20837375646335E-10
  223     1.34130131353679E-08     2.99110192918705E-06
  224     1.02884871285964E-08     2.30462111680559E-06
  225     1.16410268559896E-10     2.61923104259766E-08
  226     1.29907701297366E-05     2.93591404932048E-03
  227     9.31401453090053E-06     2.11428129851442E-03
  228     1.61435217859874E-05     3.68072296720512E-03
  229     1.35148525117032E-05     3.09490122518003E-03
  230     1.99581802437533E-05     4.59038145606325E-03
  231     1.50261414113785E-05     3.47103866602843E-03
  232     2.57740462639698E-05     5.97957873324098E-03
  233     1.84764985969355E-05     4.30502417308598E-03
  234     3.05912920652953E-05     7.15836234327910E-03
  235     2.76539392413851E-05     6.49867572172549E-03
  236     6.59546777479452E-05     1.55653039485151E-02
  237     5.51726693041444E-05     1.30759226250822E-02
  238     7.14022352877917E-05     1.69937319984944E-02
  239     6.38222218642558E-05     1.52535110255571E-02
  240     5.98523152227257E-05     1.43645556534542E-02
  241     3.54251071101162E-05     8.53745081353800E-03
  242     2.81310463879301E-05     6.80771322587907E-03
  243     1.94903998590498E-05     4.73616716574911E-03
  244     1.88800739638773E-05     4.60673804718607E-03
  245     1.50713060934047E-05     3.69246999288416E-03
  246     1.97845932120610E-05     4.86700993016699E-03
  247     9.88719641938057E-06     2.44213751558700E-03
  248     2.42332891991728E-05     6.00985572139486E-03
  249     2.95485474257061E-05     7.35758830900083E-03
  250     2.48999366819329E-05     6.22498417048323E-03
  251     2.52656798363932E-05     6.34168563893470E-03
  252     1.84068188339590E-05     4.63851834615766E-03
  253     3.12028543792222E-11     7.89432215794322E-09
  254     2.73284904667348E-07     6.94143657855063E-05
  255     1.85799612171862E-09     4.73789011038247E-07
  256     0.00000000000000E+00     0.00000000000000E+00
  257     4.16921036558371E-11     1.07148706395501E-08
  258     0.00000000000000E+00     0.00000000000000E+00
  259     0.00000000000000E+00     0.00000000000000E+00
  260     0.00000000000000E+00     0.00000000000000E+00
  261     0.00000000000000E+00     0.00000000000000E+00
  262     0.00000000000000E+00     0.00000000000000E+00
  263     0.00000000000000E+00     0.00000000000000E+00
  264     0.00000000000000E+00     0.00000000000000E+00
  265     0.00000000000000E+00     0.00000000000000E+00
  266     0.00000000000000E+00     0.00000000000000E+00
  267     0.00000000000000E+00     0.00000000000000E+00
  268     0.00000000000000E+00     0.00000000000000E+00
  269     0.00000000000000E+00     0.00000000000000E+00
  270     0.00000000000000E+00     0.00000000000000E+00
  271     0.00000000000000E+00     0.00000000000000E+00
  272     0.00000000000000E+00     0.00000000000000E+00
  273     0.00000000000000E+00     0.00000000000000E+00
  274     0.00000000000000E+00     0.00000000000000E+00
  275     0.00000000000000E+00     0.00000000000000E+00
  276     0.00000000000000E+00     0.00000000000000E+00
  277     0.00000000000000E+00     0.00000000000000E+00
  278     0.00000000000000E+00     0.00000000000000E+00
  279     0.00000000000000E+00     0.00000000000000E+00
  280     0.00000000000000E+00     0.00000000000000E+00
  281     0.00000000000000E+00     0.00000000000000E+00
  282     0.00000000000000E+00     0.00000000000000E+00
  283     0.00000000000000E+00     0.00000000000000E+00
  284     0.00000000000000E+00     0.00000000000000E+00
  285     0.00000000000000E+00     0.00000000000000E+00
  286     0.00000000000000E+00     0.00000000000000E+00
  287     0.00000000000000E+00     0.00000000000000E+00
  288     0.00000000000000E+00     0.00000000000000E+00
  289     0.00000000000000E+00     0.00000000000000E+00
  290     0.00000000000000E+00     0.00000000000000E+00
  291     0.00000000000000E+00     0.00000000000000E+00
  292     0.00000000000000E+00     0.00000000000000E+00
  293     0.00000000000000E+00     0.00000000000000E+00
  294     0.00000000000000E+00     0.00000000000000E+00
  295     0.00000000000000E+00     0.00000000000000E+00
  296     0.00000000000000E+00     0.00000000000000E+00
  297     0.00000000000000E+00     0.00000000000000E+00
  298     0.00000000000000E+00     0.00000000000000E+00
  299     0.00000000000000E+00     0.00000000000000E+00
  300     0.00000000000000E+00     0.00000000000000E+00
  301     0.00000000000000E+00     0.00000000000000E+00
  302     0.00000000000000E+00     0.00000000000000E+00
  303     0.00000000000000E+00     0.00000000000000E+00
  304     0.00000000000000E+00     0.00000000000000E+00
  305     0.00000000000000E+00     0.00000000000000E+00
  306     0.00000000000000E+00     0.00000000000000E+00
  307     0.00000000000000E+00     0.00000000000000E+00
  308     0.00000000000000E+00     0.00000000000000E+00
  309     0.00000000000000E+00     0.00000000000000E+00
  310     0.00000000000000E+00     0.00000000000000E+00
  311     0.00000000000000E+00     0.00000000000000E+00
  312     0.00000000000000E+00     0.00000000000000E+00
  313     0.00000000000000E+00     0.00000000000000E+00
  314     0.00000000000000E+00     0.00000000000000E+00
  315     0.00000000000000E+00     0.00000000000000E+00
  316     0.00000000000000E+00     0.00000000000000E+00
  317     0.00000000000000E+00     0.00000000000000E+00
  318     0.00000000000000E+00     0.00000000000000E+00
  319     0.00000000000000E+00     0.00000000000000E+00
  320     0.00000000000000E+00     0.00000000000000E+00
  321     0.00000000000000E+00     0.00000000000000E+00
  322     0.00000000000000E+00     0.00000000000000E+00
  323     0.00000000000000E+00     0.00000000000000E+00
  324     0.00000000000000E+00     0.00000000000000E+00
  325     0.00000000000000E+00     0.00000000000000E+00
  326     0.00000000000000E+00     0.00000000000000E+00
  327     0.00000000000000E+00     0.00000000000000E+00
  328     0.00000000000000E+00     0.00000000000000E+00
  329     0.00000000000000E+00     0.00000000000000E+00
  330     0.00000000000000E+00     0.00000000000000E+00
  331     0.00000000000000E+00     0.00000000000000E+00
  332     0.00000000000000E+00     0.00000000000000E+00
  333     0.00000000000000E+00     0.00000000000000E+00
  334     0.00000000000000E+00     0.00000000000000E+00
  335     0.00000000000000E+00     0.00000000000000E+00
  336     0.00000000000000E+00     0.00000000000000E+00
  337     0.00000000000000E+00     0.00000000000000E+00
