# 1:A 2:Z 3:N 4:Yi 5:Xi
    1      0      1     1.33364282832419E-13   1.33364282832419E-13
    1      1      0     5.36036101524832E-07   5.36036101524832E-07
    2      1      1     6.21801446269125E-16   1.24360289253825E-15
    3      1      2     1.76353312463226E-08   5.29059937389677E-08
    3      2      1     1.41088559863996E-09   4.23265679591987E-09
    4      2      2     3.43776836543940E-04   1.37510734617576E-03
    6      3      3     1.92183071800669E-08   1.15309843080401E-07
    7      3      4     1.67447769642744E-09   1.17213438749921E-08
    7      4      3     6.66953816527081E-20   4.66867671568957E-19
    9      4      5     8.75568977816568E-07   7.88012080034911E-06
   10      4      6     3.64223636213130E-07   3.64223636213130E-06
   10      5      5     3.11528473212078E-13   3.11528473212078E-12
   11      5      6     2.20430826285570E-08   2.42473908914126E-07
   12      6      6     6.55595918667868E-07   7.86715102401441E-06
   13      6      7     6.78413330616466E-08   8.81937329801406E-07
   14      6      8     4.96025269016221E-08   6.94435376622709E-07
   14      7      7     4.75787626338446E-10   6.66102676873824E-09
   15      7      8     1.00295106078725E-05   1.50442659118087E-04
   16      8      8     1.84178206160301E-07   2.94685129856481E-06
   17      8      9     2.29972369396510E-09   3.90953027974066E-08
   18      8     10     1.99007938328784E-07   3.58214288991811E-06
   19      9     10     8.16238765010165E-07   1.55085365351931E-05
   20     10     10     9.04399069109525E-07   1.80879813821905E-05
   21     10     11     1.42370296030948E-07   2.98977621664992E-06
   22     10     12     4.16538439977250E-06   9.16384567949949E-05
   23     11     12     1.08006887389198E-09   2.48415840995155E-08
   24     12     12     2.38511005743254E-08   5.72426413783810E-07
   25     12     13     8.39085129414965E-08   2.09771282353741E-06
   26     12     14     3.80685203099530E-09   9.89781528058779E-08
   27     13     14     9.90214695496588E-10   2.67357967784079E-08
   28     14     14     1.14455082330804E-09   3.20474230526251E-08
   29     14     15     6.64043999098790E-10   1.92572759738649E-08
   30     14     16     1.63138389054101E-09   4.89415167162304E-08
   31     15     16     2.78873133385862E-09   8.64506713496172E-08
   32     14     18     9.80958089838142E-09   3.13906588748205E-07
   32     15     17     2.49869730316933E-12   7.99583137014185E-11
   32     16     16     5.85070244043266E-11   1.87222478093845E-09
   33     15     18     1.49464818486505E-14   4.93233901005467E-13
   33     16     17     8.80286461003635E-09   2.90494532131200E-07
   34     16     18     1.10270798780458E-08   3.74920715853557E-07
   35     16     19     1.30595691888800E-10   4.57084921610800E-09
   35     17     18     6.53244305489072E-09   2.28635506921175E-07
   36     16     20     1.81910118300607E-09   6.54876425882185E-08
   36     17     19     3.83069362114144E-18   1.37904970361092E-16
   37     17     20     6.91877815463878E-09   2.55994791721635E-07
   38     18     20     3.61918026042544E-09   1.37528849896167E-07
   39     18     21     5.78302498509850E-10   2.25537974418842E-08
   39     19     20     2.04294260107051E-12   7.96747614417498E-11
   40     18     22     1.73887101138010E-09   6.95548404552040E-08
   41     19     22     4.61814482357684E-09   1.89343937766650E-07
   42     18     24     4.16861122425832E-08   1.75081671418849E-06
   42     19     23     1.77973772054654E-12   7.47489842629548E-11
   42     20     22     1.21583641223043E-09   5.10651293136782E-08
   43     20     23     6.46352588812743E-09   2.77931613189479E-07
   44     20     24     1.02833133474082E-08   4.52465787285961E-07
   45     20     25     2.75075148598052E-09   1.23783816869124E-07
   45     21     24     2.03699682900474E-08   9.16648573052131E-07
   46     20     26     1.05459370137982E-08   4.85113102634718E-07
   46     21     25     2.52704363561166E-19   1.16244007238137E-17
   46     22     24     1.49818604807209E-17   6.89165582113161E-16
   47     22     25     1.48623685616001E-09   6.98531322395205E-08
   48     22     26     2.56539447413676E-09   1.23138934758564E-07
   49     22     27     9.02893721462411E-10   4.42417923516581E-08
   50     22     28     3.05918275181873E-09   1.52959137590936E-07
   51     23     28     2.96696144673142E-09   1.51315033783302E-07
   52     24     28     4.45508285940624E-09   2.31664308689124E-07
   53     24     29     1.13665044876353E-09   6.02424737844671E-08
   54     24     30     5.21861122681386E-10   2.81805006247948E-08
   55     25     30     2.54697424553020E-10   1.40083583504161E-08
   56     26     30     1.13530344742252E-09   6.35769930556613E-08
   57     26     31     1.78633401779050E-09   1.01821039014058E-07
   58     26     32     1.07227691123354E-09   6.21920608515451E-08
   59     26     33     4.88318986171141E-13   2.88108201840973E-11
   59     27     32     1.04523134592320E-09   6.16686494094687E-08
   60     26     34     7.39855427292997E-10   4.43913256375798E-08
   60     27     33     2.47108928660856E-16   1.48265357196514E-14
   60     28     32     2.32724943502860E-17   1.39634966101716E-15
   61     28     33     1.71733407177397E-09   1.04757378378212E-07
   62     28     34     4.74306370686085E-09   2.94069949825373E-07
   63     28     35     6.26344228546840E-09   3.94596863984509E-07
   63     29     34     5.90693087647130E-11   3.72136645217692E-09
   64     28     36     3.61823906301965E-09   2.31567300033258E-07
   64     30     34     2.55429779896133E-20   1.63475059133525E-18
   65     29     36     6.11654444350338E-09   3.97575388827720E-07
   66     30     36     5.85651202187898E-09   3.86529793444013E-07
   67     30     37     8.27435229363783E-09   5.54381603673735E-07
   68     30     38     1.17441938881491E-08   7.98605184394136E-07
   69     31     38     1.84809814257959E-08   1.27518771837992E-06
   70     30     40     2.39834281615627E-08   1.67883997130939E-06
   70     32     38     1.62593485551746E-13   1.13815439886222E-11
   71     31     40     2.97786982252984E-08   2.11428757399619E-06
   72     32     40     4.23137636022833E-08   3.04659097936440E-06
   73     32     41     6.52079545845368E-08   4.76018068467119E-06
   74     32     42     7.45576927654551E-08   5.51726926464368E-06
   75     33     42     1.36405511538338E-07   1.02304133653753E-05
   76     32     44     2.47671611412829E-07   1.88230424673750E-05
   76     34     42     2.82988720913833E-12   2.15071427894513E-10
   77     34     43     4.44482455010058E-07   3.42251490357745E-05
   78     34     44     3.26120170330432E-07   2.54373732857737E-05
   79     34     45     4.11563414595767E-07   3.25135097530656E-05
   79     35     44     1.32372811351165E-12   1.04574520967421E-10
   80     34     46     6.30796936561868E-07   5.04637549249494E-05
   81     32     49     1.43101956375896E-20   1.15912584664476E-18
   81     33     48     6.27060134771259E-20   5.07918709164720E-18
   81     34     47     2.09020486974272E-18   1.69306594449161E-16
   81     35     46     1.03595412958573E-06   8.39122844964438E-05
   82     32     50     6.85374163605902E-20   5.62006814156839E-18
   82     33     49     3.18691825837910E-19   2.61327297187086E-17
   82     34     48     1.67285357819280E-06   1.37173993411809E-04
   82     36     46     7.59777634591891E-11   6.23017660365351E-09
   83     32     51     5.81405698936022E-20   4.82566730116898E-18
   83     33     50     7.64679560953025E-19   6.34684035591011E-17
   83     34     49     7.67522562373100E-17   6.37043726769673E-15
   83     35     48     4.94917037151882E-16   4.10781140836062E-14
   83     36     47     2.17302156641641E-06   1.80360790012562E-04
   84     32     52     3.54504347778301E-20   2.97783652133773E-18
   84     33     51     4.46161645552079E-19   3.74775782263746E-17
   84     34     50     4.17566308796891E-17   3.50755699389388E-15
   84     35     49     4.06920157924757E-16   3.41812932656796E-14
   84     36     48     2.24942703481615E-06   1.88951870924556E-04
   85     32     53     1.75703366460319E-20   1.49347861491271E-18
   85     33     52     3.21871667488364E-19   2.73590917365110E-17
   85     34     51     5.66207381834389E-18   4.81276274559230E-16
   85     35     50     2.99510300656529E-17   2.54583755558050E-15
   85     36     49     1.44212203935721E-06   1.22580373345363E-04
   85     37     48     1.33153148534159E-07   1.13180176254035E-05
   86     33     53     1.83210568010826E-19   1.57561088489310E-17
   86     34     52     5.32725713685641E-18   4.58144113769651E-16
   86     35     51     2.18168188477813E-17   1.87624642090919E-15
   86     36     50     3.05001641556746E-06   2.62301411738802E-04
   86     38     48     4.01012402703715E-16   3.44870666325195E-14
   87     33     54     9.80102125329491E-20   8.52688849036658E-18
   87     34     53     3.36263835820040E-18   2.92549537163435E-16
   87     35     52     4.15223174267367E-17   3.61244161612609E-15
   87     36     51     3.74446487211592E-15   3.25768443874085E-13
   87     37     50     4.21684818838739E-06   3.66865792389703E-04
   87     38     49     8.30544246066383E-17   7.22573494077753E-15
   88     33     55     1.72989216100029E-20   1.52230510168025E-18
   88     34     54     1.27183682119238E-18   1.11921640264929E-16
   88     35     53     2.23405185582843E-17   1.96596563312902E-15
   88     36     52     1.62076436272912E-14   1.42627263920162E-12
   88     37     51     1.70023062837250E-15   1.49620295296780E-13
   88     38     50     6.48712148884377E-06   5.70866691018252E-04
   89     34     55     3.40391984954643E-19   3.02948866609632E-17
   89     35     54     8.82259062606195E-18   7.85210565719513E-16
   89     36     53     5.06170465065225E-16   4.50491713908050E-14
   89     37     52     2.43563111324036E-15   2.16771169078392E-13
   89     38     51     7.54217831575651E-09   6.71253870102330E-07
   89     39     50     6.43596707614169E-06   5.72801069776610E-04
   90     34     56     4.01787565096915E-19   3.61608808587224E-17
   90     35     55     5.58315812868223E-18   5.02484231581400E-16
   90     36     54     1.20402107689369E-16   1.08361896920432E-14
   90     37     53     5.94679505484263E-16   5.35211554935836E-14
   90     38     52     5.72779452939062E-06   5.15501507645156E-04
   90     39     51     1.45112482987500E-09   1.30601234688750E-07
   90     40     50     1.89703754389212E-07   1.70733378950291E-05
   91     34     57     9.38516307925078E-20   8.54049840211821E-18
   91     35     56     1.68855515782415E-18   1.53658519361997E-16
   91     36     55     5.25283090520677E-17   4.78007612373816E-15
   91     37     54     3.74504478589029E-16   3.40799075516016E-14
   91     38     53     2.22639063413185E-13   2.02601547705998E-11
   91     39     52     1.93049518998657E-08   1.75675062288778E-06
   91     40     51     6.57799026160566E-06   5.98597113806115E-04
   92     34     58     2.10227564251754E-20   1.93409359111614E-18
   92     35     57     9.36404659295725E-19   8.61492286552067E-17
   92     36     56     1.59241195906122E-17   1.46501900233632E-15
   92     37     55     4.59845155106738E-17   4.23057542698199E-15
   92     38     54     1.00315486023832E-13   9.22902471419253E-12
   92     39     53     1.33003468305192E-13   1.22363190840777E-11
   92     40     52     1.12328114398832E-05   1.03341865246925E-03
   93     35     58     1.71665185095303E-19   1.59648622138632E-17
   93     36     57     1.20998902763970E-17   1.12528979570492E-15
   93     37     56     8.26554779931507E-17   7.68695945336301E-15
   93     38     55     7.33060848801406E-15   6.81746589385307E-13
   93     39     54     6.01797050934703E-13   5.59671257369274E-11
   93     40     53     7.95806947931403E-06   7.40100461576205E-04
   93     41     52     4.68465780240762E-12   4.35673175623909E-10
   94     35     59     5.24756235993725E-20   4.93270861834102E-18
   94     36     58     1.91526381817159E-18   1.80034798908129E-16
   94     37     57     5.61329712183019E-17   5.27649929452037E-15
   94     38     56     1.70339647174629E-15   1.60119268344151E-13
   94     39     55     2.53635294071248E-14   2.38417176426973E-12
   94     40     54     6.26566056285650E-06   5.88972092908511E-04
   95     36     59     7.50468004616565E-19   7.12944604385737E-17
   95     37     58     9.91308682400035E-18   9.41743248280033E-16
   95     38     57     8.23981272976696E-16   7.82782209327862E-14
   95     39     56     2.14617696530876E-14   2.03886811704332E-12
   95     40     55     6.82545999268677E-08   6.48418699305243E-06
   95     41     54     8.09434820718101E-08   7.68963079682196E-06
   95     42     53     1.41998750651278E-05   1.34898813118714E-03
   96     36     60     2.71619919393743E-19   2.60755122617993E-17
   96     37     59     5.46776458402500E-18   5.24905400066400E-16
   96     38     58     5.14617045208470E-17   4.94032363400131E-15
   96     39     57     2.66123090430246E-16   2.55478166813036E-14
   96     40     56     5.08822629865233E-12   4.88469724670624E-10
   96     41     55     4.20432206240348E-12   4.03614917990734E-10
   96     42     54     1.13836691303114E-05   1.09283223650989E-03
   97     36     61     7.81416641931116E-20   7.57974142673182E-18
   97     37     60     3.58929757806562E-18   3.48161865072365E-16
   97     38     59     2.36515686782765E-17   2.29420216179282E-15
   97     39     58     2.37212793446756E-16   2.30096409643353E-14
   97     40     57     3.84230105718229E-12   3.72703202546682E-10
   97     41     56     2.75920951874746E-13   2.67643323318504E-11
   97     42     55     1.23972452885756E-05   1.20253279299183E-03
   98     36     62     1.46379670390596E-20   1.43452076982784E-18
   98     37     61     1.26530002091884E-18   1.23999402050046E-16
   98     38     60     4.12818294521538E-17   4.04561928631107E-15
   98     39     59     4.87020694948177E-17   4.77280281049214E-15
   98     40     58     2.82010171284856E-15   2.76369967859158E-13
   98     41     57     2.62727308804906E-16   2.57472762628808E-14
   98     42     56     1.16329450970235E-05   1.14002861950831E-03
   99     37     62     2.80051996924570E-19   2.77251476955324E-17
   99     38     61     1.47856492153454E-17   1.46377927231920E-15
   99     39     60     1.67324002070249E-16   1.65650762049547E-14
   99     40     59     2.51368424751144E-16   2.48854740503632E-14
   99     41     58     1.79684171753493E-15   1.77887330035958E-13
   99     42     57     2.85861905018980E-11   2.83003285968790E-09
   99     43     56     1.52225066712666E-05   1.50702816045540E-03
   99     44     55     6.78569923748541E-11   6.71784224511056E-09
  100     37     63     7.78696419686814E-20   7.78696419686814E-18
  100     38     62     7.38340915738804E-18   7.38340915738804E-16
  100     39     61     9.42269131536149E-17   9.42269131536149E-15
  100     40     60     1.11448818853160E-15   1.11448818853160E-13
  100     41     59     2.36750510114911E-16   2.36750510114911E-14
  100     42     58     1.72011602553832E-05   1.72011602553832E-03
  100     44     56     2.67937673515150E-11   2.67937673515150E-09
  101     37     64     1.00786262180615E-20   1.01794124802421E-18
  101     38     63     2.05269352734132E-18   2.07322046261473E-16
  101     39     62     5.39842632022715E-17   5.45241058342942E-15
  101     40     61     4.43395405089764E-16   4.47829359140662E-14
  101     41     60     1.40763221406246E-15   1.42170853620309E-13
  101     42     59     1.73908039058818E-13   1.75647119449406E-11
  101     43     58     1.66771782277157E-13   1.68439500099928E-11
  101     44     57     1.75062953499500E-05   1.76813583034495E-03
  102     38     64     4.09058439620129E-19   4.17239608412532E-17
  102     39     63     3.03094977765340E-17   3.09156877320647E-15
  102     40     62     6.33835034210855E-16   6.46511734895072E-14
  102     41     61     1.05136800322473E-15   1.07239536328923E-13
  102     42     60     1.66073494790774E-13   1.69394964686590E-11
  102     43     59     1.29331744238775E-15   1.31918379123551E-13
  102     44     58     2.06015992317141E-05   2.10136312163484E-03
  103     38     65     9.58105099016305E-20   9.86848251986794E-18
  103     39     64     1.09411783163453E-17   1.12694136658356E-15
  103     40     63     2.80572492499057E-16   2.88989667274029E-14
  103     41     62     4.25690802363666E-16   4.38461526434576E-14
  103     42     61     1.93892383610390E-14   1.99709155118701E-12
  103     43     60     1.55695456260973E-14   1.60366319948803E-12
  103     44     59     5.65274104498737E-09   5.82232327633699E-07
  103     45     58     2.63862549693522E-05   2.71778426184328E-03
  104     38     66     1.00049608073045E-20   1.04051592395966E-18
  104     39     65     3.65256388359625E-18   3.79866643894010E-16
  104     40     64     1.51111598076012E-16   1.57156061999052E-14
  104     41     63     1.59025947400858E-15   1.65386985296892E-13
  104     42     62     2.07855343342331E-14   2.16169557076024E-12
  104     43     61     3.81265689782462E-13   3.96516317373761E-11
  104     44     60     2.35679156102476E-05   2.45106322346575E-03
  104     46     58     2.43591060952710E-12   2.53334703390819E-10
  105     39     66     4.33202602596934E-19   4.54862732726781E-17
  105     40     65     6.87408491989251E-17   7.21778916588713E-15
  105     41     64     9.68609575163006E-16   1.01704005392116E-13
  105     42     63     1.39896740752158E-14   1.46891577789766E-12
  105     43     62     1.79904837750277E-13   1.88900079637791E-11
  105     44     61     6.31393112971289E-12   6.62962768619854E-10
  105     45     60     5.01938211690394E-11   5.27035122274914E-09
  105     46     59     3.08828040225355E-05   3.24269442236623E-03
  106     39     67     6.04330376542533E-20   6.40590199135085E-18
  106     40     66     8.91776717688064E-18   9.45283320749347E-16
  106     41     65     2.61621121855218E-16   2.77318389166531E-14
  106     42     64     3.69514468703049E-15   3.91685336825232E-13
  106     43     63     1.53950962436279E-14   1.63188020182456E-12
  106     44     62     1.01703252951325E-05   1.07805448128405E-03
  106     45     61     9.53649187330296E-12   1.01086813857011E-09
  106     46     60     1.55875963716093E-05   1.65228521539059E-03
  107     40     67     2.04141076877145E-18   2.18430952258546E-16
  107     41     66     5.59727344204364E-17   5.98908258298670E-15
  107     42     65     1.46147869341893E-15   1.56378220195826E-13
  107     43     64     9.64058667036966E-15   1.03154277372955E-12
  107     44     63     1.02452141797003E-13   1.09623791722793E-11
  107     45     62     5.91955632800041E-13   6.33392527096044E-11
  107     46     61     2.53075794639160E-05   2.70791100263901E-03
  107     47     60     3.69031846586657E-12   3.94864075847724E-10
  108     40     68     2.37288192968970E-19   2.56271248406487E-17
  108     41     67     2.10749876772326E-17   2.27609866914113E-15
  108     42     66     4.17519512422375E-16   4.50921073416165E-14
  108     43     65     2.52919139166653E-15   2.73152670299985E-13
  108     44     64     1.34778725140686E-13   1.45561023151940E-11
  108     45     63     8.29427295453570E-15   8.95781479089856E-13
  108     46     62     2.23387109834722E-05   2.41258078621500E-03
  109     40     69     3.18017054519227E-20   3.46638589425958E-18
  109     41     68     3.68864183091271E-18   4.02061959569486E-16
  109     42     67     1.84892168974233E-16   2.01532464181914E-14
  109     43     66     4.17043313526129E-16   4.54577211743481E-14
  109     44     65     1.73892731793377E-14   1.89543077654781E-12
  109     45     64     4.03373632285230E-14   4.39677259190901E-12
  109     46     63     2.48734289669023E-11   2.71120375739235E-09
  109     47     62     3.66422963782589E-05   3.99401030523022E-03
  110     41     69     7.65782224260673E-19   8.42360446686741E-17
  110     42     68     4.24102295102131E-17   4.66512524612344E-15
  110     43     67     4.10976892258720E-16   4.52074581484592E-14
  110     44     66     5.94220107357586E-15   6.53642118093345E-13
  110     45     65     7.85774744888689E-15   8.64352219377558E-13
  110     46     64     3.46818542799597E-05   3.81500397079557E-03
  110     48     62     3.73661218722328E-10   4.11027340594561E-08
  111     41     70     8.07882785036937E-20   8.96749891391000E-18
  111     42     69     1.42294756018111E-17   1.57947179180103E-15
  111     43     68     1.18266807230606E-16   1.31276156025972E-14
  111     44     67     1.03093307471543E-15   1.14433571293412E-13
  111     45     66     5.43786487519049E-15   6.03603001146145E-13
  111     46     65     6.92163857000750E-13   7.68301881270833E-11
  111     47     64     3.21181350831016E-10   3.56511299422428E-08
  111     48     63     4.05456936957920E-05   4.50057200023291E-03
  112     42     70     2.31780045870931E-18   2.59593651375443E-16
  112     43     69     6.26797848435605E-17   7.02013590247878E-15
  112     44     68     7.65435264209755E-16   8.57287495914926E-14
  112     45     67     2.02746601198711E-15   2.27076193342556E-13
  112     46     66     3.54833263996706E-11   3.97413255676310E-09
  112     47     65     5.29720619279286E-12   5.93287093592800E-10
  112     48     64     2.59604910924289E-05   2.90757500235204E-03
  113     42     71     3.12440801132417E-19   3.53058105279631E-17
  113     43     70     1.61884141330383E-17   1.82929079703333E-15
  113     44     69     2.90449713865159E-16   3.28208176667629E-14
  113     45     68     1.24008473031599E-15   1.40129574525707E-13
  113     46     67     4.14401008294952E-14   4.68273139373295E-12
  113     47     66     8.60243032747816E-12   9.72074627005032E-10
  113     48     65     3.53861854726311E-05   3.99863895840732E-03
  114     42     72     3.44058420051789E-20   3.92226598859039E-18
  114     43     71     5.25738265307949E-18   5.99341622451062E-16
  114     44     70     1.23456321079977E-16   1.40740206031173E-14
  114     45     69     7.10882822829879E-16   8.10406418026062E-14
  114     46     68     5.74372792627694E-14   6.54784983595571E-12
  114     47     67     1.82258170802306E-15   2.07774314714629E-13
  114     48     66     3.35800351585006E-05   3.82812400806907E-03
  115     43     72     6.77829135496208E-19   7.79503505820639E-17
  115     44     71     3.97457766811709E-17   4.57076431833465E-15
  115     45     70     3.12889054237414E-16   3.59822412373026E-14
  115     46     69     8.80104713737433E-15   1.01212042079805E-12
  115     47     68     4.23332150781862E-13   4.86831973399142E-11
  115     48     67     6.79124833953004E-11   7.80993559045955E-09
  115     49     66     2.63163043519745E-05   3.02637500047707E-03
  115     50     65     5.62205834537920E-20   6.46536709718608E-18
  116     43     73     7.57168304949695E-20   8.78315233741646E-18
  116     44     72     9.90436556874118E-18   1.14890640597398E-15
  116     45     71     1.53217510959643E-16   1.77732312713186E-14
  116     46     70     3.57490401821827E-15   4.14688866113319E-13
  116     47     69     7.26819088045965E-14   8.43110142133319E-12
  116     48     68     3.10751624986112E-05   3.60471884983890E-03
  116     50     66     1.42756541843353E-11   1.65597588538290E-09
  117     43     74     1.27339183679495E-20   1.48986844905009E-18
  117     44     73     1.87807530910814E-18   2.19734811165652E-16
  117     45     72     5.62715010203844E-17   6.58376561938498E-15
  117     46     71     1.04876258978400E-15   1.22705223004728E-13
  117     47     70     1.87075398100193E-14   2.18878215777226E-12
  117     48     69     2.30417139616281E-12   2.69588053351048E-10
  117     49     68     6.66074872278575E-13   7.79307600565933E-11
  117     50     67     4.38267448861138E-05   5.12772915167532E-03
  118     44     74     3.13219398762082E-19   3.69598890539257E-17
  118     45     73     1.49583477465801E-17   1.76508503409645E-15
  118     46     72     3.36338751973529E-16   3.96879727328765E-14
  118     47     71     7.86095363770006E-16   9.27592529248607E-14
  118     48     70     6.34250047360460E-13   7.48415055885343E-11
  118     49     69     1.05007795359898E-15   1.23909198524680E-13
  118     50     68     3.14571670893615E-05   3.71194571654466E-03
  119     44     75     4.24808282877110E-20   5.05521856623760E-18
  119     45     74     3.03290166414702E-18   3.60915298033496E-16
  119     46     73     9.97626361391698E-17   1.18717537005612E-14
  119     47     72     8.20279964068304E-16   9.76133157241282E-14
  119     48     71     2.69759326185173E-14   3.21013598160356E-12
  119     49     70     2.41314183006686E-14   2.87163877777956E-12
  119     50     69     3.40992906958911E-05   4.05781559281104E-03
  120     45     75     5.37048775648295E-19   6.44458530777954E-17
  120     46     74     2.65035419281322E-17   3.18042503137586E-15
  120     47     73     1.48638617335397E-16   1.78366340802477E-14
  120     48     72     6.69622111759237E-15   8.03546534111085E-13
  120     49     71     4.06582150293048E-16   4.87898580351658E-14
  120     50     70     2.72476865659860E-05   3.26972238791831E-03
  121     45     76     9.25120136292825E-20   1.11939536491432E-17
  121     46     75     5.44089923553150E-18   6.58348807499311E-16
  121     47     74     6.10088189055850E-17   7.38206708757578E-15
  121     48     73     1.35156020708709E-15   1.63538785057538E-13
  121     49     72     2.33395154282807E-15   2.82408136682196E-13
  121     50     71     9.84515786277916E-12   1.19126410139628E-09
  121     51     70     5.32830553647193E-05   6.44724969913104E-03
  122     46     76     8.67732416937738E-19   1.05863354866404E-16
  122     47     75     2.21713510636725E-17   2.70490482976805E-15
  122     48     74     3.83500597242768E-16   4.67870728636177E-14
  122     49     73     1.14431142713845E-16   1.39605994110890E-14
  122     50     72     2.64485623541221E-05   3.22672460720289E-03
  122     52     70     1.73278921433993E-10   2.11400284149472E-08
  123     46     77     1.58978805549882E-19   1.95543930826354E-17
  123     47     76     5.25192330370288E-18   6.45986566355454E-16
  123     48     75     1.05192992633722E-16   1.29387380939478E-14
  123     49     74     3.55381315894539E-16   4.37119018550283E-14
  123     50     73     3.14916102166086E-06   3.87346805664286E-04
  123     51     72     4.17544395763174E-05   5.13579606788704E-03
  124     47     77     9.47001239451044E-19   1.17428153691929E-16
  124     48     76     3.82187880486820E-17   4.73912971803657E-15
  124     49     75     1.37484354543219E-16   1.70480599633592E-14
  124     50     74     2.55439874835130E-05   3.16745444795561E-03
  124     51     73     1.29530137310561E-13   1.60617370265095E-11
  124     52     72     3.44186443067592E-11   4.26791189403814E-09
  125     47     78     2.17866768990579E-19   2.72333461238224E-17
  125     48     77     1.08437349336614E-17   1.35546686670768E-15
  125     49     76     8.17163823255214E-17   1.02145477906902E-14
  125     50     75     3.15852471615500E-11   3.94815589519374E-09
  125     51     74     5.40411375220429E-05   6.75514219025536E-03
  125     52     73     2.14210164576755E-05   2.67762705720943E-03
  126     47     79     2.60303583197078E-20   3.27982514828318E-18
  126     48     78     3.58221186598284E-18   4.51358695113838E-16
  126     49     77     4.21198894593521E-17   5.30710607187836E-15
  126     50     76     9.98669964233951E-05   1.25832415493478E-02
  126     51     75     1.50407739026718E-11   1.89513751173665E-09
  126     52     74     1.43252615844879E-09   1.80498295964547E-07
  127     48     79     9.27862880001220E-19   1.17838585760155E-16
  127     49     78     2.26278584915895E-17   2.87373802843187E-15
  127     50     77     2.76729872276293E-13   3.51446937790892E-11
  127     51     76     1.27671700541145E-11   1.62143059687254E-09
  127     52     75     1.29321742593293E-12   1.64238613093482E-10
  127     53     74     1.07003889368928E-04   1.35894939498539E-02
  128     48     80     2.02861920051300E-19   2.59663257665664E-17
  128     49     79     1.14012166508951E-17   1.45935573131457E-15
  128     50     78     1.41310466394596E-13   1.80877396985082E-11
  128     51     77     1.49752390262950E-12   1.91683059536576E-10
  128     52     76     8.94812923941793E-05   1.14536054264550E-02
  128     53     75     4.06141292111988E-20   5.19860853903344E-18
  128     54     74     7.72391725905783E-13   9.88661409159402E-11
  129     48     81     4.34083789775426E-20   5.59968088810300E-18
  129     49     80     4.34062459980392E-18   5.59940573374706E-16
  129     50     79     5.38724316371306E-15   6.94954368118984E-13
  129     51     78     9.30031604551159E-13   1.19974076987100E-10
  129     52     77     2.50844666236327E-13   3.23589619444862E-11
  129     53     76     1.08134459149027E-04   1.39493452302245E-02
  129     54     75     6.53651460711282E-12   8.43210384317554E-10
  130     49     81     8.16881179178380E-19   1.06194553293189E-16
  130     50     80     7.46861421908373E-15   9.70919848480885E-13
  130     51     79     1.74050212166363E-13   2.26265275816272E-11
  130     52     78     6.83377117883775E-05   8.88390253248908E-03
  130     53     77     3.87672613127284E-15   5.03974397065469E-13
  130     54     76     2.88253466929604E-10   3.74729507008485E-08
  131     49     82     2.27659112613255E-19   2.98233437523363E-17
  131     50     81     1.20219460582632E-15   1.57487493363248E-13
  131     51     80     1.14271835188489E-13   1.49696104096920E-11
  131     52     79     1.56284837785961E-13   2.04733137499609E-11
  131     53     78     7.34230380939271E-11   9.61841799030445E-09
  131     54     77     1.04810689471979E-04   1.37302003208293E-02
  132     49     83     3.48875972060508E-20   4.60516283119871E-18
  132     50     82     4.02510883824718E-16   5.31314366648628E-14
  132     51     81     1.29530150060411E-14   1.70979798079743E-12
  132     52     80     3.66275358491023E-11   4.83483473208150E-09
  132     53     79     1.13246076463021E-12   1.49484820931187E-10
  132     54     78     9.17650721407065E-05   1.21129895225733E-02
  133     50     83     4.97711898989449E-18   6.61956825655967E-16
  133     51     82     7.91156763345918E-15   1.05223849525007E-12
  133     52     81     1.15720670931381E-13   1.53908492338736E-11
  133     53     80     1.31277896964707E-11   1.74599602963061E-09
  133     54     79     7.99675380940414E-11   1.06356825665075E-08
  133     55     78     6.90348951516827E-05   9.18164105517380E-03
  134     50     84     8.63308674926567E-19   1.15683362440160E-16
  134     51     83     2.36349030052908E-17   3.16707700270897E-15
  134     52     82     3.88837590046892E-13   5.21042370662835E-11
  134     53     81     6.78630022184173E-13   9.09364229726792E-11
  134     54     80     1.14612104520537E-04   1.53580220057519E-02
  134     55     79     2.77870769663102E-11   3.72346831348557E-09
  134     56     78     1.59945048343018E-11   2.14326364779644E-09
  135     50     85     7.44572075308176E-20   1.00517230166604E-17
  135     51     84     1.98245386692912E-17   2.67631272035431E-15
  135     52     83     2.29438473438821E-15   3.09741939142408E-13
  135     53     82     5.84341491488662E-12   7.88861013509693E-10
  135     54     81     8.64358525312970E-12   1.16688400917251E-09
  135     55     80     5.52913721288663E-05   7.46433523739694E-03
  135     56     79     2.33565293226557E-11   3.15313145855852E-09
  136     51     85     2.98147051978905E-18   4.05479990691311E-16
  136     52     84     1.30876250992520E-15   1.77991701349827E-13
  136     53     83     2.13673393435213E-14   2.90595815071889E-12
  136     54     82     1.19934667148367E-04   1.63111147321779E-02
  136     55     81     2.02755368808683E-12   2.75747301579809E-10
  136     56     80     3.07675340915530E-09   4.18438463645120E-07
  137     51     86     3.14042087164807E-19   4.30237659415785E-17
  137     52     85     8.17575475773741E-17   1.12007840181003E-14
  137     53     84     5.41309116118773E-15   7.41593489082719E-13
  137     54     83     7.86281172619522E-14   1.07720520648874E-11
  137     55     82     6.06643439695241E-05   8.31101512382481E-03
  137     56     81     1.94359495943801E-06   2.66272509443007E-04
  137     57     80     2.08357641237181E-13   2.85449968494938E-11
  138     51     87     2.98748790427430E-20   4.12273330789854E-18
  138     52     86     1.45872696422693E-17   2.01304321063317E-15
  138     53     85     9.26911557480853E-16   1.27913794932358E-13
  138     54     84     3.08875369524156E-13   4.26248009943335E-11
  138     55     83     8.10713961790878E-13   1.11878526727141E-10
  138     56     82     6.97267217389587E-05   9.62228759997630E-03
  138     57     81     2.84774441811520E-12   3.92988729699897E-10
  139     52     87     3.56565180892935E-18   4.95625601441180E-16
  139     53     86     1.71033662082820E-16   2.37736790295120E-14
  139     54     85     1.30414990546427E-14   1.81276836859533E-12
  139     55     84     2.43348358897096E-13   3.38254218866963E-11
  139     56     83     2.20528848325969E-12   3.06535099173097E-10
  139     57     82     2.32061196163307E-05   3.22565062666997E-03
  140     52     88     4.14047770372628E-19   5.79666878521679E-17
  140     53     87     2.33744337075004E-17   3.27242071905005E-15
  140     54     86     3.32883176485670E-15   4.66036447079938E-13
  140     55     85     2.89830386534114E-14   4.05762541147759E-12
  140     56     84     5.34653686349113E-10   7.48515160888758E-08
  140     57     83     7.06654594629901E-11   9.89316432481861E-09
  140     58     82     8.48135180163815E-05   1.18738925222934E-02
  141     52     89     1.67279412513173E-20   2.35863971643574E-18
  141     53     88     3.00609760675208E-18   4.23859762552044E-16
  141     54     87     2.37986649242835E-16   3.35561175432397E-14
  141     55     86     1.05168518162085E-14   1.48287610608539E-12
  141     56     85     5.48016655662539E-13   7.72703484484180E-11
  141     57     84     7.05530851698699E-12   9.94798500895166E-10
  141     58     83     3.72602370383713E-09   5.25369342241035E-07
  141     59     82     7.25804524787840E-05   1.02338437995085E-02
  142     53     89     2.82396546083117E-19   4.01003095438026E-17
  142     54     88     6.95289772187020E-17   9.87311476505568E-15
  142     55     87     5.61683391993747E-16   7.97590416631120E-14
  142     56     86     3.18897134733619E-13   4.52833931321739E-11
  142     57     85     2.80337846020195E-12   3.98079741348677E-10
  142     58     84     5.41424027341877E-05   7.68822118825465E-03
  142     60     82     2.79791820079383E-13   3.97304384512724E-11
  143     53     90     1.80530367223141E-20   2.58158425129092E-18
  143     54     89     8.53881599943321E-18   1.22105068791895E-15
  143     55     88     3.72815179011329E-16   5.33125705986200E-14
  143     56     87     6.73188584612243E-15   9.62659675995507E-13
  143     57     86     4.41792214943077E-13   6.31762867368600E-11
  143     58     85     6.18824030067799E-11   8.84918362996952E-09
  143     59     84     6.18973965098819E-10   8.85132770091311E-08
  143     60     83     4.62515211832986E-05   6.61396752921170E-03
  144     54     90     1.35901505979340E-18   1.95698168610250E-16
  144     55     89     9.64755803227360E-17   1.38924835664740E-14
  144     56     88     4.41579904951961E-15   6.35875063130823E-13
  144     57     87     1.93147138283549E-14   2.78131879128311E-12
  144     58     86     1.27620837918981E-05   1.83774006603333E-03
  144     59     85     5.39542414563256E-10   7.76941076971088E-08
  144     60     84     3.01290298211098E-05   4.33858029423981E-03
  145     54     91     9.76280846662990E-20   1.41560722766134E-17
  145     55     90     1.91996087524599E-17   2.78394326910669E-15
  145     56     89     1.09731695540254E-15   1.59110958533368E-13
  145     57     88     1.09146310108471E-14   1.58262149657284E-12
  145     58     87     8.28843366686569E-14   1.20182288169552E-11
  145     59     86     9.85169257950048E-12   1.42849542402757E-09
  145     60     85     4.95189490224363E-05   7.18024760825326E-03
  146     55     91     2.51263954667525E-18   3.66845373814587E-16
  146     56     90     2.97062239315574E-16   4.33710869400738E-14
  146     57     89     2.32126146677304E-15   3.38904174148865E-13
  146     58     88     3.42881562215520E-13   5.00607080834660E-11
  146     59     87     6.14933287478692E-13   8.97802599718891E-11
  146     60     86     4.65978987303054E-05   6.80329321462459E-03
  147     55     92     3.04705382818006E-19   4.47916912742469E-17
  147     56     91     4.57791444726090E-17   6.72953423747353E-15
  147     57     90     1.07862919350867E-15   1.58558491445774E-13
  147     58     89     2.11033022303390E-14   3.10218542785983E-12
  147     59     88     3.05928659723282E-13   4.49715129793224E-11
  147     60     87     3.66013394051652E-10   5.38039689255928E-08
  147     61     86     4.35043587487878E-05   6.39514073607181E-03
  147     62     85     1.82051177793481E-05   2.67615231356418E-03
  148     55     93     2.27652718258685E-20   3.36926023022854E-18
  148     56     92     8.62429264002197E-18   1.27639531072325E-15
  148     57     91     1.92009247387866E-16   2.84173686134042E-14
  148     58     90     1.74431838213603E-14   2.58159120556133E-12
  148     59     89     4.56205173036031E-14   6.75183656093326E-12
  148     60     88     4.45349116999150E-05   6.59116693158743E-03
  148     61     87     3.68792519925479E-17   5.45812929489709E-15
  148     62     86     1.03932094834222E-11   1.53819500354649E-09
  149     56     93     9.41412844667451E-19   1.40270513855450E-16
  149     57     92     6.91472195251454E-17   1.03029357092467E-14
  149     58     91     1.21968677306967E-15   1.81733329187381E-13
  149     59     90     3.82521657499967E-14   5.69957269674951E-12
  149     60     89     1.76090937283675E-12   2.62375496552675E-10
  149     61     88     5.42058528920565E-11   8.07667208091642E-09
  149     62     87     3.84638856658542E-05   5.73111896421227E-03
  150     56     94     1.12027134065744E-19   1.68040701098616E-17
  150     57     93     1.77339684531046E-17   2.66009526796569E-15
  150     58     92     5.69148170243988E-16   8.53722255365982E-14
  150     59     91     1.41161655903979E-15   2.11742483855968E-13
  150     60     90     3.86280125301774E-05   5.79420187952661E-03
  150     61     89     6.06471624111142E-16   9.09707436166713E-14
  150     62     88     6.59432795450657E-09   9.89149193175986E-07
  151     56     95     1.02048463377287E-20   1.54093179699704E-18
  151     57     94     4.20764201346797E-18   6.35353944033663E-16
  151     58     93     1.20411894215768E-16   1.81821960265810E-14
  151     59     92     3.22400013881659E-15   4.86824020961306E-13
  151     60     91     1.41788812270185E-13   2.14101106527979E-11
  151     61     90     1.94544782569913E-11   2.93762621680569E-09
  151     62     89     4.78632603623002E-05   7.22735231470732E-03
  151     63     88     5.05318161866844E-07   7.63030424418934E-05
  152     57     95     2.27630170167309E-19   3.45997858654310E-17
  152     58     94     3.38866234443792E-17   5.15076676354564E-15
  152     59     93     3.95923412521935E-16   6.01803587033342E-14
  152     60     92     1.01524668866839E-13   1.54317496677595E-11
  152     61     91     3.71313652980722E-14   5.64396752530697E-12
  152     62     90     3.69567616123338E-05   5.61742776507473E-03
  152     63     89     9.82657314067929E-17   1.49363911738325E-14
  152     64     88     1.99047788353741E-18   3.02552638297686E-16
  153     57     96     1.56691237700867E-20   2.39737593682326E-18
  153     58     95     1.09564046848740E-17   1.67632991678573E-15
  153     59     94     2.50244327399757E-16   3.82873820921628E-14
  153     60     93     3.46654605726104E-15   5.30381546760939E-13
  153     61     92     3.64441399488910E-14   5.57595341218033E-12
  153     62     91     1.93768057095156E-11   2.96465127355589E-09
  153     63     90     3.27212555451775E-05   5.00635209841216E-03
  154     58     96     1.41987894908764E-18   2.18661358159497E-16
  154     59     95     5.37945446039042E-17   8.28435986900125E-15
  154     60     94     1.89596474206955E-15   2.91978570278710E-13
  154     61     93     1.39216550943150E-14   2.14393488452451E-12
  154     62     92     3.25775623580930E-05   5.01694460314633E-03
  154     63     91     1.72453176566932E-10   2.65577891913075E-08
  154     64     90     2.01366755708048E-11   3.10104803790393E-09
  155     58     97     8.97821825559916E-20   1.39162382961787E-17
  155     59     96     7.87469256254464E-18   1.22057734719442E-15
  155     60     95     3.67861660160407E-16   5.70185573248631E-14
  155     61     94     2.57718221077005E-15   3.99463242669357E-13
  155     62     93     8.52123165976870E-14   1.32079090726415E-11
  155     63     92     2.40993678782024E-05   3.73540202112137E-03
  155     64     91     5.32004025606061E-06   8.24606239689395E-04
  156     59     97     7.90126722545291E-19   1.23259768717065E-16
  156     60     96     9.25865214034031E-17   1.44434973389309E-14
  156     61     95     8.11523545680569E-16   1.26597673126169E-13
  156     62     94     1.52894015970606E-12   2.38514664914146E-10
  156     63     93     6.05864946349424E-11   9.45149316305102E-09
  156     64     92     3.07466551365819E-05   4.79647820130677E-03
  157     59     98     7.50291452534233E-20   1.17795758047875E-17
  157     60     97     1.95495727402011E-17   3.06928292021157E-15
  157     61     96     2.58141108447517E-16   4.05281540262602E-14
  157     62     95     1.50184805544796E-14   2.35790144705330E-12
  157     63     94     1.71881375891399E-12   2.69853760149497E-10
  157     64     93     2.91193905814408E-05   4.57174432128621E-03
  158     60     98     3.60629663484982E-18   5.69794868306272E-16
  158     61     97     5.64919992380624E-17   8.92573587961385E-15
  158     62     96     6.50302298222260E-15   1.02747763119117E-12
  158     63     95     5.86456982653694E-14   9.26602032592837E-12
  158     64     94     3.58374506171641E-05   5.66231719751193E-03
  159     60     99     2.90335919236830E-19   4.61634111586559E-17
  159     61     98     6.52594250429895E-18   1.03762485818353E-15
  159     62     97     1.39574370693384E-16   2.21923249402480E-14
  159     63     96     1.53108798276228E-14   2.43442989259202E-12
  159     64     95     9.37950942746336E-13   1.49134199896667E-10
  159     65     94     2.81694515994419E-05   4.47894280431126E-03
  160     60    100     2.76138033828105E-20   4.41820854124968E-18
  160     61     99     2.01497636965260E-18   3.22396219144417E-16
  160     62     98     6.02848468364888E-17   9.64557549383820E-15
  160     63     97     3.38734446377119E-16   5.41975114203391E-14
  160     64     96     3.54060693868569E-05   5.66497110189710E-03
  160     65     95     9.14043795932136E-13   1.46247007349142E-10
  160     66     94     1.03678547761184E-10   1.65885676417895E-08
  161     61    100     3.48004330749323E-19   5.60286972506409E-17
  161     62     99     1.22985908972137E-17   1.98007313445141E-15
  161     63     98     1.37921894850710E-16   2.22054250709643E-14
  161     64     97     1.25202098507135E-15   2.01575378596488E-13
  161     65     96     3.41569439267175E-12   5.49926797220151E-10
  161     66     95     3.20019255917488E-05   5.15231002027155E-03
  162     61    101     1.83580453940570E-20   2.97400335383724E-18
  162     62    100     1.87253648679845E-18   3.03350910861349E-16
  162     63     99     2.98439590280246E-17   4.83472136253998E-15
  162     64     98     1.74488075964852E-15   2.82670683063061E-13
  162     65     97     1.58890934510575E-15   2.57403313907132E-13
  162     66     96     3.37078514995694E-05   5.46067194293024E-03
  163     62    101     3.87287797318935E-19   6.31279109629863E-17
  163     63    100     9.55141628107361E-18   1.55688085381500E-15
  163     64     99     1.36741086908131E-16   2.22887971660253E-14
  163     65     98     2.43106199880925E-15   3.96263105805908E-13
  163     66     97     3.28628770277747E-05   5.35664895552727E-03
  164     62    102     5.11089580689628E-20   8.38186912330990E-18
  164     63    101     1.77482266896655E-18   2.91070917710515E-16
  164     64    100     4.84885743100328E-17   7.95212618684538E-15
  164     65     99     2.17057993457701E-16   3.55975109270630E-14
  164     66     98     3.16359149287308E-05   5.18829004831185E-03
  165     63    102     2.36631117725920E-19   3.90441344247768E-17
  165     64    101     5.14136666221594E-18   8.48325499265630E-16
  165     65    100     8.56251824723953E-17   1.41281551079452E-14
  165     66     99     5.68467520382280E-15   9.37971408630763E-13
  165     67     98     2.14528372713643E-05   3.53971814977511E-03
  166     63    103     1.78231286114191E-20   2.95863934949557E-18
  166     64    102     8.90795797766835E-19   1.47872102429295E-16
  166     65    101     8.93349665901472E-18   1.48296044539644E-15
  166     66    100     1.09977583952770E-13   1.82562789361598E-11
  166     67     99     3.61814137689008E-14   6.00611468563753E-12
  166     68     98     1.94191414360719E-05   3.22357747838793E-03
  167     64    103     2.19372306866029E-19   3.66351752466268E-17
  167     65    102     3.14902912334198E-18   5.25887863598110E-16
  167     66    101     7.23392738415454E-17   1.20806587315381E-14
  167     67    100     2.10073610470930E-15   3.50822929486454E-13
  167     68     99     2.20072005457095E-05   3.67520249113349E-03
  168     64    104     3.08507166891008E-20   5.18292040376894E-18
  168     65    103     5.50480894581489E-19   9.24807902896901E-17
  168     66    102     5.37172990164041E-17   9.02450623475588E-15
  168     67    101     1.84297320995346E-17   3.09619499272181E-15
  168     68    100     1.92433495338249E-05   3.23288272168258E-03
  169     65    104     5.75655955535451E-20   9.72858564854912E-18
  169     66    103     1.76855827667859E-18   2.98886348758681E-16
  169     67    102     1.28478622122603E-17   2.17128871387200E-15
  169     68    101     3.72630273680399E-14   6.29745162519875E-12
  169     69    100     1.29284103133227E-05   2.18490134295154E-03
  170     66    104     3.76764446813802E-19   6.40499559583463E-17
  170     67    103     1.94736109187859E-18   3.31051385619359E-16
  170     68    102     1.81319217334083E-05   3.08242669467941E-03
  170     69    101     4.83969496749449E-13   8.22748144474064E-11
  170     70    100     6.57841017935658E-12   1.11832973049062E-09
  171     69    102     8.69770223510510E-06   1.48730708220297E-03
  171     70    101     5.54455804467333E-06   9.48119425639140E-04
  172     70    102     1.56026878371447E-05   2.68366230798890E-03
  173     70    103     1.14365907199825E-05   1.97853019455696E-03
  174     70    104     1.87195951065869E-05   3.25720954854611E-03
  175     71    104     1.07663894294019E-05   1.88411815014533E-03
  176     70    106     1.60686112021069E-05   2.82807557157081E-03
  176     71    105     5.10733665842998E-12   8.98891251883677E-10
  177     72    105     1.37564010626581E-05   2.43488298809049E-03
  178     72    106     1.98224371561315E-05   3.52839381379141E-03
  179     72    107     1.15547987349545E-05   2.06830897355686E-03
  180     72    108     1.29302180058372E-05   2.32743924105070E-03
  180     74    106     3.13980989088785E-17   5.65165780359813E-15
  181     72    109     3.43335537014979E-09   6.21437321997112E-07
  181     73    108     1.06472998639707E-05   1.92716127537870E-03
  182     72    110     1.14512613253000E-05   2.08412956120460E-03
  182     73    109     4.41929414850235E-13   8.04311535027429E-11
  182     74    108     1.94806049086094E-12   3.54547009336692E-10
  183     74    109     5.82463891417224E-06   1.06590892129352E-03
  184     74    110     6.02951829243384E-06   1.10943136580783E-03
  185     74    111     3.78233910265460E-08   6.99732733991100E-06
  185     75    110     3.60556378070764E-06   6.67029299430913E-04
  186     74    112     4.17512530614193E-06   7.76573306942399E-04
  186     76    110     4.55711064477548E-14   8.47622579928239E-12
  187     75    112     3.16026950324196E-06   5.90970397106247E-04
  187     76    111     6.88738960645751E-17   1.28794185640756E-14
  188     74    114     5.59350415859491E-08   1.05157878181584E-05
  188     75    113     5.73493712400131E-10   1.07816817931225E-07
  188     76    112     7.55311533788038E-06   1.41998568352151E-03
  189     76    113     1.36942522062077E-05   2.58821366697326E-03
  190     76    114     3.54056028951479E-05   6.72706455007809E-03
  191     76    115     1.72632341712657E-14   3.29727772671174E-12
  191     77    114     3.73595424870504E-05   7.13567261502663E-03
  192     76    116     1.14233655756149E-04   2.19328619051807E-02
  192     77    115     1.04714218700537E-13   2.01051299905032E-11
  192     78    114     1.02865945455116E-11   1.97502615273822E-09
  193     77    116     2.00562033275532E-04   3.87084724221777E-02
  193     78    115     8.07654800244597E-20   1.55877376447207E-17
  194     76    118     2.48919194319129E-04   4.82903236979111E-02
  194     77    117     9.14370603748849E-08   1.77387897127277E-05
  194     78    116     4.26250081006062E-05   8.26925157151759E-03
  195     78    117     3.94294440070986E-04   7.68874158138424E-02
  196     78    118     2.53193671847289E-04   4.96259596820686E-02
  196     80    116     8.27367882875831E-18   1.62164105043663E-15
  197     79    118     1.86869504325636E-04   3.68132923521503E-02
  198     78    120     8.25769012923859E-05   1.63502264558924E-02
  198     80    118     4.95569855030184E-10   9.81228312959764E-08
  199     80    119     4.94521329285999E-05   9.84097445279137E-03
  200     80    120     6.84371904957688E-06   1.36874380991538E-03
  201     80    121     2.38521393876497E-06   4.79428001691759E-04
  202     80    122     4.71792646206432E-07   9.53021145336993E-05
  203     80    123     2.90466296533489E-10   5.89646581962982E-08
  203     81    122     4.35413793934024E-07   8.83890001686069E-05
  204     80    124     5.00616640855060E-07   1.02125794734432E-04
  204     81    123     5.35499857108643E-15   1.09241970850163E-12
  204     82    122     1.48638158940781E-15   3.03221844239194E-13
  205     81    124     3.63099704463129E-07   7.44354394149414E-05
  205     82    123     2.74846186835261E-16   5.63434683012284E-14
  206     80    126     1.55188897401391E-19   3.19689128646865E-17
  206     81    125     5.44078615204271E-18   1.12080194732080E-15
  206     82    124     6.44875435933499E-07   1.32844339802301E-04
  207     81    126     3.87193443007589E-12   8.01490427025709E-10
  207     82    125     1.33166838322517E-05   2.75655355327610E-03
  208     81    127     2.15169352575388E-12   4.47552253356807E-10
  208     82    126     1.84757704090939E-05   3.84296024509152E-03
  208     83    125     2.80316212072182E-16   5.83057721110139E-14
  209     81    128     1.54802587049858E-16   3.23537406934203E-14
  209     82    127     6.32574301755138E-13   1.32208029066824E-10
  209     83    126     1.27408234864767E-05   2.66283210867364E-03
  210     81    129     1.35873706490102E-19   2.85334783629214E-17
  210     82    128     1.14678328462501E-05   2.40824489771252E-03
  210     83    127     7.08803486809685E-09   1.48848732230034E-06
  210     84    126     1.81211660533392E-07   3.80544487120123E-05
  211     82    129     2.94609084514861E-11   6.21625168326356E-09
  211     83    128     1.74320229128891E-12   3.67815683461961E-10
  211     84    127     1.96759755790340E-17   4.15163084717618E-15
  212     82    130     1.25375072420437E-09   2.65795153531327E-07
  212     83    129     1.18855616274604E-10   2.51973906502161E-08
  213     82    131     2.78434614346746E-18   5.93065728558570E-16
  213     83    130     1.48064114540954E-13   3.15376563972232E-11
  214     82    132     1.25617262796878E-14   2.68820942385319E-12
  214     83    131     1.03998904351234E-14   2.22557655311641E-12
  214     84    130     4.22670976009808E-20   9.04515888660989E-18
  215     83    132     4.95375602721884E-18   1.06505754585205E-15
  215     84    131     2.41794149712709E-17   5.19857421882324E-15
  216     84    132     4.75085587384130E-15   1.02618486874972E-12
  217     84    133     7.57810554285724E-20   1.64444890280002E-17
  217     85    132     1.74551207006180E-18   3.78776119203411E-16
  218     84    134     1.45058157670693E-15   3.16226783722110E-13
  218     85    133     1.40702319353512E-18   3.06731056190656E-16
  218     86    132     8.69813296529500E-18   1.89619298643431E-15
  219     85    134     6.27212571603603E-19   1.37359553181189E-16
  219     86    133     5.37624669127849E-14   1.17739802538999E-11
  220     86    134     1.82171708596724E-12   4.00777758912793E-10
  221     86    135     3.10899782030501E-17   6.87088518287408E-15
  221     87    134     1.54707709273444E-14   3.41904037494312E-12
  221     88    133     6.20436372270207E-19   1.37116438271716E-16
  222     86    136     2.57538531945665E-12   5.71735540919376E-10
  222     87    135     2.11735816025651E-13   4.70053511576946E-11
  222     88    134     9.44361968137148E-15   2.09648356926447E-12
  223     87    136     2.46414244790904E-13   5.49503765883716E-11
  223     88    135     1.34127667211232E-08   2.99104697881046E-06
  224     86    138     1.85689481721992E-17   4.15944439057261E-15
  224     87    137     2.83800365875101E-18   6.35712819560226E-16
  224     88    136     1.02884871071894E-08   2.30462111201043E-06
  225     88    137     6.97170907767634E-11   1.56863454247718E-08
  225     89    136     4.66931777831325E-11   1.05059650012048E-08
  226     88    138     1.29907701297366E-05   2.93591404932048E-03
  227     89    138     9.29248758844485E-06   2.10939468257698E-03
  227     90    137     2.15269424556735E-08   4.88661593743789E-06
  228     88    140     1.41516915119886E-05   3.22658566473340E-03
  228     89    139     1.72825358284245E-09   3.94041816888078E-07
  228     90    138     1.99010202041596E-06   4.53743260654838E-04
  229     90    139     1.35148525117032E-05   3.09490122518003E-03
  230     90    140     1.99581802437533E-05   4.59038145606325E-03
  231     90    141     1.14478727977637E-16   2.64445861628342E-14
  231     91    140     1.50261414112640E-05   3.47103866600199E-03
  232     90    142     2.57740447085347E-05   5.97957837238006E-03
  232     92    140     1.55543500724264E-12   3.60860921680293E-10
  233     91    142     7.02306619514732E-11   1.63637442346933E-08
  233     92    141     1.84764283662736E-05   4.30500780934174E-03
  234     90    144     2.62697148270346E-11   6.14711326952611E-09
  234     91    143     3.07946442796777E-13   7.20594676144459E-11
  234     92    142     3.05912654876340E-05   7.15835612410636E-03
  235     92    143     2.76539392413851E-05   6.49867572172549E-03
  236     92    144     6.59546777479452E-05   1.55653039485151E-02
  237     92    145     1.07042824865288E-12   2.53691494930732E-10
  237     93    144     5.51726682337161E-05   1.30759223713907E-02
  238     92    146     7.14022271755212E-05   1.69937300677740E-02
  238     93    145     4.08046975405437E-19   9.71151801464940E-17
  238     94    144     8.11227009179737E-12   1.93072028184777E-09
  239     93    146     1.70650261996199E-11   4.07854126170916E-09
  239     94    145     6.38222047992296E-05   1.52535069470159E-02
  240     92    148     3.80170102629322E-16   9.12408246310374E-14
  240     93    147     2.77634912284497E-17   6.66323789482792E-15
  240     94    146     5.98523152223178E-05   1.43645556533563E-02
  241     94    147     3.31571535354031E-05   7.99087400203214E-03
  241     95    146     2.26795357471310E-06   5.46576811505856E-04
  242     94    148     2.81310454530631E-05   6.80771299964127E-03
  242     95    147     6.80442375407810E-15   1.64667054848690E-12
  242     96    146     9.28062535517723E-13   2.24591133595289E-10
  243     94    149     5.01428354559217E-18   1.21847090157890E-15
  243     95    148     1.94903998590448E-05   4.73616716574789E-03
  244     94    150     1.88798965344839E-05   4.60669475441406E-03
  244     95    149     1.89433902242468E-14   4.62218721471621E-12
  244     96    148     1.77410450104596E-10   4.32881498255213E-08
  245     95    150     4.02215386378362E-14   9.85427696626986E-12
  245     96    149     1.50713060531832E-05   3.69246998302988E-03
  246     94    152     1.09807035669366E-11   2.70125307746640E-09
  246     95    151     2.74227874758874E-14   6.74600571906831E-12
  246     96    150     1.97845727383589E-05   4.86700489363629E-03
  246     97    149     9.46557568919177E-12   2.32853161954117E-09
  247     95    152     1.79050660726392E-20   4.42255131994189E-18
  247     96    151     1.38245477478533E-07   3.41466329371977E-05
  247     97    150     9.74895094190202E-06   2.40799088264980E-03
  248     96    152     2.42321974892037E-05   6.00958497732252E-03
  248     97    151     1.06243037017335E-09   2.63482731802992E-07
  248     98    150     2.92795989688112E-11   7.26134054426518E-09
  249     96    153     7.05658482875723E-17   1.75708962236055E-14
  249     97    152     1.10965898805386E-05   2.76305088025411E-03
  249     98    151     1.84519575450970E-05   4.59453742872914E-03
  250     96    154     1.70563500243394E-05   4.26408750608486E-03
  250     97    153     1.33763668623661E-10   3.34409171559152E-08
  250     98    152     7.84345235908777E-06   1.96086308977194E-03
  250     99    151     5.34837072815493E-13   1.33709268203873E-10
  251     97    154     1.41664542287869E-13   3.55578001142552E-11
  251     98    153     2.52656796947287E-05   6.34168560337690E-03
  252     98    154     1.80233431622720E-05   4.54188247689253E-03
  252     99    153     3.83475671687009E-07   9.66358692651263E-05
  253     98    155     9.10135401293611E-12   2.30264256527283E-09
  253     99    154     2.21015003662861E-11   5.59167959267039E-09
  254     98    156     2.41388174872799E-10   6.13125964176909E-08
  254     99    155     2.72762795450497E-07   6.92817500444262E-05
  254    100    154     2.80719826043624E-10   7.13028358150804E-08
  254    101    153     1.21593425826998E-15   3.08847301600574E-13
  255     99    156     1.82200985743035E-09   4.64612513644738E-07
  255    100    155     3.59862642882697E-11   9.17649739350878E-09
  257    100    157     4.16919045358597E-11   1.07148194657160E-08
  257    101    156     1.99119977404144E-16   5.11738341928650E-14
