               WinNet - Nuclear reaction network
              ===================================
 
 
Option                                   :      Value     Unit
--------------------------------------------------------------
Release                                  :    Unknown         
Git hash                                 :    Unknown         
Network size                             :       6757         
Amount reaclib rates                     :      72724         
Amount fission rates                     :       5833         
Total number of fission neutrons         :      27813         
Amount weak (ffn) rates                  :        212         
Total reactions after merge              :      78557         
Thermodynamic trajectory                 :  from file         
Starting index                           :          1         
Expansion velocity:                      :   4.00E+04   [km/s]
Evolution mode                           :        NSE         
Initial abundance source                 :        NSE         
Initial entropy                          :   7.02E-03 [kB/nuc]

#-- 1:it 2:time[s] 3:T9[GK] 4:rho[g/cm3] 5:entropy[kB/baryon]
       0  2.4061646E-05 10.0000000  1.1988305E+13    0.0070160
       1  2.4061648E-05  9.9999999  1.1988305E+13    0.0070160
       2  2.4061652E-05  9.9999998  1.1988305E+13    0.0070160
       3  2.4061660E-05  9.9999995  1.1988304E+13    0.0070160
       4  2.4061676E-05  9.9999988  1.1988303E+13    0.0070160
       5  2.4061708E-05  9.9999976  1.1988301E+13    0.0070160
       6  2.4061772E-05  9.9999950  1.1988296E+13    0.0070160
       7  2.4061900E-05  9.9999899  1.1988286E+13    0.0070159
       8  2.4062156E-05  9.9999798  1.1988266E+13    0.0070159
       9  2.4062668E-05  9.9999595  1.1988226E+13    0.0070159
      10  2.4063692E-05  9.9999190  1.1988147E+13    0.0070159
      11  2.4065740E-05  9.9998378  1.1987989E+13    0.0070159
      12  2.4069836E-05  9.9996756  1.1987672E+13    0.0070158
      13  2.4078028E-05  9.9993511  1.1987039E+13    0.0070157
      14  2.4094412E-05  9.9987022  1.1985773E+13    0.0070155
      15  2.4127180E-05  9.9974045  1.1983241E+13    0.0070151
      16  2.4192716E-05  9.9948096  1.1978179E+13    0.0070143
      17  2.4323788E-05  9.9896217  1.1968062E+13    0.0070127
      18  2.4585932E-05  9.9792542  1.1947852E+13    0.0070094
      19  2.5000000E-05  9.9629000  1.1916000E+13    0.0070042
      20  2.5828137E-05  9.9282699  1.1852371E+13    0.0069924
      21  2.7484411E-05  9.8587393  1.1725196E+13    0.0069687
      22  3.0796959E-05  9.7189188  1.1472251E+13    0.0069205
      23  3.7422054E-05  9.4386969  1.0979835E+13    0.0068209
      24  4.5372596E-05  9.1075489  1.0431326E+13    0.0066961
      25  5.0000000E-05  8.9204000  1.0142000E+13    0.0066209
      26  5.9254808E-05  8.5516515  9.6361487E+12    0.0064575
      27  6.9208444E-05  8.1710164  9.1547182E+12    0.0062776
      28  7.6000000E-05  7.9320000  8.8334000E+12    0.0061678
      29  8.5165326E-05  7.6408342  8.3921413E+12    0.0060449
      30  9.4272763E-05  7.3743904  7.9728927E+12    0.0059358
      31  1.0100000E-04  7.1843000  7.6936000E+12    0.0058527
 Evolution mode: switching to network
      32  1.0822708E-04  6.9817301  7.4343237E+12    0.0057539
      33  1.0822708E-04  6.9817301  7.4343237E+12    0.0057539
      34  1.0822708E-04  6.9817301  7.4343237E+12    0.0057539
      35  1.0822708E-04  6.9817301  7.4343237E+12    0.0057539
      36  1.0822708E-04  6.9817301  7.4343237E+12    0.0057539
      37  1.0822708E-04  6.9817301  7.4343237E+12    0.0057539
      38  1.0822708E-04  6.9817301  7.4343237E+12    0.0057539
      39  1.0822708E-04  6.9817301  7.4343237E+12    0.0057539
      40  1.0822708E-04  6.9817301  7.4343236E+12    0.0057539
      41  1.0822709E-04  6.9817300  7.4343236E+12    0.0057539
      42  1.0822709E-04  6.9817299  7.4343234E+12    0.0057539
      43  1.0822710E-04  6.9817297  7.4343232E+12    0.0057539
      44  1.0822711E-04  6.9817292  7.4343226E+12    0.0057539
      45  1.0822715E-04  6.9817283  7.4343215E+12    0.0057539
      46  1.0822721E-04  6.9817265  7.4343193E+12    0.0057539
      47  1.0822734E-04  6.9817229  7.4343150E+12    0.0057539
      48  1.0822760E-04  6.9817156  7.4343063E+12    0.0057539
      49  1.0822813E-04  6.9817011  7.4342888E+12    0.0057539

#-- 1:it 2:time[s] 3:T9[GK] 4:rho[g/cm3] 5:entropy[kB/baryon]
      50  1.0822917E-04  6.9816722  7.4342539E+12    0.0057539
      51  1.0823126E-04  6.9816142  7.4341841E+12    0.0057538
      52  1.0823543E-04  6.9814983  7.4340446E+12    0.0057538
      53  1.0824378E-04  6.9812665  7.4337655E+12    0.0057536
      54  1.0826047E-04  6.9808029  7.4332074E+12    0.0057534
      55  1.0827986E-04  6.9802644  7.4325594E+12    0.0057531
      56  1.0830119E-04  6.9796722  7.4318467E+12    0.0057528
      57  1.0832466E-04  6.9790208  7.4310631E+12    0.0057525
      58  1.0835047E-04  6.9783043  7.4302013E+12    0.0057521
      59  1.0837886E-04  6.9775162  7.4292538E+12    0.0057517
      60  1.0841010E-04  6.9766493  7.4282118E+12    0.0057513
      61  1.0844446E-04  6.9756959  7.4270662E+12    0.0057508
      62  1.0848226E-04  6.9746472  7.4258066E+12    0.0057503
      63  1.0852384E-04  6.9734938  7.4244217E+12    0.0057497
      64  1.0856958E-04  6.9722252  7.4228992E+12    0.0057490
      65  1.0861990E-04  6.9708300  7.4212255E+12    0.0057483
      66  1.0867525E-04  6.9692954  7.4193856E+12    0.0057475
      67  1.0873615E-04  6.9676077  7.4173632E+12    0.0057467
      68  1.0880314E-04  6.9657516  7.4151403E+12    0.0057457
      69  1.0887684E-04  6.9637103  7.4126972E+12    0.0057447
      70  1.0895792E-04  6.9614654  7.4100124E+12    0.0057435
      71  1.0904712E-04  6.9589967  7.4070620E+12    0.0057423
      72  1.0914525E-04  6.9562819  7.4038202E+12    0.0057409
      73  1.0925321E-04  6.9532966  7.4002585E+12    0.0057393
      74  1.0937199E-04  6.9500141  7.3963457E+12    0.0057377
      75  1.0950267E-04  6.9464049  7.3920475E+12    0.0057358
      76  1.0964645E-04  6.9424366  7.3873265E+12    0.0057338
      77  1.0980464E-04  6.9380739  7.3821418E+12    0.0057315
      78  1.0997869E-04  6.9332778  7.3764483E+12    0.0057290
      79  1.1017021E-04  6.9280058  7.3701967E+12    0.0057263
      80  1.1038094E-04  6.9222113  7.3633333E+12    0.0057233
      81  1.1061282E-04  6.9158430  7.3557987E+12    0.0057201
      82  1.1086798E-04  6.9088451  7.3475281E+12    0.0057164
      83  1.1114878E-04  6.9011566  7.3384504E+12    0.0057125
      84  1.1145778E-04  6.8927108  7.3284873E+12    0.0057081
      85  1.1179786E-04  6.8834349  7.3175528E+12    0.0057033
      86  1.1217213E-04  6.8732500  7.3055520E+12    0.0056980
      87  1.1258406E-04  6.8620702  7.2923802E+12    0.0056922
      88  1.1303747E-04  6.8498025  7.2779212E+12    0.0056858
      89  1.1353653E-04  6.8363465  7.2620459E+12    0.0056789
      90  1.1408589E-04  6.8215946  7.2446101E+12    0.0056712
      91  1.1469061E-04  6.8054312  7.2254518E+12    0.0056628
      92  1.1531953E-04  6.7887090  7.2055513E+12    0.0056542
      93  1.1599078E-04  6.7709644  7.1843209E+12    0.0056450
      94  1.1670607E-04  6.7521780  7.1616879E+12    0.0056354
      95  1.1746672E-04  6.7323456  7.1375840E+12    0.0056252
      96  1.1827385E-04  6.7114722  7.1119376E+12    0.0056146
      97  1.1912839E-04  6.6895732  7.0846721E+12    0.0056035
      98  1.2003105E-04  6.6666756  7.0557057E+12    0.0055921
      99  1.2098228E-04  6.6428183  7.0249505E+12    0.0055803

#-- 1:it 2:time[s] 3:T9[GK] 4:rho[g/cm3] 5:entropy[kB/baryon]
     100  1.2198227E-04  6.6180535  6.9923115E+12    0.0055682
     101  1.2303091E-04  6.5924467  6.9576864E+12    0.0055560
     102  1.2410899E-04  6.5665252  6.9215989E+12    0.0055439
     103  1.2519831E-04  6.5407673  6.8845628E+12    0.0055321
     104  1.2600000E-04  6.5221000  6.8569000E+12    0.0055239
     105  1.2710271E-04  6.4967867  6.8182368E+12    0.0055129
     106  1.2822700E-04  6.4713609  6.7781418E+12    0.0055023
     107  1.2936621E-04  6.4459766  6.7369278E+12    0.0054920
     108  1.3052138E-04  6.4206102  6.6946438E+12    0.0054820
     109  1.3169369E-04  6.3952355  6.6513386E+12    0.0054723
     110  1.3288427E-04  6.3698282  6.6070685E+12    0.0054628
     111  1.3409422E-04  6.3443650  6.5618978E+12    0.0054536
     112  1.3532462E-04  6.3188227  6.5158983E+12    0.0054446
     113  1.3657657E-04  6.2931783  6.4691504E+12    0.0054356
     114  1.3785119E-04  6.2674077  6.4217426E+12    0.0054268
     115  1.3914968E-04  6.2414858  6.3737722E+12    0.0054181
     116  1.4047328E-04  6.2153856  6.3253461E+12    0.0054093
     117  1.4182335E-04  6.1890775  6.2765808E+12    0.0054005
     118  1.4320138E-04  6.1625295  6.2276041E+12    0.0053915
     119  1.4460896E-04  6.1357058  6.1785555E+12    0.0053824
     120  1.4604790E-04  6.1085665  6.1295885E+12    0.0053730
     121  1.4752022E-04  6.0810667  6.0808720E+12    0.0053632
     122  1.4902816E-04  6.0531558  6.0325931E+12    0.0053530
     123  1.5057429E-04  6.0247759  5.9849603E+12    0.0053422
     124  1.5100000E-04  6.0170000  5.9722000E+12    0.0053391
     125  1.5185143E-04  6.0015514  5.9470888E+12    0.0053330
     126  1.5345349E-04  5.9729367  5.9011304E+12    0.0053215
     127  1.5505750E-04  5.9448357  5.8566591E+12    0.0053100
     128  1.5669931E-04  5.9165869  5.8125644E+12    0.0052983
     129  1.5838352E-04  5.8880919  5.7686460E+12    0.0052863
     130  1.6011021E-04  5.8593262  5.7248131E+12    0.0052741
     131  1.6187900E-04  5.8302658  5.6809662E+12    0.0052616
     132  1.6368912E-04  5.8008856  5.6369937E+12    0.0052489
     133  1.6553938E-04  5.7711593  5.5927720E+12    0.0052359
     134  1.6742811E-04  5.7410598  5.5481667E+12    0.0052227
     135  1.6935314E-04  5.7105601  5.5030334E+12    0.0052094
     136  1.7131182E-04  5.6796332  5.4572203E+12    0.0051958
     137  1.7328320E-04  5.6485340  5.4109888E+12    0.0051823
     138  1.7526872E-04  5.6171601  5.3640725E+12    0.0051687
     139  1.7700000E-04  5.5897000  5.3227000E+12    0.0051569
     140  1.7898826E-04  5.5579720  5.2753070E+12    0.0051432
     141  1.8096747E-04  5.5262300  5.2288730E+12    0.0051291
     142  1.8296036E-04  5.4942134  5.1827087E+12    0.0051147
     143  1.8496668E-04  5.4620293  5.1366762E+12    0.0051001
     144  1.8698523E-04  5.4298018  5.0906590E+12    0.0050854
     145  1.8901477E-04  5.3976562  5.0445396E+12    0.0050709
     146  1.9105413E-04  5.3657172  4.9981999E+12    0.0050566
     147  1.9310217E-04  5.3341086  4.9515222E+12    0.0050428
     148  1.9515781E-04  5.3029524  4.9043897E+12    0.0050296
     149  1.9722005E-04  5.2723686  4.8566872E+12    0.0050171

#-- 1:it 2:time[s] 3:T9[GK] 4:rho[g/cm3] 5:entropy[kB/baryon]
     150  1.9928792E-04  5.2424743  4.8083028E+12    0.0050056
     151  2.0136055E-04  5.2133839  4.7591275E+12    0.0049951
     152  2.0200000E-04  5.2046000  4.7438000E+12    0.0049921
     153  2.0327889E-04  5.1873371  4.7127546E+12    0.0049866
     154  2.0525015E-04  5.1614938  4.6638482E+12    0.0049793
     155  2.0724936E-04  5.1361103  4.6132713E+12    0.0049731
     156  2.0924880E-04  5.1114197  4.5620686E+12    0.0049678
     157  2.1125129E-04  5.0872538  4.5105191E+12    0.0049634
     158  2.1326102E-04  5.0634330  4.4588531E+12    0.0049594
     159  2.1528225E-04  5.0397802  4.4072924E+12    0.0049556
     160  2.1731934E-04  5.0161178  4.3560563E+12    0.0049519
     161  2.1937677E-04  4.9922642  4.3053664E+12    0.0049478
     162  2.2145518E-04  4.9680781  4.2555479E+12    0.0049432
     163  2.2355481E-04  4.9434172  4.2069417E+12    0.0049378
     164  2.2537414E-04  4.9217583  4.1664502E+12    0.0049323
     165  2.2700000E-04  4.9021000  4.1317000E+12    0.0049265
     166  2.2885012E-04  4.8794193  4.0936570E+12    0.0049190
     167  2.3073668E-04  4.8560778  4.0561612E+12    0.0049107
     168  2.3264899E-04  4.8322598  4.0193383E+12    0.0049017
     169  2.3458593E-04  4.8080374  3.9831047E+12    0.0048921
     170  2.3654672E-04  4.7834818  3.9473624E+12    0.0048820
     171  2.3853056E-04  4.7586685  3.9120077E+12    0.0048715
     172  2.4053661E-04  4.7336766  3.8769308E+12    0.0048607
     173  2.4256400E-04  4.7085881  3.8420168E+12    0.0048497
     174  2.4461186E-04  4.6834881  3.8071461E+12    0.0048387
     175  2.4667934E-04  4.6584636  3.7721944E+12    0.0048279
     176  2.4876559E-04  4.6336033  3.7370338E+12    0.0048174
     177  2.5086982E-04  4.6089973  3.7015330E+12    0.0048073
     178  2.5200000E-04  4.5960000  3.6824000E+12    0.0048021
     179  2.5408735E-04  4.5723793  3.6473724E+12    0.0047929
     180  2.5624235E-04  4.5484416  3.6119000E+12    0.0047836
     181  2.5843553E-04  4.5244818  3.5763839E+12    0.0047743
     182  2.6066325E-04  4.5004919  3.5407747E+12    0.0047651
     183  2.6292249E-04  4.4764506  3.5050031E+12    0.0047560
     184  2.6519619E-04  4.4524780  3.4692130E+12    0.0047470
     185  2.6749420E-04  4.4284054  3.4331191E+12    0.0047380
     186  2.6980828E-04  4.4042524  3.3967201E+12    0.0047292
     187  2.7213870E-04  4.3799471  3.3598806E+12    0.0047205
     188  2.7448153E-04  4.3554602  3.3225334E+12    0.0047118
     189  2.7683276E-04  4.3307632  3.2846167E+12    0.0047033
     190  2.7700000E-04  4.3290000  3.2819000E+12    0.0047027
     191  2.7733449E-04  4.3254682  3.2764531E+12    0.0047015
     192  2.7800346E-04  4.3183793  3.2654985E+12    0.0046991
     193  2.7934141E-04  4.3041121  3.2433710E+12    0.0046944
     194  2.8164067E-04  4.2793816  3.2048084E+12    0.0046863
     195  2.8398309E-04  4.2540289  3.1650748E+12    0.0046782
     196  2.8633442E-04  4.2285567  3.1250219E+12    0.0046702
     197  2.8870452E-04  4.2029950  3.0847583E+12    0.0046623
     198  2.9110520E-04  4.1773585  3.0443605E+12    0.0046545
     199  2.9354862E-04  4.1516703  3.0039142E+12    0.0046468

#-- 1:it 2:time[s] 3:T9[GK] 4:rho[g/cm3] 5:entropy[kB/baryon]
     200  2.9604766E-04  4.1259660  2.9635204E+12    0.0046392
     201  2.9861648E-04  4.1002974  2.9233035E+12    0.0046317
     202  3.0127116E-04  4.0747378  2.8834209E+12    0.0046242
     203  3.0300000E-04  4.0587000  2.8585000E+12    0.0046195
     204  3.0581423E-04  4.0338411  2.8195223E+12    0.0046126
     205  3.0878127E-04  4.0091416  2.7800978E+12    0.0046062
     206  3.1187299E-04  3.9845938  2.7405287E+12    0.0046003
     207  3.1509969E-04  3.9597599  2.7005418E+12    0.0045944
     208  3.1771190E-04  3.9398855  2.6689206E+12    0.0045896
     209  3.2034525E-04  3.9197582  2.6375362E+12    0.0045845
     210  3.2286772E-04  3.9001378  2.6077830E+12    0.0045791
     211  3.2537030E-04  3.8801057  2.5784235E+12    0.0045730
     212  3.2784384E-04  3.8595299  2.5494322E+12    0.0045662
     213  3.2800000E-04  3.8582000  2.5476000E+12    0.0045658
     214  3.2831233E-04  3.8555289  2.5439332E+12    0.0045648
     215  3.2893698E-04  3.8501441  2.5365896E+12    0.0045629
     216  3.3018629E-04  3.8392166  2.5218718E+12    0.0045589
     217  3.3249348E-04  3.8185658  2.4946530E+12    0.0045511
     218  3.3482421E-04  3.7972366  2.4672284E+12    0.0045426
     219  3.3712678E-04  3.7758773  2.4403436E+12    0.0045338
     220  3.3941036E-04  3.7545780  2.4140139E+12    0.0045247
     221  3.4168686E-04  3.7333897  2.3882171E+12    0.0045156
     222  3.4396799E-04  3.7123593  2.3629352E+12    0.0045063
     223  3.4626570E-04  3.6915343  2.3381557E+12    0.0044970
     224  3.4859278E-04  3.6709658  2.3138719E+12    0.0044878
     225  3.5096359E-04  3.6507114  2.2900835E+12    0.0044786
     226  3.5300000E-04  3.6340000  2.2705000E+12    0.0044711
     227  3.5548523E-04  3.6145148  2.2479453E+12    0.0044622
     228  3.5809427E-04  3.5949524  2.2258116E+12    0.0044529
     229  3.6082717E-04  3.5752174  2.2039080E+12    0.0044434
     230  3.6366613E-04  3.5552865  2.1820904E+12    0.0044335
     231  3.6658157E-04  3.5351551  2.1602003E+12    0.0044235
     232  3.6953291E-04  3.5148453  2.1380865E+12    0.0044135
     233  3.7247266E-04  3.4944103  2.1156335E+12    0.0044036
     234  3.7535620E-04  3.4739082  2.0927603E+12    0.0043939
     235  3.7800000E-04  3.4545000  2.0707000E+12    0.0043851
     236  3.8058111E-04  3.4348042  2.0479404E+12    0.0043764
     237  3.8303320E-04  3.4154976  2.0254105E+12    0.0043681
     238  3.8501526E-04  3.3996090  2.0067701E+12    0.0043614
     239  3.8692426E-04  3.3841727  1.9886143E+12    0.0043549
     240  3.8880224E-04  3.3689501  1.9706945E+12    0.0043486
     241  3.9066459E-04  3.3539029  1.9529908E+12    0.0043424
     242  3.9252373E-04  3.3390124  1.9355024E+12    0.0043363
     243  3.9439146E-04  3.3242657  1.9182338E+12    0.0043302
     244  3.9627976E-04  3.3096550  1.9011944E+12    0.0043242
     245  3.9820157E-04  3.2951769  1.8843997E+12    0.0043182
     246  4.0017161E-04  3.2808336  1.8678733E+12    0.0043122
     247  4.0220762E-04  3.2666341  1.8516511E+12    0.0043062
     248  4.0300000E-04  3.2613000  1.8456000E+12    0.0043040
     249  4.0458477E-04  3.2509528  1.8338891E+12    0.0042996

#-- 1:it 2:time[s] 3:T9[GK] 4:rho[g/cm3] 5:entropy[kB/baryon]
     250  4.0682118E-04  3.2369928  1.8180998E+12    0.0042937
     251  4.0918063E-04  3.2229572  1.8022485E+12    0.0042878
     252  4.1164827E-04  3.2088879  1.7864006E+12    0.0042818
     253  4.1421783E-04  3.1947320  1.7705209E+12    0.0042759
     254  4.1687774E-04  3.1804249  1.7545676E+12    0.0042699
     255  4.1961019E-04  3.1658961  1.7384979E+12    0.0042637
     256  4.2239135E-04  3.1510747  1.7222724E+12    0.0042572
     257  4.2519299E-04  3.1358977  1.7058601E+12    0.0042505
     258  4.2798520E-04  3.1203160  1.6892413E+12    0.0042435
     259  4.2900000E-04  3.1145000  1.6831000E+12    0.0042408
     260  4.3102960E-04  3.1027171  1.6707626E+12    0.0042353
     261  4.3369909E-04  3.0870706  1.6545776E+12    0.0042279
     262  4.3641262E-04  3.0710392  1.6381949E+12    0.0042201
     263  4.3907042E-04  3.0552616  1.6222371E+12    0.0042124
     264  4.4167261E-04  3.0397869  1.6067166E+12    0.0042047
     265  4.4422910E-04  3.0245996  1.5915855E+12    0.0041972
     266  4.4674818E-04  3.0096886  1.5768047E+12    0.0041897
     267  4.4923728E-04  2.9950444  1.5623399E+12    0.0041823
     268  4.5168771E-04  2.9807492  1.5482492E+12    0.0041752
     269  4.5400000E-04  2.9674000  1.5351000E+12    0.0041685
     270  4.5640193E-04  2.9535625  1.5215777E+12    0.0041615
     271  4.5890222E-04  2.9390891  1.5076260E+12    0.0041541
     272  4.6135651E-04  2.9248723  1.4940537E+12    0.0041467
     273  4.6377975E-04  2.9108821  1.4807717E+12    0.0041393
     274  4.6617975E-04  2.8971250  1.4677325E+12    0.0041321
     275  4.6856405E-04  2.8836065  1.4548919E+12    0.0041251
     276  4.7093985E-04  2.8703328  1.4422085E+12    0.0041183
     277  4.7331427E-04  2.8573109  1.4296431E+12    0.0041118
     278  4.7569452E-04  2.8445494  1.4171573E+12    0.0041056
     279  4.7863069E-04  2.8292797  1.4019065E+12    0.0040986
     280  4.7900000E-04  2.8274000  1.4000000E+12    0.0040977
     281  4.7973862E-04  2.8236804  1.3961949E+12    0.0040961
     282  4.8121585E-04  2.8164112  1.3886155E+12    0.0040931
     283  4.8417032E-04  2.8024497  1.3735797E+12    0.0040879
     284  4.8721476E-04  2.7886620  1.3582561E+12    0.0040833
     285  4.9021445E-04  2.7754307  1.3433252E+12    0.0040792
     286  4.9315833E-04  2.7625588  1.3288320E+12    0.0040752
     287  4.9603027E-04  2.7499001  1.3148444E+12    0.0040712
     288  4.9881598E-04  2.7373368  1.3014183E+12    0.0040667
     289  5.0150389E-04  2.7247805  1.2885945E+12    0.0040616
     290  5.0400000E-04  2.7126000  1.2768000E+12    0.0040561
     291  5.0647712E-04  2.6998909  1.2651841E+12    0.0040496
     292  5.0883672E-04  2.6872705  1.2541910E+12    0.0040426
     293  5.1109826E-04  2.6748362  1.2437301E+12    0.0040353
     294  5.1328505E-04  2.6626148  1.2336935E+12    0.0040279
     295  5.1541503E-04  2.6506281  1.2239995E+12    0.0040205
     296  5.1750292E-04  2.6388951  1.2145819E+12    0.0040132
     297  5.1956139E-04  2.6274328  1.2053854E+12    0.0040060
     298  5.2160189E-04  2.6162590  1.1963616E+12    0.0039992
     299  5.2363526E-04  2.6053927  1.1874663E+12    0.0039926

#-- 1:it 2:time[s] 3:T9[GK] 4:rho[g/cm3] 5:entropy[kB/baryon]
     300  5.2567224E-04  2.5948561  1.1786574E+12    0.0039865
     301  5.2772403E-04  2.5846762  1.1698932E+12    0.0039809
     302  5.2900000E-04  2.5786000  1.1645000E+12    0.0039778
     303  5.3114881E-04  2.5687515  1.1555317E+12    0.0039730
     304  5.3328806E-04  2.5593225  1.1467437E+12    0.0039686
     305  5.3545973E-04  2.5500833  1.1379493E+12    0.0039647
     306  5.3765683E-04  2.5410253  1.1291650E+12    0.0039610
     307  5.3987393E-04  2.5321276  1.1203993E+12    0.0039576
     308  5.4210450E-04  2.5233689  1.1116638E+12    0.0039544
     309  5.4434116E-04  2.5147281  1.1029719E+12    0.0039513
     310  5.4657594E-04  2.5061841  1.0943390E+12    0.0039484
     311  5.4880053E-04  2.4977169  1.0857814E+12    0.0039456
     312  5.5100603E-04  2.4893102  1.0773181E+12    0.0039427
     313  5.5318360E-04  2.4809509  1.0689688E+12    0.0039399
     314  5.5500000E-04  2.4739000  1.0620000E+12    0.0039374
     315  5.5712290E-04  2.4656707  1.0537761E+12    0.0039347
     316  5.5979449E-04  2.4554697  1.0432761E+12    0.0039317
     317  5.6239185E-04  2.4456737  1.0330015E+12    0.0039292
     318  5.6495240E-04  2.4360894  1.0229018E+12    0.0039268
     319  5.6748699E-04  2.4266313  1.0130194E+12    0.0039245
     320  5.7000614E-04  2.4172192  1.0033913E+12    0.0039220
     321  5.7251953E-04  2.4077774  9.9405479E+11    0.0039190
     322  5.7503651E-04  2.3982325  9.8504854E+11    0.0039156
     323  5.7756638E-04  2.3885099  9.7641459E+11    0.0039113
     324  5.8000000E-04  2.3790000  9.6857000E+11    0.0039065
     325  5.8256867E-04  2.3687279  9.6090974E+11    0.0039001
     326  5.8512375E-04  2.3582800  9.5389824E+11    0.0038925
     327  5.8767138E-04  2.3477070  9.4735956E+11    0.0038842
     328  5.9020862E-04  2.3370939  9.4115126E+11    0.0038753
     329  5.9295162E-04  2.3256070  9.3461812E+11    0.0038654
     330  5.9568045E-04  2.3142488  9.2813624E+11    0.0038556
     331  5.9838342E-04  2.3031485  9.2157029E+11    0.0038464
     332  6.0104039E-04  2.2924597  9.1482332E+11    0.0038381
     333  6.0363476E-04  2.2823069  9.0781705E+11    0.0038311
     334  6.0500000E-04  2.2771000  9.0392000E+11    0.0038279
     335  6.0751161E-04  2.2677880  8.9633019E+11    0.0038232
     336  6.0990031E-04  2.2592089  8.8869684E+11    0.0038198
     337  6.1222361E-04  2.2510663  8.8100289E+11    0.0038172
     338  6.1449789E-04  2.2432354  8.7331989E+11    0.0038153
     339  6.1673725E-04  2.2356111  8.6570584E+11    0.0038136
     340  6.1895354E-04  2.2281032  8.5821268E+11    0.0038120
     341  6.2148850E-04  2.2195040  8.4980434E+11    0.0038100
     342  6.2405940E-04  2.2107048  8.4157503E+11    0.0038074
     343  6.2667424E-04  2.2016044  8.3364047E+11    0.0038039
     344  6.2935768E-04  2.1920339  8.2608556E+11    0.0037991
     345  6.3000000E-04  2.1897000  8.2438000E+11    0.0037977
     346  6.3128464E-04  2.1849955  8.2109774E+11    0.0037947
     347  6.3385392E-04  2.1754851  8.1499579E+11    0.0037877
     348  6.3653702E-04  2.1654312  8.0915470E+11    0.0037795
     349  6.3921093E-04  2.1553141  8.0372133E+11    0.0037704

#-- 1:it 2:time[s] 3:T9[GK] 4:rho[g/cm3] 5:entropy[kB/baryon]
     350  6.4187165E-04  2.1451766  7.9855091E+11    0.0037609
     351  6.4450986E-04  2.1350809  7.9351573E+11    0.0037513
     352  6.4711725E-04  2.1250843  7.8849543E+11    0.0037418
     353  6.5041466E-04  2.1124517  7.8188433E+11    0.0037302
     354  6.5368563E-04  2.0999733  7.7480774E+11    0.0037196
     355  6.5600000E-04  2.0912000  7.6936000E+11    0.0037129
     356  6.5900163E-04  2.0797200  7.6167946E+11    0.0037051
     357  6.6190897E-04  2.0684111  7.5373106E+11    0.0036981
     358  6.6471540E-04  2.0574219  7.4576031E+11    0.0036917
     359  6.6715098E-04  2.0479027  7.3873247E+11    0.0036864
     360  6.6956214E-04  2.0385590  7.3177919E+11    0.0036813
     361  6.7199732E-04  2.0292634  7.2485804E+11    0.0036763
     362  6.7448981E-04  2.0199581  7.1797756E+11    0.0036713
     363  6.7707533E-04  2.0105954  7.1116117E+11    0.0036661
     364  6.7979788E-04  2.0011304  7.0445050E+11    0.0036605
     365  6.8100000E-04  1.9971000  7.0167000E+11    0.0036581
     366  6.8340424E-04  1.9893712  6.9646076E+11    0.0036531
     367  6.8667016E-04  1.9795076  6.8999979E+11    0.0036466
     368  6.9020813E-04  1.9694130  6.8355793E+11    0.0036396
     369  6.9395625E-04  1.9590895  6.7706213E+11    0.0036323
     370  6.9781006E-04  1.9485404  6.7040495E+11    0.0036249
     371  7.0161436E-04  1.9378607  6.6353082E+11    0.0036177
     372  7.0521280E-04  1.9272235  6.5647181E+11    0.0036109
     373  7.0600000E-04  1.9248000  6.5483000E+11    0.0036094
     374  7.0757440E-04  1.9198606  6.5142962E+11    0.0036065
     375  7.1064325E-04  1.9099689  6.4442912E+11    0.0036011
     376  7.1347842E-04  1.9005950  6.3765436E+11    0.0035962
     377  7.1617398E-04  1.8915477  6.3106862E+11    0.0035917
     378  7.1878086E-04  1.8827374  6.2467443E+11    0.0035873
     379  7.2133549E-04  1.8741040  6.1848079E+11    0.0035829
     380  7.2386722E-04  1.8656030  6.1250183E+11    0.0035784
     381  7.2640249E-04  1.8571981  6.0675731E+11    0.0035736
     382  7.2896780E-04  1.8488566  6.0127454E+11    0.0035685
     383  7.3100000E-04  1.8424000  5.9722000E+11    0.0035642
     384  7.3373498E-04  1.8338453  5.9212428E+11    0.0035580
     385  7.3650469E-04  1.8252529  5.8727106E+11    0.0035512
     386  7.3931284E-04  1.8166241  5.8260949E+11    0.0035440
     387  7.4215418E-04  1.8079884  5.7810150E+11    0.0035365
     388  7.4502319E-04  1.7993758  5.7370589E+11    0.0035287
     389  7.4791368E-04  1.7908181  5.6937976E+11    0.0035210
     390  7.5088054E-04  1.7821696  5.6498833E+11    0.0035132
     391  7.5381650E-04  1.7737567  5.6063503E+11    0.0035058
     392  7.5600000E-04  1.7676000  5.5736000E+11    0.0035006
     393  7.5887086E-04  1.7597704  5.5313803E+11    0.0034941
     394  7.6172790E-04  1.7523145  5.4912023E+11    0.0034879
     395  7.6464425E-04  1.7449352  5.4513676E+11    0.0034818
     396  7.6760536E-04  1.7375645  5.4114137E+11    0.0034758
     397  7.7057283E-04  1.7301829  5.3711512E+11    0.0034699
     398  7.7349848E-04  1.7227962  5.3305522E+11    0.0034640
     399  7.7633530E-04  1.7154256  5.2897075E+11    0.0034582

#-- 1:it 2:time[s] 3:T9[GK] 4:rho[g/cm3] 5:entropy[kB/baryon]
     400  7.7904607E-04  1.7080992  5.2487817E+11    0.0034525
     401  7.8160772E-04  1.7008441  5.2079610E+11    0.0034469
     402  7.8200000E-04  1.6997000  5.2015000E+11    0.0034460
     403  7.8278456E-04  1.6973833  5.1883514E+11    0.0034443
     404  7.8435368E-04  1.6926423  5.1611270E+11    0.0034408
     405  7.8658315E-04  1.6856926  5.1206618E+11    0.0034358
     406  7.8866414E-04  1.6790244  5.0814581E+11    0.0034311
     407  7.9063992E-04  1.6725737  5.0433814E+11    0.0034266
     408  7.9253894E-04  1.6662998  5.0063592E+11    0.0034223
     409  7.9438293E-04  1.6601706  4.9703264E+11    0.0034180
     410  7.9618901E-04  1.6541615  4.9352384E+11    0.0034138
     411  7.9797141E-04  1.6482528  4.9010705E+11    0.0034096
     412  7.9974264E-04  1.6424288  4.8678166E+11    0.0034053
     413  8.0151442E-04  1.6366762  4.8354887E+11    0.0034011
     414  8.0329846E-04  1.6309833  4.8041179E+11    0.0033967
     415  8.0510718E-04  1.6253396  4.7737584E+11    0.0033922
     416  8.0700000E-04  1.6196000  4.7438000E+11    0.0033874
     417  8.0948043E-04  1.6122543  4.7070348E+11    0.0033809
     418  8.1204389E-04  1.6047707  4.6712295E+11    0.0033739
     419  8.1468493E-04  1.5971749  4.6362596E+11    0.0033665
     420  8.1739909E-04  1.5894888  4.6019193E+11    0.0033588
     421  8.2017899E-04  1.5817419  4.5679742E+11    0.0033508
     422  8.2301427E-04  1.5739706  4.5341644E+11    0.0033427
     423  8.2628275E-04  1.5651739  4.4955996E+11    0.0033337
     424  8.2955036E-04  1.5565517  4.4568214E+11    0.0033250
     425  8.3200000E-04  1.5502000  4.4272000E+11    0.0033189
     426  8.3532239E-04  1.5418706  4.3867451E+11    0.0033114
     427  8.3865881E-04  1.5338625  4.3464908E+11    0.0033045
     428  8.4208699E-04  1.5258710  4.3055136E+11    0.0032979
     429  8.4556264E-04  1.5178746  4.2643627E+11    0.0032913
     430  8.4904030E-04  1.5098411  4.2235811E+11    0.0032846
     431  8.5247094E-04  1.5017508  4.1837326E+11    0.0032775
     432  8.5580892E-04  1.4935984  4.1453209E+11    0.0032699
     433  8.5700000E-04  1.4906000  4.1317000E+11    0.0032669
     434  8.5938217E-04  1.4844648  4.1045481E+11    0.0032608
     435  8.6240842E-04  1.4764636  4.0702162E+11    0.0032524
     436  8.6530643E-04  1.4686444  4.0375565E+11    0.0032440
     437  8.6812861E-04  1.4609405  4.0060020E+11    0.0032356
     438  8.7089678E-04  1.4533519  3.9753335E+11    0.0032271
     439  8.7362983E-04  1.4458781  3.9453666E+11    0.0032187
     440  8.7634445E-04  1.4385202  3.9159453E+11    0.0032105
     441  8.7905633E-04  1.4312806  3.8869302E+11    0.0032023
     442  8.8178110E-04  1.4241636  3.8581900E+11    0.0031944
     443  8.8200000E-04  1.4236000  3.8559000E+11    0.0031938
     444  8.8243780E-04  1.4224747  3.8513302E+11    0.0031925
     445  8.8331340E-04  1.4202273  3.8422331E+11    0.0031900
     446  8.8506461E-04  1.4157468  3.8241992E+11    0.0031850
     447  8.8788703E-04  1.4085688  3.7955368E+11    0.0031770
     448  8.9065348E-04  1.4015903  3.7678503E+11    0.0031690
     449  8.9341915E-04  1.3946767  3.7404930E+11    0.0031612

#-- 1:it 2:time[s] 3:T9[GK] 4:rho[g/cm3] 5:entropy[kB/baryon]
     450  8.9618263E-04  1.3878372  3.7133994E+11    0.0031534
     451  8.9894527E-04  1.3810742  3.6864790E+11    0.0031458
     452  9.0170835E-04  1.3743904  3.6596450E+11    0.0031383
     453  9.0447317E-04  1.3677883  3.6328124E+11    0.0031310
     454  9.0724113E-04  1.3612703  3.6058973E+11    0.0031239
     455  9.0800000E-04  1.3595000  3.5985000E+11    0.0031220
     456  9.0951775E-04  1.3559910  3.5836930E+11    0.0031183
     457  9.1236514E-04  1.3495252  3.5559190E+11    0.0031116
     458  9.1516991E-04  1.3432782  3.5286020E+11    0.0031053
     459  9.1799680E-04  1.3370726  3.5011515E+11    0.0030991
     460  9.2083158E-04  1.3309094  3.4737468E+11    0.0030931
     461  9.2471492E-04  1.3225067  3.4364744E+11    0.0030848
     462  9.2850574E-04  1.3142809  3.4004734E+11    0.0030765
     463  9.3223103E-04  1.3061051  3.3655465E+11    0.0030681
     464  9.3300000E-04  1.3044000  3.3584000E+11    0.0030663
     465  9.3453793E-04  1.3009860  3.3441596E+11    0.0030626
     466  9.3761380E-04  1.2941724  3.3158567E+11    0.0030553
     467  9.4117091E-04  1.2863002  3.2834206E+11    0.0030469
     468  9.4490880E-04  1.2780125  3.2496750E+11    0.0030378
     469  9.4858407E-04  1.2698237  3.2168318E+11    0.0030287
     470  9.5219829E-04  1.2617092  3.1848581E+11    0.0030195
     471  9.5574386E-04  1.2536679  3.1538023E+11    0.0030102
     472  9.5800000E-04  1.2485000  3.1342000E+11    0.0030041
     473  9.6146589E-04  1.2405233  3.1042592E+11    0.0029946
     474  9.6482027E-04  1.2327816  3.0754696E+11    0.0029853
     475  9.6812620E-04  1.2251109  3.0473324E+11    0.0029759
     476  9.7137590E-04  1.2175126  3.0199534E+11    0.0029664
     477  9.7456530E-04  1.2099824  2.9933984E+11    0.0029568
     478  9.7769097E-04  1.2025168  2.9677199E+11    0.0029471
     479  9.8075022E-04  1.1951133  2.9429567E+11    0.0029372
     480  9.8300000E-04  1.1896000  2.9250000E+11    0.0029297
     481  9.8596638E-04  1.1822857  2.9013047E+11    0.0029197
     482  9.8884483E-04  1.1751662  2.8781489E+11    0.0029099
     483  9.9167572E-04  1.1681226  2.8554407E+11    0.0029002
     484  9.9445599E-04  1.1611456  2.8334037E+11    0.0028903
     485  9.9718460E-04  1.1542236  2.8122174E+11    0.0028803
     486  9.9986064E-04  1.1473469  2.7920339E+11    0.0028701
     487  1.0024835E-03  1.1405077  2.7729790E+11    0.0028595
     488  1.0050526E-03  1.1336995  2.7551546E+11    0.0028486
     489  1.0075678E-03  1.1269176  2.7386408E+11    0.0028372
     490  1.0090000E-03  1.1230000  2.7297000E+11    0.0028304
     491  1.0114695E-03  1.1161797  2.7154106E+11    0.0028181
     492  1.0138614E-03  1.1095157  2.7029091E+11    0.0028056
     493  1.0162297E-03  1.1028552  2.6915089E+11    0.0027926
     494  1.0185641E-03  1.0962248  2.6809262E+11    0.0027794
     495  1.0208578E-03  1.0896415  2.6708797E+11    0.0027661
     496  1.0231052E-03  1.0831210  2.6611137E+11    0.0027529
     497  1.0253019E-03  1.0766767  2.6514020E+11    0.0027398
     498  1.0274445E-03  1.0703199  2.6415502E+11    0.0027269
     499  1.0295309E-03  1.0640593  2.6313962E+11    0.0027144

#-- 1:it 2:time[s] 3:T9[GK] 4:rho[g/cm3] 5:entropy[kB/baryon]
     500  1.0315597E-03  1.0579015  2.6208093E+11    0.0027022
     501  1.0335849E-03  1.0516836  2.6093682E+11    0.0026902
     502  1.0340000E-03  1.0504000  2.6069000E+11    0.0026877
     503  1.0348302E-03  1.0478148  2.6018590E+11    0.0026828
     504  1.0364907E-03  1.0425617  2.5914386E+11    0.0026729
     505  1.0383731E-03  1.0364929  2.5791411E+11    0.0026615
     506  1.0401847E-03  1.0305622  2.5668949E+11    0.0026504
     507  1.0419469E-03  1.0247303  2.5546650E+11    0.0026395
     508  1.0436691E-03  1.0189916  2.5424753E+11    0.0026288
     509  1.0453591E-03  1.0133408  2.5303436E+11    0.0026183
     510  1.0470237E-03  1.0077737  2.5182854E+11    0.0026080
     511  1.0486688E-03  1.0022868  2.5063143E+11    0.0025979
     512  1.0502998E-03  0.9968772  2.4944426E+11    0.0025879
     513  1.0519121E-03  0.9915736  2.4827502E+11    0.0025781
     514  1.0535139E-03  0.9863622  2.4712227E+11    0.0025684
     515  1.0551164E-03  0.9812192  2.4598214E+11    0.0025589
     516  1.0567241E-03  0.9761443  2.4485597E+11    0.0025495
     517  1.0583416E-03  0.9711368  2.4374490E+11    0.0025402
     518  1.0590000E-03  0.9691300  2.4330000E+11    0.0025364
     519  1.0603167E-03  0.9651469  2.4240895E+11    0.0025290
     520  1.0619800E-03  0.9601486  2.4126957E+11    0.0025198
     521  1.0636202E-03  0.9552576  2.4013565E+11    0.0025109
     522  1.0658437E-03  0.9486902  2.3859077E+11    0.0024989
     523  1.0680359E-03  0.9422896  2.3706954E+11    0.0024872
     524  1.0702268E-03  0.9359697  2.3556222E+11    0.0024757
     525  1.0724159E-03  0.9297358  2.3408008E+11    0.0024643
     526  1.0746039E-03  0.9235889  2.3263304E+11    0.0024529
     527  1.0767915E-03  0.9175299  2.3123084E+11    0.0024417
     528  1.0789797E-03  0.9115597  2.2988298E+11    0.0024304
     529  1.0811693E-03  0.9056791  2.2859882E+11    0.0024191
     530  1.0833612E-03  0.8998889  2.2738764E+11    0.0024078
     531  1.0840000E-03  0.8982200  2.2705000E+11    0.0024045
     532  1.0852776E-03  0.8948976  2.2640193E+11    0.0023978
     533  1.0875135E-03  0.8891220  2.2535441E+11    0.0023859
     534  1.0900363E-03  0.8826771  2.2428073E+11    0.0023722
     535  1.0925489E-03  0.8763496  2.2329559E+11    0.0023585
     536  1.0950580E-03  0.8701386  2.2236549E+11    0.0023449
     537  1.0975723E-03  0.8640379  2.2145749E+11    0.0023314
     538  1.1001033E-03  0.8580363  2.2053805E+11    0.0023183
     539  1.1025863E-03  0.8522996  2.1960251E+11    0.0023059
     540  1.1051016E-03  0.8466548  2.1859278E+11    0.0022940
     541  1.1076572E-03  0.8411058  2.1747450E+11    0.0022827
     542  1.1090000E-03  0.8382700  2.1684000E+11    0.0022772
     543  1.1116105E-03  0.8330385  2.1550911E+11    0.0022675
     544  1.1143223E-03  0.8280056  2.1401678E+11    0.0022590
     545  1.1171695E-03  0.8230373  2.1236617E+11    0.0022512
     546  1.1201532E-03  0.8180372  2.1058521E+11    0.0022437
     547  1.1232505E-03  0.8129153  2.0872587E+11    0.0022363
     548  1.1264181E-03  0.8075849  2.0686073E+11    0.0022282
     549  1.1294894E-03  0.8021707  2.0513195E+11    0.0022194

#-- 1:it 2:time[s] 3:T9[GK] 4:rho[g/cm3] 5:entropy[kB/baryon]
     550  1.1323903E-03  0.7966998  2.0360933E+11    0.0022096
     551  1.1350000E-03  0.7913800  2.0236000E+11    0.0021992
     552  1.1374440E-03  0.7860185  2.0131130E+11    0.0021880
     553  1.1398123E-03  0.7805374  2.0039282E+11    0.0021758
     554  1.1420506E-03  0.7751621  1.9959203E+11    0.0021635
     555  1.1441959E-03  0.7698855  1.9886765E+11    0.0021511
     556  1.1462730E-03  0.7647073  1.9819061E+11    0.0021389
     557  1.1483007E-03  0.7596284  1.9753835E+11    0.0021268
     558  1.1502942E-03  0.7546504  1.9689208E+11    0.0021149
     559  1.1522666E-03  0.7497758  1.9623510E+11    0.0021033
     560  1.1542300E-03  0.7450076  1.9555161E+11    0.0020922
     561  1.1561960E-03  0.7403500  1.9482576E+11    0.0020814
     562  1.1581766E-03  0.7358090  1.9404066E+11    0.0020713
     563  1.1600000E-03  0.7317900  1.9326000E+11    0.0020625
     564  1.1620574E-03  0.7273936  1.9230375E+11    0.0020534
     565  1.1641259E-03  0.7230542  1.9127148E+11    0.0020446
     566  1.1661904E-03  0.7187996  1.9018634E+11    0.0020363
     567  1.1682547E-03  0.7146182  1.8906231E+11    0.0020283
     568  1.1707833E-03  0.7095900  1.8765493E+11    0.0020188
     569  1.1733711E-03  0.7045443  1.8620689E+11    0.0020095
     570  1.1760192E-03  0.6994786  1.8474679E+11    0.0020001
     571  1.1787307E-03  0.6943866  1.8330548E+11    0.0019905
     572  1.1815099E-03  0.6892593  1.8191691E+11    0.0019807
     573  1.1843621E-03  0.6840856  1.8061914E+11    0.0019703
     574  1.1850000E-03  0.6829400  1.8035000E+11    0.0019679
     575  1.1862757E-03  0.6806607  1.7983147E+11    0.0019631
     576  1.1888272E-03  0.6761516  1.7885694E+11    0.0019534
     577  1.1918655E-03  0.6708731  1.7778837E+11    0.0019418
     578  1.1945780E-03  0.6662492  1.7690048E+11    0.0019314
     579  1.1973066E-03  0.6616871  1.7605289E+11    0.0019210
     580  1.2000620E-03  0.6571755  1.7522663E+11    0.0019106
     581  1.2028481E-03  0.6527158  1.7440458E+11    0.0019003
     582  1.2056679E-03  0.6483115  1.7356919E+11    0.0018903
     583  1.2085243E-03  0.6439670  1.7270201E+11    0.0018805
     584  1.2100000E-03  0.6417700  1.7224000E+11    0.0018757
     585  1.2128799E-03  0.6376440  1.7134927E+11    0.0018666
     586  1.2158656E-03  0.6335936  1.7046158E+11    0.0018577
     587  1.2189714E-03  0.6295521  1.6955795E+11    0.0018489
     588  1.2221785E-03  0.6254828  1.6862537E+11    0.0018401
     589  1.2254503E-03  0.6213566  1.6765287E+11    0.0018313
     590  1.2287382E-03  0.6171509  1.6663207E+11    0.0018224
     591  1.2319899E-03  0.6128519  1.6555845E+11    0.0018133
     592  1.2350000E-03  0.6086800  1.6449000E+11    0.0018047
     593  1.2380472E-03  0.6042646  1.6330333E+11    0.0017956
     594  1.2409773E-03  0.5998966  1.6206571E+11    0.0017869
     595  1.2438167E-03  0.5955810  1.6080678E+11    0.0017784
     596  1.2465916E-03  0.5913128  1.5954728E+11    0.0017701
     597  1.2493249E-03  0.5870862  1.5830385E+11    0.0017618
     598  1.2520357E-03  0.5828967  1.5709143E+11    0.0017534
     599  1.2547411E-03  0.5787412  1.5592465E+11    0.0017450

#-- 1:it 2:time[s] 3:T9[GK] 4:rho[g/cm3] 5:entropy[kB/baryon]
     600  1.2574568E-03  0.5746187  1.5481887E+11    0.0017364
     601  1.2601975E-03  0.5705302  1.5379105E+11    0.0017276
     602  1.2610000E-03  0.5693500  1.5351000E+11    0.0017250
     603  1.2626049E-03  0.5669975  1.5297088E+11    0.0017197
     604  1.2654089E-03  0.5628892  1.5208638E+11    0.0017102
     605  1.2682642E-03  0.5587183  1.5124828E+11    0.0017003
     606  1.2711666E-03  0.5545043  1.5044635E+11    0.0016901
     607  1.2741166E-03  0.5502600  1.4966771E+11    0.0016797
     608  1.2771182E-03  0.5459948  1.4889761E+11    0.0016691
     609  1.2801773E-03  0.5417163  1.4811960E+11    0.0016585
     610  1.2833012E-03  0.5374319  1.4731546E+11    0.0016479
     611  1.2860000E-03  0.5338100  1.4660000E+11    0.0016391
     612  1.2892634E-03  0.5294896  1.4572114E+11    0.0016287
     613  1.2925649E-03  0.5251579  1.4483731E+11    0.0016182
     614  1.2958371E-03  0.5209277  1.4396661E+11    0.0016080
     615  1.2991018E-03  0.5167924  1.4310309E+11    0.0015980
     616  1.3023771E-03  0.5127518  1.4224200E+11    0.0015883
     617  1.3056822E-03  0.5088063  1.4137838E+11    0.0015789
     618  1.3090383E-03  0.5049575  1.4050688E+11    0.0015697
     619  1.3110000E-03  0.5027900  1.4000000E+11    0.0015647
     620  1.3145826E-03  0.4990071  1.3907703E+11    0.0015559
     621  1.3181987E-03  0.4953930  1.3814891E+11    0.0015477
     622  1.3219512E-03  0.4918090  1.3719171E+11    0.0015398
     623  1.3258064E-03  0.4882505  1.3621701E+11    0.0015319
     624  1.3297267E-03  0.4847053  1.3523737E+11    0.0015241
     625  1.3336638E-03  0.4811642  1.3426768E+11    0.0015162
     626  1.3360000E-03  0.4790500  1.3370000E+11    0.0015115
     627  1.3399106E-03  0.4756037  1.3276570E+11    0.0015038
     628  1.3438004E-03  0.4723300  1.3185425E+11    0.0014965
     629  1.3478127E-03  0.4690183  1.3092741E+11    0.0014892
     630  1.3518390E-03  0.4656649  1.3000550E+11    0.0014816
     631  1.3557726E-03  0.4622689  1.2910763E+11    0.0014738
     632  1.3595184E-03  0.4588456  1.2825074E+11    0.0014657
     633  1.3620000E-03  0.4564400  1.2768000E+11    0.0014599
     634  1.3653161E-03  0.4530142  1.2691397E+11    0.0014514
     635  1.3683504E-03  0.4497003  1.2621190E+11    0.0014430
     636  1.3711901E-03  0.4464965  1.2555495E+11    0.0014347
     637  1.3739066E-03  0.4433823  1.2492740E+11    0.0014266
     638  1.3765463E-03  0.4403477  1.2431923E+11    0.0014186
     639  1.3791439E-03  0.4373877  1.2372300E+11    0.0014109
     640  1.3817289E-03  0.4345000  1.2313254E+11    0.0014033
     641  1.3843291E-03  0.4316852  1.2254213E+11    0.0013960
     642  1.3869741E-03  0.4289461  1.2194582E+11    0.0013890
     643  1.3870000E-03  0.4289200  1.2194000E+11    0.0013889
     644  1.3870518E-03  0.4288678  1.2192837E+11    0.0013888
     645  1.3871555E-03  0.4287635  1.2190510E+11    0.0013885
     646  1.3873627E-03  0.4285551  1.2185858E+11    0.0013880
     647  1.3877773E-03  0.4281392  1.2176559E+11    0.0013869
     648  1.3886064E-03  0.4273111  1.2157981E+11    0.0013848
     649  1.3902646E-03  0.4256695  1.2120904E+11    0.0013806

#-- 1:it 2:time[s] 3:T9[GK] 4:rho[g/cm3] 5:entropy[kB/baryon]
     650  1.3931091E-03  0.4228986  1.2057551E+11    0.0013736
     651  1.3959098E-03  0.4202249  1.1995484E+11    0.0013668
     652  1.3987307E-03  0.4175859  1.1933281E+11    0.0013601
     653  1.4015696E-03  0.4149836  1.1871001E+11    0.0013536
     654  1.4044277E-03  0.4124171  1.1808629E+11    0.0013471
     655  1.4073059E-03  0.4098859  1.1746156E+11    0.0013408
     656  1.4112085E-03  0.4065376  1.1661993E+11    0.0013325
     657  1.4120000E-03  0.4058700  1.1645000E+11    0.0013308
     658  1.4135831E-03  0.4045500  1.1611092E+11    0.0013276
     659  1.4167492E-03  0.4019726  1.1543583E+11    0.0013212
     660  1.4206865E-03  0.3988679  1.1460192E+11    0.0013137
     661  1.4246534E-03  0.3958304  1.1376791E+11    0.0013063
     662  1.4286540E-03  0.3928358  1.1293291E+11    0.0012991
     663  1.4326898E-03  0.3898612  1.1209661E+11    0.0012919
     664  1.4367601E-03  0.3868852  1.1125918E+11    0.0012848
     665  1.4370000E-03  0.3867100  1.1121000E+11    0.0012843
     666  1.4374799E-03  0.3863594  1.1111167E+11    0.0012835
     667  1.4384396E-03  0.3856571  1.1091505E+11    0.0012818
     668  1.4403590E-03  0.3842493  1.1052213E+11    0.0012784
     669  1.4441978E-03  0.3814365  1.0973849E+11    0.0012715
     670  1.4483295E-03  0.3784453  1.0890046E+11    0.0012642
     671  1.4524804E-03  0.3755177  1.0806678E+11    0.0012571
     672  1.4566540E-03  0.3726926  1.0723951E+11    0.0012503
     673  1.4608580E-03  0.3700068  1.0641994E+11    0.0012439
     674  1.4620000E-03  0.3693100  1.0620000E+11    0.0012423
     675  1.4642841E-03  0.3679950  1.0576446E+11    0.0012394
     676  1.4667879E-03  0.3666773  1.0529344E+11    0.0012365
     677  1.4694906E-03  0.3653608  1.0479127E+11    0.0012339
     678  1.4723879E-03  0.3640232  1.0425862E+11    0.0012312
     679  1.4754310E-03  0.3626436  1.0370368E+11    0.0012286
     680  1.4785248E-03  0.3612065  1.0314228E+11    0.0012257
     681  1.4815458E-03  0.3597099  1.0259492E+11    0.0012225
     682  1.4843847E-03  0.3581681  1.0207970E+11    0.0012191
     683  1.4869820E-03  0.3566022  1.0160632E+11    0.0012153
     684  1.4880000E-03  0.3559400  1.0142000E+11    0.0012136
     685  1.4900361E-03  0.3545348  1.0104644E+11    0.0012100
     686  1.4920725E-03  0.3530377  1.0067218E+11    0.0012061
     687  1.4939870E-03  0.3515613  1.0032004E+11    0.0012020
 Evolution mode: switching on heating
     688  1.4957266E-03  0.3501731  9.9999996E+10    0.0011982
     689  1.4959461E-03  0.3653725  9.9959623E+10    0.0012561
     690  1.4960511E-03  0.3725435  9.9940320E+10    0.0012832
     691  1.4961025E-03  0.3760358  9.9930857E+10    0.0012964
     692  1.4961408E-03  0.3786204  9.9923816E+10    0.0013062
     693  1.4961722E-03  0.3807303  9.9918043E+10    0.0013142
     694  1.4961991E-03  0.3825339  9.9913090E+10    0.0013210
     695  1.4962229E-03  0.3841212  9.9908717E+10    0.0013270
     696  1.4962443E-03  0.3855467  9.9904778E+10    0.0013324
     697  1.4962639E-03  0.3868462  9.9901177E+10    0.0013373
     698  1.4962820E-03  0.3880448  9.9897848E+10    0.0013418
     699  1.4962989E-03  0.3891609  9.9894741E+10    0.0013460

#-- 1:it 2:time[s] 3:T9[GK] 4:rho[g/cm3] 5:entropy[kB/baryon]
     700  1.4963148E-03  0.3902085  9.9891818E+10    0.0013499
     701  1.4963298E-03  0.3911986  9.9889050E+10    0.0013537
     702  1.4963441E-03  0.3921397  9.9886414E+10    0.0013572
     703  1.4963728E-03  0.3940144  9.9881142E+10    0.0013642
     704  1.4964302E-03  0.3977338  9.9870597E+10    0.0013782
     705  1.4965266E-03  0.4039051  9.9852868E+10    0.0014014
     706  1.4966064E-03  0.4089630  9.9838184E+10    0.0014204
     707  1.4966759E-03  0.4133223  9.9825410E+10    0.0014367
     708  1.4967381E-03  0.4171945  9.9813970E+10    0.0014512
     709  1.4967879E-03  0.4202730  9.9804813E+10    0.0014627
     710  1.4968383E-03  0.4233700  9.9795538E+10    0.0014743
     711  1.4968870E-03  0.4263399  9.9786584E+10    0.0014854
     712  1.4969324E-03  0.4290883  9.9778246E+10    0.0014957
     713  1.4969750E-03  0.4316564  9.9770409E+10    0.0015052
     714  1.4970154E-03  0.4340756  9.9762985E+10    0.0015143
     715  1.4970539E-03  0.4363707  9.9755905E+10    0.0015228
     716  1.4970908E-03  0.4385618  9.9749111E+10    0.0015310
     717  1.4971265E-03  0.4406656  9.9742556E+10    0.0015388
     718  1.4971610E-03  0.4426962  9.9736198E+10    0.0015464
     719  1.4971947E-03  0.4446660  9.9730003E+10    0.0015537
     720  1.4972277E-03  0.4465862  9.9723938E+10    0.0015609
     721  1.4972602E-03  0.4484668  9.9717971E+10    0.0015679
     722  1.4972923E-03  0.4503173  9.9712076E+10    0.0015748
     723  1.4973241E-03  0.4521467  9.9706223E+10    0.0015816
     724  1.4973558E-03  0.4539640  9.9700385E+10    0.0015883
     725  1.4973877E-03  0.4557782  9.9694533E+10    0.0015951
     726  1.4974198E-03  0.4575987  9.9688637E+10    0.0016018
     727  1.4974522E-03  0.4594352  9.9682665E+10    0.0016087
     728  1.4974853E-03  0.4612984  9.9676582E+10    0.0016156
     729  1.4975192E-03  0.4631999  9.9670349E+10    0.0016226
     730  1.4975542E-03  0.4651525  9.9663920E+10    0.0016299
     731  1.4975905E-03  0.4671708  9.9657248E+10    0.0016374
     732  1.4976285E-03  0.4692709  9.9650274E+10    0.0016452
     733  1.4976684E-03  0.4714709  9.9642936E+10    0.0016533
     734  1.4977107E-03  0.4737904  9.9635162E+10    0.0016619
     735  1.4977558E-03  0.4762507  9.9626875E+10    0.0016711
     736  1.4978041E-03  0.4788728  9.9617997E+10    0.0016808
     737  1.4978560E-03  0.4816763  9.9608451E+10    0.0016912
     738  1.4979119E-03  0.4846763  9.9598176E+10    0.0017023
     739  1.4979720E-03  0.4878808  9.9587133E+10    0.0017141
     740  1.4980363E-03  0.4912888  9.9575311E+10    0.0017268
     741  1.4981048E-03  0.4948901  9.9562732E+10    0.0017401
     742  1.4981771E-03  0.4986679  9.9549443E+10    0.0017541
     743  1.4982530E-03  0.5026028  9.9535500E+10    0.0017686
     744  1.4983322E-03  0.5066761  9.9520958E+10    0.0017837
     745  1.4984143E-03  0.5108727  9.9505861E+10    0.0017992
     746  1.4984994E-03  0.5151814  9.9490240E+10    0.0018151
     747  1.4985871E-03  0.5195945  9.9474116E+10    0.0018314
     748  1.4986776E-03  0.5241067  9.9457499E+10    0.0018480
     749  1.4987707E-03  0.5287148  9.9440394E+10    0.0018650

#-- 1:it 2:time[s] 3:T9[GK] 4:rho[g/cm3] 5:entropy[kB/baryon]
     750  1.4988665E-03  0.5334167  9.9422801E+10    0.0018824
     751  1.4989577E-03  0.5378573  9.9406063E+10    0.0018988
     752  1.4990508E-03  0.5423604  9.9388964E+10    0.0019154
     753  1.4991460E-03  0.5469313  9.9371481E+10    0.0019322
     754  1.4992435E-03  0.5515768  9.9353582E+10    0.0019493
     755  1.4993433E-03  0.5562990  9.9335255E+10    0.0019667
