# 1:A 2:Z 3:N 4:Yi 5:Xi
    1      1      0     3.13620929093948E-11   3.13620929093948E-11
    2      1      1     9.78631891603229E-14   1.95726378320646E-13
    3      1      2     1.30063640260302E-12   3.90190920780906E-12
    3      2      1     1.04048522382722E-13   3.12145567148165E-13
    4      2      2     1.34123692316817E-07   5.36494769267266E-07
    6      3      3     4.85833118571599E-16   2.91499871142960E-15
    7      3      4     4.46145209096621E-13   3.12301646367635E-12
    9      4      5     2.71345652833396E-12   2.44211087550056E-11
   10      4      6     1.30165050975978E-16   1.30165050975978E-15
   11      5      6     6.00593331915863E-15   6.60652665107449E-14
   12      6      6     1.92776917305886E-12   2.31332300767063E-11
   13      6      7     7.55526873403428E-12   9.82184935424457E-11
   14      6      8     4.99337546145745E-11   6.99072564604043E-10
   14      7      7     2.53043721938337E-14   3.54261210713672E-13
   15      7      8     4.36402804915853E-11   6.54604207373780E-10
   16      8      8     3.48348204852242E-12   5.57357127763587E-11
   17      8      9     1.84102382749178E-14   3.12974050673603E-13
   18      8     10     4.00952745917392E-12   7.21714942651306E-11
   19      9     10     5.51284032796259E-12   1.04743966231289E-10
   20     10     10     1.91266858590028E-13   3.82533717180055E-12
   21     10     11     4.37832787811991E-13   9.19448854405180E-12
   22     10     12     5.61317213254809E-13   1.23489786916058E-11
   23     11     12     8.16894947614980E-14   1.87885837951445E-12
   24     12     12     2.44907382218913E-14   5.87777717325392E-13
   25     12     13     9.27326861264638E-14   2.31831715316159E-12
   26     12     14     2.41509565460413E-13   6.27924870197075E-12
   27     13     14     2.89982080475635E-14   7.82951617284214E-13
   28     14     14     7.08477129811349E-14   1.98373596347178E-12
   29     14     15     8.59519287600981E-14   2.49260593404285E-12
   30     14     16     2.20590260061190E-13   6.61770780183570E-12
   31     15     16     3.92515395896546E-14   1.21679772727929E-12
   32     14     18     1.07913318129896E-13   3.45322618015666E-12
   32     15     17     2.74876898180164E-17   8.79606074176525E-16
   32     16     16     6.45653603610668E-16   2.06609153155414E-14
   33     15     18     4.83292786357418E-19   1.59486619497948E-17
   33     16     17     2.50382028616585E-13   8.26260694434731E-12
   34     16     18     1.40759946620337E-13   4.78583818509145E-12
   35     16     19     1.19691762848352E-15   4.18921169969232E-14
   35     17     18     5.91327818851969E-14   2.06964736598189E-12
   36     16     20     1.48606696765506E-13   5.34984108355821E-12
   37     17     20     9.45518946459678E-14   3.49842010190081E-12
   38     18     20     8.34634949009631E-14   3.17161280623660E-12
   39     18     21     6.02179398144819E-15   2.34849965276480E-13
   39     19     20     2.12728467171601E-17   8.29641021969242E-16
   40     18     22     3.31830997411904E-14   1.32732398964762E-12
   41     19     22     7.34291062478382E-14   3.01059335616136E-12
   42     18     24     1.59889616238075E-13   6.71536388199914E-12
   42     19     23     6.82629215904494E-18   2.86704270679887E-16
   42     20     22     4.66327114241217E-15   1.95857387981311E-13
   43     20     23     3.64696539297103E-14   1.56819511897754E-12
   44     20     24     9.49152559181133E-14   4.17627126039699E-12
   45     20     25     2.31753470214807E-15   1.04289061596663E-13
   45     21     24     1.70915539076815E-14   7.69119925845669E-13
   46     20     26     1.29713615861474E-14   5.96682632962780E-13
   47     22     25     1.72494682281489E-15   8.10725006722996E-14
   48     20     28     1.52491745799355E-15   7.31960379836905E-14
   48     21     27     2.62440116146287E-19   1.25971255750218E-17
   48     22     26     5.06089197798224E-17   2.42922814943148E-15
   49     22     27     1.52396692418457E-16   7.46743792850438E-15
   50     22     28     3.60328042570405E-16   1.80164021285203E-14
   51     23     28     1.20441824028483E-16   6.14253302545266E-15
   52     24     28     8.51539802258166E-17   4.42800697174247E-15
   53     24     29     1.01268708759752E-17   5.36724156426685E-16
   54     24     30     3.34840032127455E-17   1.80813617348826E-15
   55     25     30     7.98452682405627E-19   4.39148975323095E-17
   56     26     30     3.59475562465967E-18   2.01306314980942E-16
   57     26     31     1.35433116992035E-18   7.71968766854600E-17
   58     26     32     2.27514522095011E-18   1.31958422815107E-16
   59     27     32     1.18451903864524E-18   6.98866232800691E-17
   60     26     34     2.14018190531270E-18   1.28410914318762E-16
   61     28     33     3.06759105647347E-18   1.87123054444881E-16
   62     28     34     6.05334705625475E-18   3.75307517487794E-16
   63     28     35     5.07492373795316E-18   3.19720195491049E-16
   63     29     34     4.78460954749041E-20   3.01430401491896E-18
   64     28     36     1.84251528606133E-18   1.17920978307925E-16
   65     29     36     2.08920550782817E-18   1.35798358008831E-16
   66     30     36     5.79788575866968E-19   3.82660460072199E-17
   67     30     37     7.77928990723720E-19   5.21212423784892E-17
   68     30     38     1.37827284625408E-18   9.37225535452777E-17
   69     31     38     3.19092207642846E-18   2.20173623273564E-16
   70     30     40     1.46042238135548E-18   1.02229566694883E-16
   71     31     40     2.43407317410986E-18   1.72819195361800E-16
   72     32     40     4.53235117789749E-18   3.26329284808619E-16
   73     32     41     1.25424802118069E-17   9.15601055461903E-16
   74     32     42     2.53348193747152E-16   1.87477663372893E-14
   75     33     42     1.27055319285156E-15   9.52914894638669E-14
   76     32     44     4.29389456761753E-15   3.26335987138932E-13
   77     34     43     2.09020346325476E-14   1.60945666670616E-12
   78     34     44     2.65697057932035E-14   2.07243705186987E-12
   79     34     45     1.96627128492534E-14   1.55335431509102E-12
   79     35     44     6.32291161822077E-20   4.99510017839441E-18
   80     34     46     5.64120238996865E-15   4.51296191197492E-13
   81     35     46     2.34426718490039E-14   1.89885641976932E-12
   82     34     48     3.27815391673540E-14   2.68808621172303E-12
   82     36     46     5.79803243900662E-20   4.75438659998543E-18
   83     36     47     1.78072529179794E-14   1.47800199219229E-12
   84     36     48     7.82053185224044E-14   6.56924675588197E-12
   85     36     49     3.35916644174540E-15   2.85529147548359E-13
   85     37     48     3.10134869641759E-16   2.63614639195495E-14
   86     36     50     1.18353582160681E-14   1.01784080658185E-12
   87     37     50     9.07304555091688E-14   7.89354962929768E-12
   88     38     50     1.65370141719561E-13   1.45525724713213E-11
   89     38     51     9.67505074609155E-17   8.61079516402148E-15
   89     39     50     7.98668790101015E-14   7.10815223189903E-12
   90     38     52     2.02072469804548E-13   1.81865222824093E-11
   90     39     51     5.11946476924295E-17   4.60751829231866E-15
   90     40     50     6.69266264543008E-15   6.02339638088707E-13
   91     39     52     1.47878686489720E-16   1.34569604705645E-14
   91     40     51     4.91798040897714E-14   4.47536217216920E-12
   92     40     52     8.45595141769129E-14   7.77947530427598E-12
   93     40     53     4.87040947134281E-14   4.52948080834882E-12
   93     41     52     2.86665539015296E-20   2.66598951284225E-18
   94     40     54     1.21702354355772E-13   1.14400213094426E-11
   95     40     55     1.48094166513897E-15   1.40689458188202E-13
   95     41     54     1.75798456085378E-15   1.67008533281109E-13
   95     42     53     3.02473118881028E-13   2.87349462936977E-11
   96     40     56     3.60322955667115E-13   3.45910037440430E-11
   96     41     55     1.33703813314296E-16   1.28355660781724E-14
   96     42     54     5.07168053366641E-14   4.86881331231975E-12
   97     42     55     2.44495135361303E-13   2.37160281300464E-11
   98     42     56     1.36024340905740E-13   1.33303854087625E-11
   99     43     56     2.45353337024830E-13   2.42899803654581E-11
   99     44     55     1.09430753135226E-18   1.08336445603874E-16
  100     42     58     4.94294539830522E-12   4.94294539830522E-10
  100     44     56     2.12181895927572E-20   2.12181895927571E-18
  101     44     57     1.37167788539149E-11   1.38539466424540E-09
  102     44     58     3.74362185753424E-11   3.81849429468492E-09
  103     44     59     1.48291837351793E-14   1.52740592472347E-12
  103     45     58     8.14608060003229E-11   8.39046301803326E-09
  104     44     60     2.03878611047796E-10   2.12033755489708E-08
  104     46     58     1.18722754767617E-20   1.23471664958321E-18
  105     46     59     8.63791422593227E-10   9.06980993722888E-08
  106     44     62     1.02922610217593E-09   1.09097966830649E-07
  106     45     61     9.65082835300591E-16   1.02298780541863E-13
  106     46     60     1.57994597726345E-09   1.67474273589926E-07
  107     46     61     4.64122189975443E-09   4.96610743273724E-07
  107     47     60     6.77929196116140E-16   7.25384239844270E-14
  108     46     62     7.31300207738885E-09   7.89804224357996E-07
  109     47     62     1.39644668093376E-08   1.52212688221779E-06
  110     46     64     1.10985578916493E-08   1.22084136808142E-06
  110     48     62     2.57039464204282E-16   2.82743410624710E-14
  111     48     63     1.48405896829708E-08   1.64730545480975E-06
  112     48     64     7.84106684807137E-09   8.78199486983994E-07
  113     48     65     7.00966962797992E-09   7.92092667961731E-07
  114     48     66     3.27758542665617E-09   3.73644738638803E-07
  115     49     66     1.22494593210516E-09   1.40868782192094E-07
  116     48     68     1.15118207704364E-09   1.33537120937062E-07
  116     50     66     4.09721650088542E-19   4.75277114102708E-17
  117     50     67     1.57542540167861E-09   1.84324771996398E-07
  118     50     68     9.96428767243789E-10   1.17578594534767E-07
  119     50     69     1.47253504493970E-09   1.75231670347824E-07
  120     50     70     1.16056755297002E-09   1.39268106356403E-07
  121     51     70     4.09707813933953E-09   4.95746454860083E-07
  122     50     72     9.24984469825875E-09   1.12848105318757E-06
  122     52     70     1.56364707822590E-16   1.90764943543559E-14
  123     50     73     6.44563669543793E-09   7.92813313538865E-07
  123     51     72     8.50276723206172E-08   1.04584036954359E-05
  124     50     74     4.87762627564852E-07   6.04825658180416E-05
  124     51     73     6.32078373196489E-19   7.83777182763647E-17
  124     52     72     1.81349347641949E-16   2.24873191076017E-14
  125     50     75     4.70295787427619E-20   5.87869734284524E-18
  125     51     74     5.71850971238412E-06   7.14813714048014E-04
  125     52     73     2.26619261023542E-06   2.83274076279428E-04
  126     50     76     2.73291780085353E-05   3.44347642907545E-03
  126     51     75     4.02798249214433E-12   5.07525794010186E-10
  126     52     74     1.09240696186886E-10   1.37643277195477E-08
  127     53     74     3.71436839282275E-05   4.71724785888490E-03
  128     52     76     5.23928008741951E-05   6.70627851189697E-03
  128     54     74     9.50417180901762E-19   1.21653399155426E-16
  129     53     76     3.95972656892618E-05   5.10804727391477E-03
  129     54     75     2.39372250286004E-12   3.08790202868946E-10
  130     52     78     1.27520743476705E-05   1.65776966519717E-03
  130     54     76     6.89301496575438E-15   8.96091945548069E-13
  131     54     77     1.77333786225698E-06   2.32307259955664E-04
  132     54     78     4.23411189214461E-06   5.58902769763089E-04
  133     55     78     1.43425537144577E-06   1.90755964402288E-04
  134     54     80     3.48744687221081E-06   4.67317880876248E-04
  135     55     80     5.99612039473633E-07   8.09476253289405E-05
  135     56     79     2.46842889585353E-13   3.33237900940227E-11
  136     54     82     8.76075038787839E-07   1.19146205275146E-04
  136     56     80     2.82220490889744E-17   3.83819867610052E-15
  137     55     82     3.49197644067267E-07   4.78400772372156E-05
  137     56     81     1.11931632070940E-08   1.53346335937188E-06
  138     56     82     3.10708206741492E-08   4.28777325303259E-06
  139     57     82     2.17063496399867E-09   3.01718259995815E-07
  140     56     84     4.30246567487422E-20   6.02345194482390E-18
  140     58     82     4.26524009630600E-09   5.97133613482840E-07
  141     58     83     6.41821961858755E-13   9.04968966220844E-11
  141     59     82     1.97105235393699E-08   2.77918381905116E-06
  142     58     84     2.12958575360011E-07   3.02401177011215E-05
  143     59     84     7.10926468902540E-18   1.01662485053063E-15
  143     60     83     1.52659731842226E-07   2.18303416534383E-05
  144     58     86     8.01973551600593E-08   1.15484191430485E-05
  144     59     85     3.39050233336221E-12   4.88232336004158E-10
  144     60     84     1.89493540721551E-07   2.72870698639033E-05
  145     60     85     3.05776993687265E-07   4.43376640846534E-05
  146     60     86     5.26775228676397E-07   7.69091833867540E-05
  147     60     87     1.66864696816503E-19   2.45291104320260E-17
  147     61     86     4.85505000773339E-07   7.13692351136808E-05
  147     62     85     2.03274445595899E-07   2.98813435025971E-05
  148     60     88     1.00766903520873E-06   1.49135017210892E-04
  148     62     86     2.62464538733305E-17   3.88447517325292E-15
  149     62     87     6.80397310046705E-07   1.01379199196959E-04
  150     60     90     1.08136207481435E-06   1.62204311222153E-04
  150     62     88     1.20349503132798E-12   1.80524254699197E-10
  151     62     89     1.81771198035198E-06   2.74474509033149E-04
  151     63     88     1.91992937498812E-08   2.89909335623206E-06
  152     62     90     2.06516988390421E-06   3.13905822353440E-04
  153     63     90     1.85898271063993E-06   2.84424354727910E-04
  154     62     92     5.05635451285503E-06   7.78678594979674E-04
  154     63     91     5.49464207227671E-15   8.46174879130614E-13
  154     64     90     6.41614740849894E-16   9.88086700908837E-14
  155     63     92     2.92940837586917E-06   4.54058298259721E-04
  155     64     91     6.46754315076136E-07   1.00246918836801E-04
  156     63     93     2.58511973477773E-15   4.03278678625326E-13
  156     64     92     5.39669699132869E-06   8.41884730647276E-04
  157     64     93     7.30900567031769E-06   1.14751389023988E-03
  158     64     94     2.15487264346873E-05   3.40469877668059E-03
  159     65     94     2.20264796499066E-05   3.50221026433515E-03
  160     64     96     2.71425617750235E-05   4.34280988400376E-03
  160     65     95     8.03298741802840E-16   1.28527798688454E-13
  160     66     94     8.97001442644901E-14   1.43520230823184E-11
  161     66     95     3.22969048502899E-05   5.19980168089668E-03
  162     66     96     8.11963183657103E-05   1.31538035752451E-02
  163     66     97     7.64208508807303E-05   1.24565986935590E-02
  164     66     98     9.28879657804233E-05   1.52336263879894E-02
  165     67     98     5.31212350509099E-05   8.76500378340013E-03
  166     68     98     7.07974633744147E-05   1.17523789201528E-02
  167     68     99     1.18261511976725E-04   1.97496725001131E-02
  168     68    100     1.83843539030658E-04   3.08857145571506E-02
  169     68    101     1.55668216032444E-19   2.63079285094830E-17
  169     69    100     5.97676941771440E-05   1.01007403159373E-02
  170     68    102     1.01998157526909E-04   1.73396867795745E-02
  170     69    101     8.45814316281054E-16   1.43788433767779E-13
  170     70    100     1.14284475577121E-14   1.94283608481106E-12
  171     69    102     4.44949371131304E-05   7.60863424634530E-03
  171     70    101     2.83500015377785E-05   4.84785026296012E-03
  172     70    102     5.69769694639291E-05   9.80003874779580E-03
  173     70    103     5.77731366962070E-05   9.99475264844381E-03
  174     70    104     1.69953474855466E-04   2.95719046248511E-02
  175     71    104     7.55889130300762E-05   1.32280597802633E-02
  176     70    106     1.16335152110982E-04   2.04749867715328E-02
  176     71    105     1.20425324744390E-14   2.11948571550127E-12
  177     72    105     7.21096435246389E-05   1.27634069038611E-02
  178     72    106     8.34620687610192E-05   1.48562482394614E-02
  179     72    107     4.87407452622701E-05   8.72459340194635E-03
  180     72    108     5.32279276186539E-05   9.58102697135770E-03
  181     72    109     1.12482710104883E-08   2.03593705289839E-06
  181     73    108     3.32120309638156E-05   6.01137760445063E-03
  182     72    110     4.20542726674821E-05   7.65387762548175E-03
  182     73    109     1.40896400298850E-12   2.56431448543907E-10
  182     74    108     3.07324116578354E-12   5.59329892172604E-10
  183     74    109     1.01156244024373E-05   1.85115926564603E-03
  184     74    110     3.25916174326112E-05   5.99685760760047E-03
  185     74    111     1.14482699091398E-07   2.11792993319086E-05
  185     75    110     1.07349293112711E-05   1.98596192258515E-03
  186     74    112     4.23707855454430E-05   7.88096611145240E-03
  186     76    110     3.83565301094865E-18   7.13431460036448E-16
  187     75    112     1.02129045582172E-05   1.90981315238661E-03
  187     76    111     2.22567010905728E-16   4.16200310393712E-14
  188     74    114     3.27519162862337E-07   6.15736026181194E-05
  188     75    113     3.35800555906421E-09   6.31305045104072E-07
  188     76    112     4.33955980675827E-05   8.15837243670556E-03
  189     76    113     8.84979825689373E-05   1.67261187055292E-02
  190     76    114     1.99014543170082E-04   3.78127632023156E-02
  191     76    115     9.90250894905178E-14   1.89137920926889E-11
  191     77    114     1.56488960108493E-04   2.98893913807222E-02
  192     76    116     3.22051924494492E-04   6.18339695029424E-02
  192     77    115     5.54689025353876E-16   1.06500292867944E-13
  192     78    114     5.35880782127913E-14   1.02889110168559E-11
  193     77    116     5.40571075526783E-04   1.04330217576669E-01
  194     76    118     6.48899512994410E-04   1.25886505520916E-01
  194     77    117     2.38364357996573E-07   4.62426854513351E-05
  194     78    116     1.11099974954933E-04   2.15533951412570E-02
  195     78    117     7.55109434089480E-04   1.47246339647449E-01
  196     78    118     3.08310669884296E-04   6.04288912973219E-02
  197     79    118     1.13789812225844E-04   2.24165930084913E-02
  198     78    120     1.66501938797600E-05   3.29673838819248E-03
  198     80    118     1.29556100575075E-14   2.56521079138649E-12
  199     80    119     1.56464953887184E-06   3.11365258235496E-04
  200     80    120     2.26487237027585E-08   4.52974474055170E-06
  201     80    121     4.86418932582611E-10   9.77702054491048E-08
  202     80    122     1.49433396873516E-11   3.01855461684503E-09
  203     80    123     2.41043002270430E-15   4.89317294608973E-13
  203     81    122     3.46860000744773E-12   7.04125801511888E-10
  204     80    124     6.43432750168000E-12   1.31260281034272E-09
  205     81    124     4.59973399131044E-14   9.42945468218641E-12
  206     82    124     1.31994943174799E-12   2.71909582940085E-10
  207     81    126     1.21219935612888E-19   2.50925266718678E-17
  207     82    125     3.12130990919465E-12   6.46111151203292E-10
  208     81    127     7.15527838963990E-20   1.48829790504510E-17
  208     82    126     4.61000050402614E-12   9.58880104837438E-10
  209     82    127     1.33336157713344E-20   2.78672569620889E-18
  209     83    126     3.47472013706013E-12   7.26216508645567E-10
  210     82    128     3.29415682492679E-12   6.91772933234625E-10
  210     83    127     2.03606780043847E-15   4.27574238092079E-13
  210     84    126     5.19951441949699E-14   1.09189802809437E-11
  211     82    129     9.22344288544406E-19   1.94614644882870E-16
  211     83    128     5.45750123832761E-20   1.15153276128713E-17
  212     82    130     4.16924449384878E-17   8.83879832695941E-15
  212     83    129     3.95244497708965E-18   8.37918335143007E-16
  214     82    132     2.09993908131336E-20   4.49386963401058E-18
  214     83    131     1.55244125337668E-20   3.32222428222609E-18
  220     86    134     6.05797596922472E-20   1.33275471322944E-17
  222     86    136     4.30526199790136E-18   9.55768163534102E-16
  223     88    135     4.19917936417527E-16   9.36416998211084E-14
  224     88    136     3.42135495287628E-16   7.66383509444287E-14
  225     88    137     1.46969359170039E-18   3.30681058132588E-16
  225     89    136     9.84479109433826E-19   2.21507799622611E-16
  226     88    138     6.58771189588915E-13   1.48882288847095E-10
  227     89    138     2.90922471905326E-13   6.60394011225090E-11
  227     90    137     6.73950678605460E-16   1.52986804043439E-13
  228     88    140     4.70922188781761E-13   1.07370259042242E-10
  228     89    139     5.75106564824515E-17   1.31124296779990E-14
  228     90    138     6.61798468027841E-14   1.50890050710348E-11
  229     90    139     2.84805714221330E-13   6.52205085566845E-11
  230     90    140     4.03551898780269E-13   9.28169367194618E-11
  231     91    140     2.61445772303357E-13   6.03939734020754E-11
  232     90    142     2.59812833282771E-13   6.02765773216030E-11
  233     91    142     6.36584130960286E-19   1.48324102513747E-16
  233     92    141     1.53300428532673E-13   3.57189998481129E-11
  234     90    144     1.40356645463807E-19   3.28434550385308E-17
  234     92    142     1.41953370620421E-13   3.32170887251784E-11
  235     92    143     8.09528043991409E-14   1.90239090337981E-11
  236     92    144     5.53643521390496E-14   1.30659871048157E-11
  237     93    144     2.68450552718444E-14   6.36227809942712E-12
  238     92    146     1.05273413090791E-14   2.50550723156083E-12
  239     94    145     7.97117837825456E-15   1.90511163240284E-12
  240     94    146     2.28546553868858E-15   5.48511729285260E-13
  241     94    147     6.30020542812962E-16   1.51834950817924E-13
  241     95    146     4.30929375371913E-17   1.03853979464631E-14
  242     94    148     2.27726939301990E-16   5.51099193110815E-14
  243     95    148     8.53615564035293E-17   2.07428582060576E-14
  244     94    150     6.69668470103470E-17   1.63399106705247E-14
  245     96    149     2.17361397112605E-17   5.32535422925881E-15
  246     96    150     5.06958159704420E-17   1.24711707287287E-14
  247     96    151     1.37360835770032E-17   3.39281264351979E-15
  248     96    152     3.25032502415782E-17   8.06080605991139E-15
  249     97    152     5.97699690434690E-18   1.48827222918238E-15
  249     98    151     1.07606668681846E-17   2.67940605017797E-15
  250     96    154     1.25100543071526E-17   3.12751357678814E-15
  250     98    152     1.53688650990187E-19   3.84221627475468E-17
  251     98    153     9.62761873402230E-18   2.41653230223960E-15
  252     98    154     3.57330139872655E-18   9.00471952479091E-16
  252     99    153     3.33337834451708E-20   8.40011342818303E-18
  254     99    155     7.49880916291076E-20   1.90469752737933E-17
