               WinNet - Nuclear reaction network
              ===================================
 
 
Option                                   :      Value     Unit
--------------------------------------------------------------
Release                                  :    Unknown         
Git hash                                 :    Unknown         
Network size                             :       6757         
Amount reaclib rates                     :      72724         
Amount fission rates                     :       5833         
Total number of fission neutrons         :      27813         
Amount weak (ffn) rates                  :        212         
Total reactions after merge              :      78557         
Thermodynamic trajectory                 :  from file         
Starting index                           :          1         
Expansion velocity:                      :   4.00E+04   [km/s]
Evolution mode                           :        NSE         
Initial abundance source                 :        NSE         
Initial entropy                          :   7.85E-03 [kB/nuc]

#-- 1:it 2:time[s] 3:T9[GK] 4:rho[g/cm3] 5:entropy[kB/baryon]
       0  2.4061646E-05 10.0000000  8.5630476E+12    0.0078505
       1  2.4061648E-05  9.9999999  8.5630474E+12    0.0078505
       2  2.4061652E-05  9.9999998  8.5630472E+12    0.0078505
       3  2.4061660E-05  9.9999995  8.5630468E+12    0.0078505
       4  2.4061676E-05  9.9999988  8.5630459E+12    0.0078505
       5  2.4061708E-05  9.9999976  8.5630441E+12    0.0078505
       6  2.4061772E-05  9.9999950  8.5630406E+12    0.0078505
       7  2.4061900E-05  9.9999899  8.5630335E+12    0.0078505
       8  2.4062156E-05  9.9999798  8.5630194E+12    0.0078505
       9  2.4062668E-05  9.9999595  8.5629911E+12    0.0078505
      10  2.4063692E-05  9.9999190  8.5629346E+12    0.0078505
      11  2.4065740E-05  9.9998378  8.5628215E+12    0.0078505
      12  2.4069836E-05  9.9996756  8.5625954E+12    0.0078504
      13  2.4078028E-05  9.9993511  8.5621432E+12    0.0078503
      14  2.4094412E-05  9.9987022  8.5612388E+12    0.0078501
      15  2.4127180E-05  9.9974045  8.5594304E+12    0.0078496
      16  2.4192716E-05  9.9948096  8.5558146E+12    0.0078487
      17  2.4323788E-05  9.9896217  8.5485876E+12    0.0078469
      18  2.4585932E-05  9.9792542  8.5341520E+12    0.0078432
      19  2.5000000E-05  9.9629000  8.5114000E+12    0.0078374
      20  2.5828137E-05  9.9282699  8.4659531E+12    0.0078242
      21  2.7484411E-05  9.8587393  8.3751216E+12    0.0077977
      22  3.0796959E-05  9.7189188  8.1944666E+12    0.0077437
      23  3.7422054E-05  9.4386969  7.8427909E+12    0.0076323
      24  4.5373742E-05  9.1075019  7.4509958E+12    0.0074926
      25  5.0000000E-05  8.9204000  7.2444000E+12    0.0074085
      26  5.9252517E-05  8.5517418  6.8831430E+12    0.0072258
      27  6.9204970E-05  8.1711438  6.5392549E+12    0.0070246
      28  7.6000000E-05  7.9320000  6.3096000E+12    0.0069017
      29  8.5164553E-05  7.6408576  5.9944137E+12    0.0067642
      30  9.4271233E-05  7.3744340  5.6949491E+12    0.0066421
      31  1.0100000E-04  7.1843000  5.4954000E+12    0.0065492
 Evolution mode: switching to network
      32  1.0822708E-04  6.9817301  5.3102093E+12    0.0064386
      33  1.0822708E-04  6.9817301  5.3102093E+12    0.0064386
      34  1.0822708E-04  6.9817301  5.3102093E+12    0.0064386
      35  1.0822708E-04  6.9817301  5.3102093E+12    0.0064386
      36  1.0822708E-04  6.9817301  5.3102093E+12    0.0064386
      37  1.0822708E-04  6.9817301  5.3102093E+12    0.0064386
      38  1.0822708E-04  6.9817301  5.3102093E+12    0.0064386
      39  1.0822708E-04  6.9817301  5.3102093E+12    0.0064386
      40  1.0822708E-04  6.9817301  5.3102093E+12    0.0064386
      41  1.0822708E-04  6.9817301  5.3102093E+12    0.0064386
      42  1.0822708E-04  6.9817301  5.3102093E+12    0.0064386
      43  1.0822708E-04  6.9817301  5.3102093E+12    0.0064386
      44  1.0822708E-04  6.9817301  5.3102093E+12    0.0064386
      45  1.0822708E-04  6.9817301  5.3102093E+12    0.0064386
      46  1.0822708E-04  6.9817301  5.3102093E+12    0.0064386
      47  1.0822708E-04  6.9817301  5.3102093E+12    0.0064386
      48  1.0822708E-04  6.9817301  5.3102092E+12    0.0064386
      49  1.0822709E-04  6.9817300  5.3102092E+12    0.0064386

#-- 1:it 2:time[s] 3:T9[GK] 4:rho[g/cm3] 5:entropy[kB/baryon]
      50  1.0822709E-04  6.9817299  5.3102091E+12    0.0064386
      51  1.0822710E-04  6.9817296  5.3102089E+12    0.0064386
      52  1.0822712E-04  6.9817291  5.3102085E+12    0.0064386
      53  1.0822715E-04  6.9817282  5.3102076E+12    0.0064386
      54  1.0822722E-04  6.9817262  5.3102059E+12    0.0064386
      55  1.0822736E-04  6.9817223  5.3102026E+12    0.0064386
      56  1.0822764E-04  6.9817145  5.3101959E+12    0.0064386
      57  1.0822820E-04  6.9816989  5.3101825E+12    0.0064386
      58  1.0822933E-04  6.9816678  5.3101557E+12    0.0064386
      59  1.0823157E-04  6.9816054  5.3101021E+12    0.0064386
      60  1.0823606E-04  6.9814808  5.3099949E+12    0.0064385
      61  1.0824504E-04  6.9812314  5.3097805E+12    0.0064384
      62  1.0826300E-04  6.9807328  5.3093518E+12    0.0064381
      63  1.0829891E-04  6.9797356  5.3084947E+12    0.0064375
      64  1.0835063E-04  6.9782997  5.3072610E+12    0.0064367
      65  1.0840754E-04  6.9767204  5.3059050E+12    0.0064358
      66  1.0847014E-04  6.9749834  5.3044145E+12    0.0064348
      67  1.0853900E-04  6.9730732  5.3027763E+12    0.0064337
      68  1.0861476E-04  6.9709723  5.3009760E+12    0.0064325
      69  1.0869811E-04  6.9686619  5.2989977E+12    0.0064312
      70  1.0878980E-04  6.9661211  5.2968238E+12    0.0064297
      71  1.0889068E-04  6.9633270  5.2944355E+12    0.0064281
      72  1.0900166E-04  6.9602546  5.2918116E+12    0.0064264
      73  1.0912376E-04  6.9568762  5.2889294E+12    0.0064244
      74  1.0925810E-04  6.9531615  5.2857637E+12    0.0064223
      75  1.0940590E-04  6.9490772  5.2822870E+12    0.0064200
      76  1.0956852E-04  6.9445869  5.2784691E+12    0.0064174
      77  1.0974745E-04  6.9396506  5.2742772E+12    0.0064145
      78  1.0994433E-04  6.9342245  5.2696751E+12    0.0064114
      79  1.1016096E-04  6.9282604  5.2646233E+12    0.0064080
      80  1.1039933E-04  6.9217058  5.2590784E+12    0.0064042
      81  1.1066165E-04  6.9145031  5.2529929E+12    0.0064000
      82  1.1095031E-04  6.9065896  5.2463147E+12    0.0063955
      83  1.1126798E-04  6.8978966  5.2389865E+12    0.0063904
      84  1.1161759E-04  6.8883494  5.2309454E+12    0.0063849
      85  1.1200236E-04  6.8778666  5.2221219E+12    0.0063788
      86  1.1242586E-04  6.8663599  5.2124395E+12    0.0063721
      87  1.1289200E-04  6.8537339  5.2018129E+12    0.0063648
      88  1.1340510E-04  6.8398854  5.1901479E+12    0.0063568
      89  1.1396990E-04  6.8247038  5.1773385E+12    0.0063480
      90  1.1459165E-04  6.8080708  5.1632661E+12    0.0063383
      91  1.1527610E-04  6.7898608  5.1477962E+12    0.0063278
      92  1.1602959E-04  6.7699419  5.1307755E+12    0.0063163
      93  1.1685078E-04  6.7483933  5.1122147E+12    0.0063039
      94  1.1772324E-04  6.7256922  5.0924570E+12    0.0062909
      95  1.1864777E-04  6.7018638  5.0714454E+12    0.0062774
      96  1.1962527E-04  6.6769385  5.0491103E+12    0.0062634
      97  1.2063753E-04  6.6514318  5.0258099E+12    0.0062492
      98  1.2169969E-04  6.6250181  5.0011281E+12    0.0062348
      99  1.2281165E-04  6.5977692  4.9749823E+12    0.0062201

#-- 1:it 2:time[s] 3:T9[GK] 4:rho[g/cm3] 5:entropy[kB/baryon]
     100  1.2397259E-04  6.5697815  4.9472928E+12    0.0062054
     101  1.2518125E-04  6.5411673  4.9179757E+12    0.0061908
     102  1.2600000E-04  6.5221000  4.8978000E+12    0.0061813
     103  1.2727052E-04  6.4929675  4.8659398E+12    0.0061673
     104  1.2859582E-04  6.4631018  4.8320601E+12    0.0061534
     105  1.2996187E-04  6.4328505  4.7965774E+12    0.0061399
     106  1.3136730E-04  6.4022638  4.7596154E+12    0.0061266
     107  1.3281136E-04  6.3713739  4.7213018E+12    0.0061137
     108  1.3429356E-04  6.3402031  4.6817766E+12    0.0061011
     109  1.3580477E-04  6.3089474  4.6414290E+12    0.0060888
     110  1.3733555E-04  6.2777932  4.6006706E+12    0.0060768
     111  1.3888809E-04  6.2466821  4.5596111E+12    0.0060650
     112  1.4046498E-04  6.2155483  4.5183596E+12    0.0060533
     113  1.4206888E-04  6.1843255  4.4770354E+12    0.0060415
     114  1.4370261E-04  6.1529449  4.4357697E+12    0.0060297
     115  1.4536915E-04  6.1213342  4.3947076E+12    0.0060176
     116  1.4707177E-04  6.0894155  4.3540107E+12    0.0060050
     117  1.4881405E-04  6.0571041  4.3138603E+12    0.0059919
     118  1.5052078E-04  6.0257543  4.2761685E+12    0.0059786
     119  1.5100000E-04  6.0170000  4.2659000E+12    0.0059747
     120  1.5195844E-04  5.9996219  4.2457327E+12    0.0059670
     121  1.5361539E-04  5.9700763  4.2118778E+12    0.0059537
     122  1.5536161E-04  5.9395656  4.1774550E+12    0.0059397
     123  1.5715345E-04  5.9088574  4.1433146E+12    0.0059255
     124  1.5898914E-04  5.8779540  4.1094132E+12    0.0059109
     125  1.6086768E-04  5.8468347  4.0756733E+12    0.0058960
     126  1.6278765E-04  5.8154763  4.0420059E+12    0.0058809
     127  1.6474715E-04  5.7838541  4.0083121E+12    0.0058655
     128  1.6674377E-04  5.7519418  3.9744832E+12    0.0058499
     129  1.6877457E-04  5.7197124  3.9404028E+12    0.0058341
     130  1.7083612E-04  5.6871387  3.9059481E+12    0.0058181
     131  1.7292452E-04  5.6541937  3.8709930E+12    0.0058021
     132  1.7503545E-04  5.6208514  3.8354103E+12    0.0057859
     133  1.7700000E-04  5.5897000  3.8019000E+12    0.0057709
     134  1.7899680E-04  5.5578352  3.7679016E+12    0.0057555
     135  1.8100964E-04  5.5255527  3.7341754E+12    0.0057395
     136  1.8304706E-04  5.4928209  3.7004751E+12    0.0057230
     137  1.8510848E-04  5.4597592  3.6667063E+12    0.0057063
     138  1.8719302E-04  5.4264971  3.6327756E+12    0.0056893
     139  1.8929978E-04  5.3931685  3.5985858E+12    0.0056725
     140  1.9142792E-04  5.3599105  3.5640355E+12    0.0056560
     141  1.9357668E-04  5.3268625  3.5290200E+12    0.0056399
     142  1.9574538E-04  5.2941658  3.4934311E+12    0.0056245
     143  1.9761639E-04  5.2665759  3.4624413E+12    0.0056121
     144  1.9948292E-04  5.2396987  3.4311899E+12    0.0056006
     145  2.0135765E-04  5.2134240  3.3993976E+12    0.0055900
     146  2.0200000E-04  5.2046000  3.3884000E+12    0.0055867
     147  2.0328470E-04  5.1872598  3.3661236E+12    0.0055805
     148  2.0514705E-04  5.1628242  3.3331389E+12    0.0055727
     149  2.0703722E-04  5.1387684  3.2990259E+12    0.0055661

#-- 1:it 2:time[s] 3:T9[GK] 4:rho[g/cm3] 5:entropy[kB/baryon]
     150  2.0893299E-04  5.1152787  3.2643903E+12    0.0055604
     151  2.1083690E-04  5.0922150  3.2293977E+12    0.0055555
     152  2.1275258E-04  5.0694257  3.1941895E+12    0.0055511
     153  2.1468375E-04  5.0467599  3.1589047E+12    0.0055471
     154  2.1663420E-04  5.0240646  3.1236834E+12    0.0055431
     155  2.1860783E-04  5.0011823  3.0886701E+12    0.0055389
     156  2.2060871E-04  4.9779478  3.0540160E+12    0.0055342
     157  2.2264447E-04  4.9541463  3.0198282E+12    0.0055287
     158  2.2471717E-04  4.9296165  2.9863301E+12    0.0055221
     159  2.2683162E-04  4.9041511  2.9537228E+12    0.0055140
     160  2.2700000E-04  4.9021000  2.9512000E+12    0.0055133
     161  2.2733677E-04  4.8979897  2.9461824E+12    0.0055118
     162  2.2801031E-04  4.8897439  2.9362444E+12    0.0055088
     163  2.2935738E-04  4.8731619  2.9167400E+12    0.0055025
     164  2.3154575E-04  4.8460165  2.8860233E+12    0.0054915
     165  2.3380739E-04  4.8177811  2.8553870E+12    0.0054792
     166  2.3607650E-04  4.7893703  2.8256095E+12    0.0054663
     167  2.3839464E-04  4.7603663  2.7960069E+12    0.0054525
     168  2.4076187E-04  4.7308794  2.7664537E+12    0.0054383
     169  2.4317636E-04  4.7010541  2.7368335E+12    0.0054237
     170  2.4563572E-04  4.6710515  2.7070219E+12    0.0054091
     171  2.4813707E-04  4.6410474  2.6768875E+12    0.0053948
     172  2.5067701E-04  4.6112305  2.6462938E+12    0.0053810
     173  2.5200000E-04  4.5960000  2.6303000E+12    0.0053742
     174  2.5454182E-04  4.5672953  2.5998972E+12    0.0053617
     175  2.5717779E-04  4.5381764  2.5690727E+12    0.0053490
     176  2.5987970E-04  4.5088942  2.5380455E+12    0.0053364
     177  2.6264221E-04  4.4794197  2.5067356E+12    0.0053239
     178  2.6547290E-04  4.4495725  2.4749010E+12    0.0053113
     179  2.6836014E-04  4.4193607  2.4425009E+12    0.0052988
     180  2.7129126E-04  4.3887878  2.4094933E+12    0.0052864
     181  2.7425845E-04  4.3577959  2.3757765E+12    0.0052742
     182  2.7700000E-04  4.3290000  2.3442000E+12    0.0052631
     183  2.8000393E-04  4.2970097  2.3087875E+12    0.0052511
     184  2.8233220E-04  4.2719074  2.2807840E+12    0.0052420
     185  2.8456760E-04  4.2476937  2.2536519E+12    0.0052334
     186  2.8676336E-04  4.2239181  2.2269382E+12    0.0052251
     187  2.8893476E-04  4.2005230  2.2006160E+12    0.0052170
     188  2.9109337E-04  4.1774840  2.1746877E+12    0.0052092
     189  2.9324984E-04  4.1547848  2.1491601E+12    0.0052016
     190  2.9541456E-04  4.1324154  2.1240424E+12    0.0051942
     191  2.9759820E-04  4.1103711  2.0993474E+12    0.0051869
     192  2.9981224E-04  4.0886528  2.0750927E+12    0.0051798
     193  3.0206953E-04  4.0672682  2.0513022E+12    0.0051728
     194  3.0300000E-04  4.0587000  2.0418000E+12    0.0051700
     195  3.0486094E-04  4.0420862  2.0232559E+12    0.0051648
     196  3.0724784E-04  4.0217394  2.0002093E+12    0.0051587
     197  3.0971913E-04  4.0015883  1.9771124E+12    0.0051531
     198  3.1225300E-04  3.9816374  1.9541159E+12    0.0051477
     199  3.1485090E-04  3.9616580  1.9311318E+12    0.0051424

#-- 1:it 2:time[s] 3:T9[GK] 4:rho[g/cm3] 5:entropy[kB/baryon]
     200  3.1749223E-04  3.9415565  1.9082515E+12    0.0051370
     201  3.2016165E-04  3.9211703  1.8854997E+12    0.0051313
     202  3.2284314E-04  3.9003314  1.8628966E+12    0.0051249
     203  3.2539194E-04  3.8799295  1.8415362E+12    0.0051180
     204  3.2791865E-04  3.8588933  1.8203818E+12    0.0051102
     205  3.2800000E-04  3.8582000  1.8197000E+12    0.0051099
     206  3.2816270E-04  3.8568103  1.8183360E+12    0.0051094
     207  3.2848811E-04  3.8540192  1.8156058E+12    0.0051083
     208  3.2913892E-04  3.8483916  1.8101381E+12    0.0051060
     209  3.3044055E-04  3.8369689  1.7991816E+12    0.0051013
     210  3.3283029E-04  3.8155083  1.7790470E+12    0.0050921
     211  3.3488195E-04  3.7967038  1.7618128E+12    0.0050837
     212  3.3690029E-04  3.7779862  1.7449753E+12    0.0050751
     213  3.3891123E-04  3.7592351  1.7283775E+12    0.0050663
     214  3.4092422E-04  3.7404732  1.7120000E+12    0.0050572
     215  3.4294781E-04  3.7217298  1.6958336E+12    0.0050481
     216  3.4499083E-04  3.7030354  1.6798711E+12    0.0050388
     217  3.4706276E-04  3.6844223  1.6641081E+12    0.0050295
     218  3.4917421E-04  3.6659269  1.6485423E+12    0.0050201
     219  3.5133743E-04  3.6475927  1.6331751E+12    0.0050109
     220  3.5300000E-04  3.6340000  1.6218000E+12    0.0050040
     221  3.5527357E-04  3.6161393  1.6070199E+12    0.0049949
     222  3.5767331E-04  3.5980554  1.5923694E+12    0.0049854
     223  3.6019773E-04  3.5797063  1.5777765E+12    0.0049755
     224  3.6283663E-04  3.5610650  1.5631605E+12    0.0049652
     225  3.6557057E-04  3.5421145  1.5484256E+12    0.0049547
     226  3.6837045E-04  3.5228542  1.5334701E+12    0.0049441
     227  3.7119917E-04  3.5033051  1.5182000E+12    0.0049333
     228  3.7401603E-04  3.4835093  1.5025441E+12    0.0049228
     229  3.7679264E-04  3.4634484  1.4864029E+12    0.0049124
     230  3.7800000E-04  3.4545000  1.4791000E+12    0.0049078
     231  3.8041472E-04  3.4360957  1.4639147E+12    0.0048988
     232  3.8295719E-04  3.4161027  1.4472554E+12    0.0048892
     233  3.8541173E-04  3.3964107  1.4307488E+12    0.0048799
     234  3.8773827E-04  3.3775739  1.4149159E+12    0.0048711
     235  3.8998454E-04  3.3593866  1.3996242E+12    0.0048627
     236  3.9218312E-04  3.3417270  1.3847995E+12    0.0048545
     237  3.9436019E-04  3.3245104  1.3703925E+12    0.0048466
     238  3.9653936E-04  3.3076743  1.3563703E+12    0.0048389
     239  3.9874443E-04  3.2911704  1.3427114E+12    0.0048312
     240  4.0100198E-04  3.2749604  1.3294052E+12    0.0048236
     241  4.0300000E-04  3.2613000  1.3183000E+12    0.0048172
     242  4.0547710E-04  3.2452981  1.3053629E+12    0.0048096
     243  4.0816648E-04  3.2289117  1.2921296E+12    0.0048019
     244  4.1099777E-04  3.2125449  1.2789439E+12    0.0047942
     245  4.1396223E-04  3.1961224  1.2657698E+12    0.0047865
     246  4.1703043E-04  3.1796104  1.2526126E+12    0.0047787
     247  4.2015623E-04  3.1629954  1.2394980E+12    0.0047708
     248  4.2327965E-04  3.1462995  1.2264785E+12    0.0047626
     249  4.2633612E-04  3.1295854  1.2136287E+12    0.0047543

#-- 1:it 2:time[s] 3:T9[GK] 4:rho[g/cm3] 5:entropy[kB/baryon]
     250  4.2900000E-04  3.1145000  1.2022000E+12    0.0047466
     251  4.3179140E-04  3.0982675  1.1900845E+12    0.0047381
     252  4.3445566E-04  3.0826115  1.1785595E+12    0.0047298
     253  4.3706002E-04  3.0672011  1.1673447E+12    0.0047214
     254  4.4001826E-04  3.0496258  1.1546840E+12    0.0047117
     255  4.4286077E-04  3.0327241  1.1426134E+12    0.0047024
     256  4.4561970E-04  3.0163593  1.1310017E+12    0.0046932
     257  4.4830919E-04  3.0004920  1.1197944E+12    0.0046843
     258  4.5094160E-04  2.9850870  1.1089438E+12    0.0046757
     259  4.5352636E-04  2.9701219  1.0984150E+12    0.0046673
     260  4.5400000E-04  2.9674000  1.0965000E+12    0.0046658
     261  4.5494727E-04  2.9619542  1.0926810E+12    0.0046627
     262  4.5684181E-04  2.9510195  1.0850818E+12    0.0046565
     263  4.5935686E-04  2.9364546  1.0750737E+12    0.0046481
     264  4.6179622E-04  2.9223286  1.0654536E+12    0.0046399
     265  4.6419464E-04  2.9084954  1.0560779E+12    0.0046318
     266  4.6655849E-04  2.8949664  1.0469174E+12    0.0046238
     267  4.6889453E-04  2.8817473  1.0379425E+12    0.0046162
     268  4.7120897E-04  2.8688437  1.0291264E+12    0.0046088
     269  4.7350768E-04  2.8562624  1.0204448E+12    0.0046018
     270  4.7579631E-04  2.8440109  1.0118745E+12    0.0045952
     271  4.7808041E-04  2.8320982  1.0033939E+12    0.0045890
     272  4.7900000E-04  2.8274000  1.0000000E+12    0.0045867
     273  4.8083919E-04  2.8182444  9.9324692E+11    0.0045823
     274  4.8316272E-04  2.8071349  9.8478107E+11    0.0045776
     275  4.8548470E-04  2.7964370  9.7639336E+11    0.0045734
     276  4.8782300E-04  2.7859585  9.6801925E+11    0.0045696
     277  4.9016723E-04  2.7756374  9.5969623E+11    0.0045660
     278  4.9250751E-04  2.7654060  9.5145874E+11    0.0045625
     279  4.9483344E-04  2.7552006  9.4334188E+11    0.0045589
     280  4.9713461E-04  2.7449634  9.3537947E+11    0.0045550
     281  4.9940114E-04  2.7346452  9.2760245E+11    0.0045508
     282  5.0162412E-04  2.7242063  9.2003746E+11    0.0045460
     283  5.0379592E-04  2.7136178  9.1270595E+11    0.0045406
     284  5.0400000E-04  2.7126000  9.1202000E+11    0.0045401
     285  5.0440817E-04  2.7105507  9.1064922E+11    0.0045390
     286  5.0522450E-04  2.7063968  9.0791147E+11    0.0045367
     287  5.0685718E-04  2.6978882  9.0245234E+11    0.0045317
     288  5.0942612E-04  2.6840566  8.9391224E+11    0.0045230
     289  5.1185803E-04  2.6706064  8.8589142E+11    0.0045141
     290  5.1422161E-04  2.6573483  8.7816319E+11    0.0045050
     291  5.1653599E-04  2.6443208  8.7066697E+11    0.0044959
     292  5.1882144E-04  2.6315355  8.6333986E+11    0.0044870
     293  5.2109580E-04  2.6190084  8.5612870E+11    0.0044784
     294  5.2337617E-04  2.6067596  8.4898471E+11    0.0044701
     295  5.2568023E-04  2.5948155  8.4185984E+11    0.0044623
     296  5.2802763E-04  2.5832117  8.3470306E+11    0.0044553
     297  5.2900000E-04  2.5786000  8.3177000E+11    0.0044526
     298  5.3094473E-04  2.5696698  8.2596802E+11    0.0044477
     299  5.3348875E-04  2.5584554  8.1850423E+11    0.0044420

#-- 1:it 2:time[s] 3:T9[GK] 4:rho[g/cm3] 5:entropy[kB/baryon]
     300  5.3604856E-04  2.5476293  8.1111993E+11    0.0044368
     301  5.3864981E-04  2.5370132  8.0372540E+11    0.0044321
     302  5.4128092E-04  2.5265836  7.9633803E+11    0.0044277
     303  5.4393043E-04  2.5163066  7.8897267E+11    0.0044236
     304  5.4658527E-04  2.5061485  7.8164714E+11    0.0044198
     305  5.4923150E-04  2.4960766  7.7438116E+11    0.0044160
     306  5.5185686E-04  2.4860536  7.6719005E+11    0.0044122
     307  5.5444862E-04  2.4760496  7.6009157E+11    0.0044083
     308  5.5500000E-04  2.4739000  7.5858000E+11    0.0044075
     309  5.5610275E-04  2.4696098  7.5554092E+11    0.0044058
     310  5.5830826E-04  2.4611259  7.4938852E+11    0.0044029
     311  5.6109461E-04  2.4505542  7.4153185E+11    0.0043997
     312  5.6389132E-04  2.4400551  7.3363182E+11    0.0043968
     313  5.6668401E-04  2.4296271  7.2581169E+11    0.0043939
     314  5.6948972E-04  2.4191515  7.1810402E+11    0.0043908
     315  5.7232721E-04  2.4085026  7.1053925E+11    0.0043872
     316  5.7521633E-04  2.3975462  7.0315319E+11    0.0043828
     317  5.7817912E-04  2.3861314  6.9599064E+11    0.0043771
     318  5.8000000E-04  2.3790000  6.9183000E+11    0.0043729
     319  5.8300443E-04  2.3669603  6.8547684E+11    0.0043645
     320  5.8593000E-04  2.3549473  6.7984318E+11    0.0043545
     321  5.8883297E-04  2.3428543  6.7463091E+11    0.0043435
     322  5.9171228E-04  2.3307934  6.6968183E+11    0.0043320
     323  5.9456980E-04  2.3188579  6.6484439E+11    0.0043205
     324  5.9740766E-04  2.3071334  6.5997738E+11    0.0043094
     325  6.0022834E-04  2.2956986  6.5494831E+11    0.0042992
     326  6.0303466E-04  2.2846268  6.4963215E+11    0.0042903
     327  6.0500000E-04  2.2771000  6.4566000E+11    0.0042851
     328  6.0782848E-04  2.2666358  6.3952994E+11    0.0042793
     329  6.1060962E-04  2.2567045  6.3312435E+11    0.0042751
     330  6.1338604E-04  2.2470497  6.2649325E+11    0.0042720
     331  6.1615422E-04  2.2375905  6.1977771E+11    0.0042696
     332  6.1891245E-04  2.2282423  6.1310756E+11    0.0042674
     333  6.2165857E-04  2.2189251  6.0660570E+11    0.0042649
     334  6.2478589E-04  2.2081946  5.9951321E+11    0.0042613
     335  6.2809043E-04  2.1965875  5.9254803E+11    0.0042557
     336  6.3000000E-04  2.1897000  5.8884000E+11    0.0042514
     337  6.3366045E-04  2.1762056  5.8245125E+11    0.0042409
     338  6.3728950E-04  2.1625928  5.7684894E+11    0.0042282
     339  6.4097590E-04  2.1485957  5.7162122E+11    0.0042139
     340  6.4466316E-04  2.1344935  5.6658476E+11    0.0041989
     341  6.4830030E-04  2.1205487  5.6154582E+11    0.0041842
     342  6.5184044E-04  2.1070034  5.5633804E+11    0.0041706
     343  6.5524693E-04  2.0940485  5.5083922E+11    0.0041590
     344  6.5600000E-04  2.0912000  5.4954000E+11    0.0041567
     345  6.5750615E-04  2.0854719  5.4684403E+11    0.0041522
     346  6.6051845E-04  2.0738360  5.4112768E+11    0.0041438
     347  6.6345145E-04  2.0623737  5.3526521E+11    0.0041361
     348  6.6624976E-04  2.0514188  5.2952369E+11    0.0041292
     349  6.6897228E-04  2.0408342  5.2390706E+11    0.0041227

#-- 1:it 2:time[s] 3:T9[GK] 4:rho[g/cm3] 5:entropy[kB/baryon]
     350  6.7166059E-04  2.0305382  5.1842907E+11    0.0041165
     351  6.7430941E-04  2.0206231  5.1318698E+11    0.0041105
     352  6.7693744E-04  2.0110861  5.0822153E+11    0.0041046
     353  6.7959441E-04  2.0018221  5.0352043E+11    0.0040986
     354  6.8100000E-04  1.9971000  5.0119000E+11    0.0040954
     355  6.8381117E-04  1.9881058  4.9686964E+11    0.0040890
     356  6.8679564E-04  1.9791406  4.9268635E+11    0.0040822
     357  6.8997309E-04  1.9700699  4.8855193E+11    0.0040752
     358  6.9330911E-04  1.9608584  4.8441015E+11    0.0040679
     359  6.9672375E-04  1.9515269  4.8021520E+11    0.0040606
     360  7.0010175E-04  1.9421596  4.7594601E+11    0.0040534
     361  7.0332350E-04  1.9328904  4.7161928E+11    0.0040466
     362  7.0600000E-04  1.9248000  4.6774000E+11    0.0040410
     363  7.0873666E-04  1.9161517  4.6345453E+11    0.0040354
     364  7.1122763E-04  1.9080525  4.5932770E+11    0.0040306
     365  7.1355517E-04  1.9003389  4.5533952E+11    0.0040261
     366  7.1577426E-04  1.8928949  4.5146913E+11    0.0040220
     367  7.1792108E-04  1.8856459  4.4770510E+11    0.0040179
     368  7.2002198E-04  1.8785394  4.4404152E+11    0.0040140
     369  7.2209817E-04  1.8715349  4.4047601E+11    0.0040099
     370  7.2416830E-04  1.8645982  4.3700894E+11    0.0040058
     371  7.2625034E-04  1.8576985  4.3364333E+11    0.0040014
     372  7.2836308E-04  1.8508054  4.3038528E+11    0.0039967
     373  7.3052792E-04  1.8438864  4.2724488E+11    0.0039917
     374  7.3100000E-04  1.8424000  4.2659000E+11    0.0039906
     375  7.3194416E-04  1.8394395  4.2530650E+11    0.0039882
     376  7.3383247E-04  1.8335416  4.2282400E+11    0.0039833
     377  7.3695991E-04  1.8238482  4.1893059E+11    0.0039747
     378  7.4006140E-04  1.8143393  4.1528985E+11    0.0039658
     379  7.4320125E-04  1.8048321  4.1177301E+11    0.0039564
     380  7.4637021E-04  1.7953722  4.0834196E+11    0.0039469
     381  7.4972172E-04  1.7855306  4.0478419E+11    0.0039369
     382  7.5308703E-04  1.7758329  4.0122525E+11    0.0039273
     383  7.5600000E-04  1.7676000  3.9811000E+11    0.0039195
     384  7.5995835E-04  1.7568989  3.9398855E+11    0.0039096
     385  7.6398991E-04  1.7465764  3.9001162E+11    0.0039001
     386  7.6820112E-04  1.7360859  3.8594938E+11    0.0038905
     387  7.7246469E-04  1.7254257  3.8178290E+11    0.0038809
     388  7.7663935E-04  1.7146193  3.7750977E+11    0.0038714
     389  7.8059567E-04  1.7037536  3.7316308E+11    0.0038620
     390  7.8200000E-04  1.6997000  3.7153000E+11    0.0038586
     391  7.8480866E-04  1.6912430  3.6806764E+11    0.0038516
     392  7.8809612E-04  1.6808592  3.6372819E+11    0.0038433
     393  7.9114204E-04  1.6709204  3.5953920E+11    0.0038356
     394  7.9404793E-04  1.6612854  3.5548570E+11    0.0038281
     395  7.9687380E-04  1.6518874  3.5157023E+11    0.0038207
     396  7.9966378E-04  1.6426867  3.4780173E+11    0.0038133
     397  8.0245567E-04  1.6336586  3.4419473E+11    0.0038057
     398  8.0528668E-04  1.6247876  3.4077074E+11    0.0037979
     399  8.0700000E-04  1.6196000  3.3884000E+11    0.0037931

#-- 1:it 2:time[s] 3:T9[GK] 4:rho[g/cm3] 5:entropy[kB/baryon]
     400  8.1006962E-04  1.6105246  3.3561354E+11    0.0037841
     401  8.1314985E-04  1.6015758  3.3259630E+11    0.0037746
     402  8.1628220E-04  1.5926369  3.2970485E+11    0.0037646
     403  8.1945840E-04  1.5837378  3.2690534E+11    0.0037544
     404  8.2267194E-04  1.5749020  3.2415882E+11    0.0037442
     405  8.2591520E-04  1.5661545  3.2142482E+11    0.0037341
     406  8.2917974E-04  1.5575210  3.1866217E+11    0.0037244
     407  8.3200000E-04  1.5502000  3.1623000E+11    0.0037166
     408  8.3530186E-04  1.5419209  3.1335807E+11    0.0037082
     409  8.3863641E-04  1.5339154  3.1048390E+11    0.0037005
     410  8.4206150E-04  1.5259298  3.0755894E+11    0.0036931
     411  8.4553430E-04  1.5179397  3.0462122E+11    0.0036858
     412  8.4900946E-04  1.5099129  3.0170955E+11    0.0036783
     413  8.5243812E-04  1.5018294  2.9886414E+11    0.0036704
     414  8.5577473E-04  1.4936837  2.9612098E+11    0.0036619
     415  8.5700000E-04  1.4906000  2.9512000E+11    0.0036585
     416  8.5945055E-04  1.4842863  2.9312488E+11    0.0036514
     417  8.6247016E-04  1.4762984  2.9067814E+11    0.0036421
     418  8.6536459E-04  1.4684863  2.8834840E+11    0.0036327
     419  8.6818381E-04  1.4607893  2.8609718E+11    0.0036233
     420  8.7094955E-04  1.4532073  2.8390887E+11    0.0036139
     421  8.7368058E-04  1.4457398  2.8177042E+11    0.0036045
     422  8.7639355E-04  1.4383880  2.7967074E+11    0.0035953
     423  8.7910410E-04  1.4311544  2.7759992E+11    0.0035862
     424  8.8182782E-04  1.4240432  2.7554862E+11    0.0035774
     425  8.8200000E-04  1.4236000  2.7542000E+11    0.0035768
     426  8.8234436E-04  1.4227147  2.7516321E+11    0.0035757
     427  8.8303309E-04  1.4209463  2.7465153E+11    0.0035735
     428  8.8441055E-04  1.4174180  2.7363545E+11    0.0035691
     429  8.8716546E-04  1.4103986  2.7162974E+11    0.0035603
     430  8.8993484E-04  1.4033973  2.6964397E+11    0.0035515
     431  8.9269980E-04  1.3964685  2.6768590E+11    0.0035427
     432  8.9546246E-04  1.3896126  2.6574817E+11    0.0035340
     433  8.9822397E-04  1.3828324  2.6382436E+11    0.0035254
     434  9.0098556E-04  1.3761307  2.6190817E+11    0.0035170
     435  9.0501916E-04  1.3664952  2.5911223E+11    0.0035051
     436  9.0800000E-04  1.3595000  2.5704000E+11    0.0034967
     437  9.1202309E-04  1.3502946  2.5423572E+11    0.0034859
     438  9.1600000E-04  1.3414480  2.5146805E+11    0.0034760
     439  9.1997227E-04  1.3327732  2.4871649E+11    0.0034664
     440  9.2391768E-04  1.3242313  2.4600427E+11    0.0034570
     441  9.2781710E-04  1.3157802  2.4335138E+11    0.0034476
     442  9.3165234E-04  1.3073839  2.4077587E+11    0.0034380
     443  9.3300000E-04  1.3044000  2.3988000E+11    0.0034344
     444  9.3569533E-04  1.2984205  2.3810004E+11    0.0034273
     445  9.3940574E-04  1.2902070  2.3567143E+11    0.0034175
     446  9.4315826E-04  1.2818973  2.3324058E+11    0.0034074
     447  9.4685869E-04  1.2736745  2.3086812E+11    0.0033973
     448  9.5050176E-04  1.2655273  2.2855606E+11    0.0033871
     449  9.5407951E-04  1.2574540  2.2630802E+11    0.0033768

#-- 1:it 2:time[s] 3:T9[GK] 4:rho[g/cm3] 5:entropy[kB/baryon]
     450  9.5758537E-04  1.2494530  2.2412660E+11    0.0033663
     451  9.5800000E-04  1.2485000  2.2387000E+11    0.0033650
     452  9.5882927E-04  1.2465923  2.2335738E+11    0.0033625
     453  9.6048780E-04  1.2427757  2.2233403E+11    0.0033574
     454  9.6380486E-04  1.2351286  2.2029665E+11    0.0033472
     455  9.6712801E-04  1.2274324  2.1827129E+11    0.0033367
     456  9.7039421E-04  1.2198151  2.1629970E+11    0.0033262
     457  9.7360144E-04  1.2122667  2.1438549E+11    0.0033155
     458  9.7674594E-04  1.2047838  2.1253276E+11    0.0033047
     459  9.7982480E-04  1.1973638  2.1074456E+11    0.0032938
     460  9.8283585E-04  1.1900044  2.0902303E+11    0.0032826
     461  9.8300000E-04  1.1896000  2.0893000E+11    0.0032820
     462  9.8332830E-04  1.1887909  2.0874385E+11    0.0032807
     463  9.8398490E-04  1.1871726  2.0837054E+11    0.0032782
     464  9.8529810E-04  1.1839347  2.0762056E+11    0.0032733
     465  9.8792450E-04  1.1774462  2.0611271E+11    0.0032633
     466  9.9078115E-04  1.1703541  2.0447277E+11    0.0032524
     467  9.9357644E-04  1.1633603  2.0288261E+11    0.0032415
     468  9.9632087E-04  1.1564238  2.0134904E+11    0.0032304
     469  9.9901302E-04  1.1495354  1.9988380E+11    0.0032191
     470  1.0016522E-03  1.1426868  1.9849648E+11    0.0032074
     471  1.0042378E-03  1.1358711  1.9719487E+11    0.0031953
     472  1.0067697E-03  1.1290830  1.9598518E+11    0.0031828
     473  1.0090000E-03  1.1230000  1.9498000E+11    0.0031711
     474  1.0114390E-03  1.1162644  1.9397136E+11    0.0031576
     475  1.0138319E-03  1.1095981  1.9307706E+11    0.0031436
     476  1.0162001E-03  1.1029389  1.9226222E+11    0.0031291
     477  1.0185345E-03  1.0963093  1.9150599E+11    0.0031144
     478  1.0208707E-03  1.0896043  1.9077514E+11    0.0030993
     479  1.0231554E-03  1.0829746  1.9006607E+11    0.0030842
     480  1.0253883E-03  1.0764217  1.8936040E+11    0.0030693
     481  1.0275681E-03  1.0699512  1.8864291E+11    0.0030547
     482  1.0296937E-03  1.0635675  1.8790078E+11    0.0030405
     483  1.0317652E-03  1.0572739  1.8712351E+11    0.0030266
     484  1.0337826E-03  1.0510726  1.8630271E+11    0.0030132
     485  1.0340000E-03  1.0504000  1.8621000E+11    0.0030118
     486  1.0344348E-03  1.0490499  1.8602252E+11    0.0030089
     487  1.0353044E-03  1.0463257  1.8564067E+11    0.0030032
     488  1.0370435E-03  1.0407910  1.8485145E+11    0.0029915
     489  1.0389031E-03  1.0347660  1.8397444E+11    0.0029789
     490  1.0406987E-03  1.0288663  1.8310027E+11    0.0029666
     491  1.0424480E-03  1.0230636  1.8222778E+11    0.0029545
     492  1.0441597E-03  1.0173523  1.8135854E+11    0.0029427
     493  1.0458413E-03  1.0117275  1.8049376E+11    0.0029310
     494  1.0474993E-03  1.0061852  1.7963451E+11    0.0029196
     495  1.0491394E-03  1.0007222  1.7878172E+11    0.0029083
     496  1.0507668E-03  0.9953358  1.7793624E+11    0.0028972
     497  1.0523724E-03  0.9900696  1.7710615E+11    0.0028863
     498  1.0539737E-03  0.9848788  1.7628545E+11    0.0028756
     499  1.0555768E-03  0.9797567  1.7547408E+11    0.0028650

#-- 1:it 2:time[s] 3:T9[GK] 4:rho[g/cm3] 5:entropy[kB/baryon]
     500  1.0571864E-03  0.9747025  1.7467287E+11    0.0028545
     501  1.0590000E-03  0.9691300  1.7379000E+11    0.0028430
     502  1.0612051E-03  0.9624725  1.7271989E+11    0.0028292
     503  1.0634054E-03  0.9558962  1.7163580E+11    0.0028157
     504  1.0656017E-03  0.9494014  1.7054581E+11    0.0028025
     505  1.0677947E-03  0.9429899  1.6945790E+11    0.0027895
     506  1.0699852E-03  0.9366628  1.6837972E+11    0.0027766
     507  1.0721737E-03  0.9304213  1.6731868E+11    0.0027639
     508  1.0743611E-03  0.9242667  1.6628194E+11    0.0027512
     509  1.0765481E-03  0.9181997  1.6527648E+11    0.0027386
     510  1.0787355E-03  0.9122215  1.6430912E+11    0.0027261
     511  1.0809242E-03  0.9063327  1.6338656E+11    0.0027135
     512  1.0831150E-03  0.9005342  1.6251546E+11    0.0027009
     513  1.0840000E-03  0.8982200  1.6218000E+11    0.0026958
     514  1.0857699E-03  0.8936215  1.6154603E+11    0.0026854
     515  1.0879784E-03  0.8879280  1.6082222E+11    0.0026722
     516  1.0901487E-03  0.8823918  1.6016990E+11    0.0026591
     517  1.0923091E-03  0.8769493  1.5956440E+11    0.0026459
     518  1.0944653E-03  0.8715952  1.5898988E+11    0.0026328
     519  1.0969179E-03  0.8656129  1.5835549E+11    0.0026181
     520  1.0994026E-03  0.8596828  1.5771428E+11    0.0026036
     521  1.1019202E-03  0.8538232  1.5704574E+11    0.0025894
     522  1.1044749E-03  0.8480448  1.5632698E+11    0.0025758
     523  1.1070729E-03  0.8423572  1.5553286E+11    0.0025627
     524  1.1090000E-03  0.8382700  1.5489000E+11    0.0025538
     525  1.1116782E-03  0.8329083  1.5391325E+11    0.0025427
     526  1.1144544E-03  0.8277690  1.5281885E+11    0.0025330
     527  1.1173646E-03  0.8227054  1.5161016E+11    0.0025242
     528  1.1204138E-03  0.8176056  1.5030744E+11    0.0025158
     529  1.1235837E-03  0.8123620  1.4894820E+11    0.0025073
     530  1.1267467E-03  0.8070200  1.4762145E+11    0.0024982
     531  1.1298050E-03  0.8015946  1.4639853E+11    0.0024883
     532  1.1327381E-03  0.7960146  1.4530868E+11    0.0024771
     533  1.1350000E-03  0.7913800  1.4454000E+11    0.0024669
     534  1.1375500E-03  0.7857786  1.4375996E+11    0.0024538
     535  1.1399151E-03  0.7802943  1.4310728E+11    0.0024402
     536  1.1421540E-03  0.7749100  1.4253684E+11    0.0024265
     537  1.1443016E-03  0.7696232  1.4202001E+11    0.0024126
     538  1.1463824E-03  0.7644336  1.4153617E+11    0.0023989
     539  1.1484151E-03  0.7593421  1.4106921E+11    0.0023854
     540  1.1504150E-03  0.7543501  1.4060567E+11    0.0023721
     541  1.1523954E-03  0.7494602  1.4013349E+11    0.0023592
     542  1.1543684E-03  0.7446755  1.3964121E+11    0.0023468
     543  1.1566571E-03  0.7392780  1.3903146E+11    0.0023330
     544  1.1589891E-03  0.7339974  1.3835441E+11    0.0023199
     545  1.1600000E-03  0.7317900  1.3804000E+11    0.0023146
     546  1.1620217E-03  0.7274692  1.3736934E+11    0.0023046
     547  1.1644945E-03  0.7222890  1.3648393E+11    0.0022929
     548  1.1670375E-03  0.7170753  1.3551808E+11    0.0022817
     549  1.1696471E-03  0.7118370  1.3449033E+11    0.0022706

#-- 1:it 2:time[s] 3:T9[GK] 4:rho[g/cm3] 5:entropy[kB/baryon]
     550  1.1723236E-03  0.7065748  1.3342062E+11    0.0022597
     551  1.1750697E-03  0.7012841  1.3233066E+11    0.0022488
     552  1.1778894E-03  0.6959567  1.3124443E+11    0.0022377
     553  1.1807885E-03  0.6905818  1.3018889E+11    0.0022263
     554  1.1837733E-03  0.6851467  1.2919476E+11    0.0022143
     555  1.1850000E-03  0.6829400  1.2882000E+11    0.0022092
     556  1.1874533E-03  0.6785713  1.2812164E+11    0.0021989
     557  1.1901061E-03  0.6739173  1.2742505E+11    0.0021876
     558  1.1927955E-03  0.6692780  1.2676949E+11    0.0021761
     559  1.1955143E-03  0.6646735  1.2614673E+11    0.0021645
     560  1.1982625E-03  0.6601109  1.2554602E+11    0.0021529
     561  1.2010420E-03  0.6555948  1.2495576E+11    0.0021414
     562  1.2038555E-03  0.6511295  1.2436367E+11    0.0021300
     563  1.2067056E-03  0.6467194  1.2375679E+11    0.0021188
     564  1.2095954E-03  0.6423690  1.2312131E+11    0.0021080
     565  1.2100000E-03  0.6417700  1.2303000E+11    0.0021065
     566  1.2108091E-03  0.6405853  1.2284808E+11    0.0021036
     567  1.2124274E-03  0.6382765  1.2249165E+11    0.0020980
     568  1.2153837E-03  0.6342346  1.2186020E+11    0.0020881
     569  1.2184779E-03  0.6301857  1.2121518E+11    0.0020783
     570  1.2216872E-03  0.6261026  1.2054875E+11    0.0020685
     571  1.2249764E-03  0.6219557  1.1985284E+11    0.0020586
     572  1.2282998E-03  0.6177180  1.1912042E+11    0.0020486
     573  1.2316059E-03  0.6133694  1.1834685E+11    0.0020384
     574  1.2348457E-03  0.6088994  1.1753057E+11    0.0020281
     575  1.2350000E-03  0.6086800  1.1749000E+11    0.0020276
     576  1.2353087E-03  0.6082397  1.1740820E+11    0.0020266
     577  1.2359261E-03  0.6073541  1.1724167E+11    0.0020245
     578  1.2371608E-03  0.6055640  1.1689764E+11    0.0020205
     579  1.2396303E-03  0.6019173  1.1617184E+11    0.0020123
     580  1.2425455E-03  0.5975213  1.1526614E+11    0.0020027
     581  1.2454157E-03  0.5931258  1.1434307E+11    0.0019931
     582  1.2482504E-03  0.5887489  1.1342118E+11    0.0019835
     583  1.2510642E-03  0.5843963  1.1251497E+11    0.0019740
     584  1.2538734E-03  0.5800698  1.1163737E+11    0.0019643
     585  1.2566935E-03  0.5757711  1.1080118E+11    0.0019544
     586  1.2595405E-03  0.5715025  1.1002019E+11    0.0019443
     587  1.2610000E-03  0.5693500  1.0965000E+11    0.0019390
     588  1.2639067E-03  0.5650895  1.0896530E+11    0.0019283
     589  1.2668731E-03  0.5607480  1.0832039E+11    0.0019170
     590  1.2698959E-03  0.5563453  1.0770728E+11    0.0019052
     591  1.2729760E-03  0.5518956  1.0711593E+11    0.0018931
     592  1.2761180E-03  0.5474093  1.0653470E+11    0.0018808
     593  1.2793121E-03  0.5429186  1.0595344E+11    0.0018685
     594  1.2824995E-03  0.5385225  1.0536997E+11    0.0018564
     595  1.2857008E-03  0.5342076  1.0476759E+11    0.0018447
     596  1.2860000E-03  0.5338100  1.0471000E+11    0.0018437
     597  1.2865983E-03  0.5330161  1.0459463E+11    0.0018415
     598  1.2877950E-03  0.5314303  1.0436431E+11    0.0018373
     599  1.2901884E-03  0.5282709  1.0390529E+11    0.0018288

#-- 1:it 2:time[s] 3:T9[GK] 4:rho[g/cm3] 5:entropy[kB/baryon]
     600  1.2935187E-03  0.5239173  1.0327014E+11    0.0018171
     601  1.2967855E-03  0.5197165  1.0265102E+11    0.0018058
     602  1.3000520E-03  0.5156081  1.0203575E+11    0.0017948
     603  1.3033345E-03  0.5115944  1.0142119E+11    0.0017841
     604  1.3066526E-03  0.5076761  1.0080365E+11    0.0017737
     605  1.3100285E-03  0.5038554  1.0017906E+11    0.0017637
     606  1.3110000E-03  0.5027900  1.0000000E+11    0.0017610
 Evolution mode: switching on heating
     607  1.3110000E-03  0.5027900  9.9999999E+10    0.0017610
     608  1.3110000E-03  0.5027909  9.9999996E+10    0.0017610
     609  1.3110001E-03  0.5027927  9.9999990E+10    0.0017610
     610  1.3110001E-03  0.5027962  9.9999978E+10    0.0017610
     611  1.3110003E-03  0.5028033  9.9999954E+10    0.0017610
     612  1.3110005E-03  0.5028176  9.9999906E+10    0.0017611
     613  1.3110010E-03  0.5028460  9.9999811E+10    0.0017612
     614  1.3110021E-03  0.5029029  9.9999621E+10    0.0017614
     615  1.3110041E-03  0.5030167  9.9999240E+10    0.0017618
     616  1.3110083E-03  0.5032442  9.9998478E+10    0.0017626
     617  1.3110165E-03  0.5036987  9.9996954E+10    0.0017643
     618  1.3110331E-03  0.5046063  9.9993907E+10    0.0017677
     619  1.3110662E-03  0.5064152  9.9987813E+10    0.0017743
     620  1.3111324E-03  0.5100088  9.9975624E+10    0.0017875
     621  1.3112174E-03  0.5145846  9.9959972E+10    0.0018043
     622  1.3113056E-03  0.5192961  9.9943716E+10    0.0018216
     623  1.3113930E-03  0.5239203  9.9927627E+10    0.0018386
     624  1.3114813E-03  0.5285539  9.9911372E+10    0.0018556
     625  1.3115715E-03  0.5332516  9.9894754E+10    0.0018728
     626  1.3116575E-03  0.5376882  9.9878938E+10    0.0018891
     627  1.3117452E-03  0.5421867  9.9862775E+10    0.0019056
     628  1.3118350E-03  0.5467523  9.9846242E+10    0.0019224
     629  1.3119270E-03  0.5513919  9.9829308E+10    0.0019394
     630  1.3120213E-03  0.5561077  9.9811959E+10    0.0019566
     631  1.3121178E-03  0.5609016  9.9794183E+10    0.0019742
     632  1.3122168E-03  0.5657755  9.9775965E+10    0.0019920
     633  1.3123182E-03  0.5707316  9.9757293E+10    0.0020102
     634  1.3124222E-03  0.5757719  9.9738150E+10    0.0020286
     635  1.3125289E-03  0.5808987  9.9718524E+10    0.0020474
     636  1.3126382E-03  0.5861143  9.9698399E+10    0.0020665
     637  1.3127504E-03  0.5914211  9.9677759E+10    0.0020859
     638  1.3128654E-03  0.5968215  9.9656589E+10    0.0021057
     639  1.3129835E-03  0.6023182  9.9634874E+10    0.0021258
     640  1.3131048E-03  0.6079270  9.9612545E+10    0.0021463
     641  1.3132297E-03  0.6136567  9.9589562E+10    0.0021672
     642  1.3133580E-03  0.6194938  9.9565973E+10    0.0021886
     643  1.3134896E-03  0.6254413  9.9541765E+10    0.0022103
     644  1.3136247E-03  0.6315022  9.9516923E+10    0.0022325
     645  1.3137633E-03  0.6376804  9.9491433E+10    0.0022550
     646  1.3139055E-03  0.6439795  9.9465279E+10    0.0022781
     647  1.3140514E-03  0.6504037  9.9438450E+10    0.0023015
     648  1.3141878E-03  0.6563782  9.9413376E+10    0.0023234
     649  1.3143107E-03  0.6617392  9.9390788E+10    0.0023430

#-- 1:it 2:time[s] 3:T9[GK] 4:rho[g/cm3] 5:entropy[kB/baryon]
     650  1.3144230E-03  0.6666208  9.9370155E+10    0.0023608
     651  1.3145266E-03  0.6711168  9.9351103E+10    0.0023772
     652  1.3146329E-03  0.6757125  9.9331584E+10    0.0023940
     653  1.3147299E-03  0.6799042  9.9313750E+10    0.0024093
     654  1.3148195E-03  0.6837669  9.9297294E+10    0.0024234
     655  1.3149028E-03  0.6873559  9.9281990E+10    0.0024365
     656  1.3149808E-03  0.6907137  9.9267661E+10    0.0024488
     657  1.3150543E-03  0.6938737  9.9254170E+10    0.0024603
     658  1.3151238E-03  0.6968627  9.9241406E+10    0.0024712
     659  1.3151898E-03  0.6997027  9.9229278E+10    0.0024816
     660  1.3152528E-03  0.7024118  9.9217709E+10    0.0024915
     661  1.3153131E-03  0.7050053  9.9206636E+10    0.0025010
     662  1.3153710E-03  0.7074962  9.9196005E+10    0.0025101
     663  1.3154268E-03  0.7098959  9.9185767E+10    0.0025188
     664  1.3154806E-03  0.7122142  9.9175881E+10    0.0025273
     665  1.3155327E-03  0.7144599  9.9166310E+10    0.0025355
     666  1.3155833E-03  0.7166406  9.9157022E+10    0.0025435
     667  1.3156326E-03  0.7187635  9.9147987E+10    0.0025512
     668  1.3156806E-03  0.7208350  9.9139177E+10    0.0025588
     669  1.3157275E-03  0.7228610  9.9130567E+10    0.0025662
     670  1.3157734E-03  0.7248472  9.9122134E+10    0.0025734
     671  1.3158185E-03  0.7267988  9.9113855E+10    0.0025805
     672  1.3158629E-03  0.7287209  9.9105708E+10    0.0025876
     673  1.3159067E-03  0.7306187  9.9097672E+10    0.0025945
     674  1.3159500E-03  0.7323147  9.9089727E+10    0.0026013
     675  1.3159931E-03  0.7322793  9.9081818E+10    0.0026082
     676  1.3160379E-03  0.7322425  9.9073592E+10    0.0026152
     677  1.3160848E-03  0.7322040  9.9064990E+10    0.0026226
     678  1.3161342E-03  0.7321635  9.9055937E+10    0.0026304
     679  1.3161865E-03  0.7321205  9.9046337E+10    0.0026387
     680  1.3162425E-03  0.7320745  9.9036065E+10    0.0026475
     681  1.3163031E-03  0.7320247  9.9024952E+10    0.0026570
     682  1.3163696E-03  0.7319702  9.9012760E+10    0.0026674
     683  1.3164438E-03  0.7319092  9.8999153E+10    0.0026790
     684  1.3165285E-03  0.7318396  9.8983619E+10    0.0026922
     685  1.3166282E-03  0.7317577  9.8965347E+10    0.0027078
     686  1.3167306E-03  0.7316736  9.8946577E+10    0.0027237
     687  1.3168343E-03  0.7315884  9.8927561E+10    0.0027398
     688  1.3169396E-03  0.7315019  9.8908270E+10    0.0027561
     689  1.3170465E-03  0.7314139  9.8888671E+10    0.0027727
     690  1.3171554E-03  0.7313245  9.8868723E+10    0.0027895
     691  1.3172664E-03  0.7312332  9.8848381E+10    0.0028066
     692  1.3173800E-03  0.7311399  9.8827591E+10    0.0028240
     693  1.3174963E-03  0.7310442  9.8806289E+10    0.0028419
     694  1.3176158E-03  0.7309459  9.8784400E+10    0.0028602
     695  1.3177391E-03  0.7308446  9.8761831E+10    0.0028790
     696  1.3178668E-03  0.7307396  9.8738473E+10    0.0028985
     697  1.3179995E-03  0.7306305  9.8714190E+10    0.0029187
     698  1.3181382E-03  0.7305164  9.8688812E+10    0.0029398
     699  1.3183307E-03  0.7303581  9.8653609E+10    0.0029689

#-- 1:it 2:time[s] 3:T9[GK] 4:rho[g/cm3] 5:entropy[kB/baryon]
     700  1.3185274E-03  0.7301963  9.8617635E+10    0.0029986
     701  1.3187290E-03  0.7300305  9.8580787E+10    0.0030290
     702  1.3189361E-03  0.7298602  9.8542944E+10    0.0030602
     703  1.3191496E-03  0.7296847  9.8503959E+10    0.0030922
     704  1.3193703E-03  0.7295031  9.8463657E+10    0.0031252
     705  1.3195996E-03  0.7293147  9.8421822E+10    0.0031594
     706  1.3198388E-03  0.7291180  9.8378187E+10    0.0031950
     707  1.3203171E-03  0.7287247  9.8290980E+10    0.0032659
     708  1.3209465E-03  0.7282076  9.8176390E+10    0.0033588
     709  1.3215951E-03  0.7276748  9.8058432E+10    0.0034540
     710  1.3222657E-03  0.7271245  9.7936673E+10    0.0035522
     711  1.3229613E-03  0.7265543  9.7810591E+10    0.0036536
     712  1.3236854E-03  0.7259613  9.7679548E+10    0.0037590
     713  1.3244428E-03  0.7253418  9.7542756E+10    0.0038689
     714  1.3252393E-03  0.7246914  9.7399226E+10    0.0039842
     715  1.3260821E-03  0.7240044  9.7247696E+10    0.0041060
     716  1.3269810E-03  0.7232731  9.7086524E+10    0.0042357
     717  1.3279488E-03  0.7224878  9.6913520E+10    0.0043753
     718  1.3290032E-03  0.7216345  9.6725677E+10    0.0045272
     719  1.3301696E-03  0.7206938  9.6518711E+10    0.0046952
     720  1.3314862E-03  0.7196365  9.6286230E+10    0.0048848
     721  1.3330135E-03  0.7184162  9.6018086E+10    0.0051048
     722  1.3348170E-03  0.7169846  9.5703749E+10    0.0053648
     723  1.3360000E-03  0.7160517  9.5499000E+10    0.0055354
     724  1.3380476E-03  0.7144510  9.5147856E+10    0.0058313
     725  1.3403245E-03  0.7126921  9.4762199E+10    0.0061608
     726  1.3429282E-03  0.7107032  9.4326418E+10    0.0065385
     727  1.3460254E-03  0.7083612  9.3813815E+10    0.0069892
     728  1.3499428E-03  0.7054225  9.3171685E+10    0.0075615
     729  1.3554818E-03  0.7012789  9.2268935E+10    0.0083753
     730  1.3612039E-03  0.6969632  9.1333061E+10    0.0092213
     731  1.3620000E-03  0.6963568  9.1202000E+10    0.0093391
     732  1.3635921E-03  0.6951401  9.0939342E+10    0.0095751
     733  1.3667764E-03  0.6926967  9.0412930E+10    0.0100488
     734  1.3721908E-03  0.6885244  8.9517014E+10    0.0108593
     735  1.3776644E-03  0.6843051  8.8614597E+10    0.0116839
     736  1.3831160E-03  0.6801266  8.7723975E+10    0.0125104
     737  1.3870000E-03  0.6771773  8.7097000E+10    0.0131018
     738  1.3923847E-03  0.6731233  8.6237344E+10    0.0139269
     739  1.3978293E-03  0.6690517  8.5376786E+10    0.0147663
     740  1.4032832E-03  0.6650004  8.4523376E+10    0.0156124
     741  1.4087368E-03  0.6609762  8.3678499E+10    0.0164637
     742  1.4120000E-03  0.6585808  8.3177000E+10    0.0169749
     743  1.4173749E-03  0.6546564  8.2357459E+10    0.0178222
     744  1.4228072E-03  0.6507163  8.1537343E+10    0.0186838
     745  1.4282549E-03  0.6467913  8.0723089E+10    0.0195531
     746  1.4337083E-03  0.6428885  7.9916147E+10    0.0204287
     747  1.4370000E-03  0.6405452  7.9433000E+10    0.0209592
     748  1.4423953E-03  0.6367121  7.8644946E+10    0.0218339
     749  1.4478306E-03  0.6328644  7.7856765E+10    0.0227206

#-- 1:it 2:time[s] 3:T9[GK] 4:rho[g/cm3] 5:entropy[kB/baryon]
     750  1.4532749E-03  0.6290465  7.7077101E+10    0.0236142
     751  1.4587371E-03  0.6252747  7.6308757E+10    0.0245161
     752  1.4620000E-03  0.6230582  7.5858000E+10    0.0250568
     753  1.4674867E-03  0.6194149  7.5117630E+10    0.0259713
     754  1.4730887E-03  0.6157806  7.4380238E+10    0.0269106
     755  1.4787922E-03  0.6121208  7.3639786E+10    0.0278725
