               WinNet - Nuclear reaction network
              ===================================
 
 
Option                                   :      Value     Unit
--------------------------------------------------------------
Release                                  :    Unknown         
Git hash                                 :    Unknown         
Network size                             :       6757         
Amount reaclib rates                     :      72724         
Amount fission rates                     :       5833         
Total number of fission neutrons         :      27813         
Amount weak (ffn) rates                  :        212         
Total reactions after merge              :      78557         
Thermodynamic trajectory                 :  from file         
Starting index                           :          1         
Expansion velocity:                      :   5.00E+04   [km/s]
Evolution mode                           :        NSE         
Initial abundance source                 :        NSE         
Initial entropy                          :   8.03E-03 [kB/nuc]

#-- 1:it 2:time[s] 3:T9[GK] 4:rho[g/cm3] 5:entropy[kB/baryon]
       0  0.0000000E+00 10.0000000  8.0000000E+12    0.0080309
       1  2.0000000E-12  9.9999999  7.9999999E+12    0.0080309
       2  6.0000000E-12  9.9999998  7.9999997E+12    0.0080309
       3  1.4000000E-11  9.9999994  7.9999993E+12    0.0080309
       4  3.0000000E-11  9.9999988  7.9999985E+12    0.0080309
       5  6.2000000E-11  9.9999975  7.9999968E+12    0.0080309
       6  1.2600000E-10  9.9999950  7.9999935E+12    0.0080309
       7  2.5400000E-10  9.9999899  7.9999869E+12    0.0080309
       8  5.1000000E-10  9.9999798  7.9999737E+12    0.0080309
       9  1.0220000E-09  9.9999595  7.9999473E+12    0.0080309
      10  2.0460000E-09  9.9999190  7.9998945E+12    0.0080309
      11  4.0940000E-09  9.9998378  7.9997888E+12    0.0080309
      12  8.1900000E-09  9.9996756  7.9995776E+12    0.0080308
      13  1.6382000E-08  9.9993511  7.9991551E+12    0.0080307
      14  3.2766000E-08  9.9987022  7.9983102E+12    0.0080305
      15  6.5534000E-08  9.9974045  7.9966206E+12    0.0080300
      16  1.3107000E-07  9.9948097  7.9932425E+12    0.0080290
      17  2.6214200E-07  9.9896219  7.9864906E+12    0.0080272
      18  5.2428600E-07  9.9792546  7.9730040E+12    0.0080234
      19  1.0485740E-06  9.9585521  7.9460989E+12    0.0080159
      20  2.0971500E-06  9.9172759  7.8925609E+12    0.0080008
      21  4.1943020E-06  9.8352360  7.7865647E+12    0.0079709
      22  8.3886060E-06  9.6731867  7.5788236E+12    0.0079112
      23  1.6336552E-05  9.3734007  7.2002481E+12    0.0077995
      24  2.4287813E-05  9.0827862  6.8404369E+12    0.0076893
      25  2.5000000E-05  9.0572000  6.8091000E+12    0.0076795
      26  2.6424374E-05  9.0029961  6.7465699E+12    0.0076573
      27  2.9273122E-05  8.8939483  6.6218439E+12    0.0076122
      28  3.4970618E-05  8.6747501  6.3766911E+12    0.0075194
      29  4.2810390E-05  8.3755904  6.0581599E+12    0.0073864
      30  5.0000000E-05  8.1094000  5.7955000E+12    0.0072592
      31  5.9271515E-05  7.7735894  5.5059610E+12    0.0070798
      32  6.9225036E-05  7.4276303  5.2308793E+12    0.0068827
      33  7.6000000E-05  7.2109000  5.0477000E+12    0.0067627
 Evolution mode: switching to network
      34  8.3225889E-05  6.9999992  4.8486187E+12    0.0066545
      35  8.3225889E-05  6.9999992  4.8486187E+12    0.0066545
      36  8.3225889E-05  6.9999992  4.8486187E+12    0.0066545
      37  8.3225889E-05  6.9999992  4.8486187E+12    0.0066545
      38  8.3225889E-05  6.9999992  4.8486187E+12    0.0066545
      39  8.3225889E-05  6.9999992  4.8486187E+12    0.0066545
      40  8.3225889E-05  6.9999992  4.8486187E+12    0.0066545
      41  8.3225889E-05  6.9999992  4.8486187E+12    0.0066545
      42  8.3225889E-05  6.9999992  4.8486187E+12    0.0066545
      43  8.3225889E-05  6.9999992  4.8486187E+12    0.0066545
      44  8.3225889E-05  6.9999992  4.8486187E+12    0.0066545
      45  8.3225889E-05  6.9999992  4.8486187E+12    0.0066545
      46  8.3225889E-05  6.9999992  4.8486187E+12    0.0066545
      47  8.3225889E-05  6.9999992  4.8486187E+12    0.0066545
      48  8.3225889E-05  6.9999992  4.8486187E+12    0.0066545
      49  8.3225890E-05  6.9999992  4.8486187E+12    0.0066545

#-- 1:it 2:time[s] 3:T9[GK] 4:rho[g/cm3] 5:entropy[kB/baryon]
      50  8.3225890E-05  6.9999992  4.8486187E+12    0.0066545
      51  8.3225890E-05  6.9999992  4.8486187E+12    0.0066545
      52  8.3225891E-05  6.9999992  4.8486187E+12    0.0066545
      53  8.3225893E-05  6.9999991  4.8486186E+12    0.0066545
      54  8.3225894E-05  6.9999991  4.8486186E+12    0.0066545
      55  8.3225896E-05  6.9999990  4.8486185E+12    0.0066545
      56  8.3225899E-05  6.9999989  4.8486184E+12    0.0066545
      57  8.3225906E-05  6.9999988  4.8486183E+12    0.0066545
      58  8.3225920E-05  6.9999984  4.8486179E+12    0.0066545
      59  8.3225948E-05  6.9999976  4.8486171E+12    0.0066545
      60  8.3226004E-05  6.9999960  4.8486156E+12    0.0066545
      61  8.3226115E-05  6.9999929  4.8486125E+12    0.0066545
      62  8.3226338E-05  6.9999867  4.8486064E+12    0.0066545
      63  8.3226784E-05  6.9999742  4.8485941E+12    0.0066545
      64  8.3227675E-05  6.9999492  4.8485696E+12    0.0066545
      65  8.3229459E-05  6.9998992  4.8485206E+12    0.0066545
      66  8.3233026E-05  6.9997993  4.8484226E+12    0.0066544
      67  8.3240159E-05  6.9995995  4.8482266E+12    0.0066543
      68  8.3254426E-05  6.9992000  4.8478345E+12    0.0066541
      69  8.3282959E-05  6.9984011  4.8470505E+12    0.0066537
      70  8.3340026E-05  6.9968039  4.8454826E+12    0.0066529
      71  8.3410595E-05  6.9948301  4.8435442E+12    0.0066520
      72  8.3488221E-05  6.9926606  4.8414124E+12    0.0066509
      73  8.3573608E-05  6.9902760  4.8390682E+12    0.0066497
      74  8.3667532E-05  6.9876553  4.8364904E+12    0.0066484
      75  8.3770847E-05  6.9847755  4.8336558E+12    0.0066470
      76  8.3884491E-05  6.9816110  4.8305391E+12    0.0066454
      77  8.4009497E-05  6.9781342  4.8271124E+12    0.0066437
      78  8.4146998E-05  6.9743147  4.8233450E+12    0.0066418
      79  8.4298245E-05  6.9701192  4.8192035E+12    0.0066397
      80  8.4464609E-05  6.9655112  4.8146510E+12    0.0066375
      81  8.4647601E-05  6.9604510  4.8096473E+12    0.0066350
      82  8.4848881E-05  6.9548950  4.8041483E+12    0.0066322
      83  8.5070274E-05  6.9487957  4.7981058E+12    0.0066292
      84  8.5313787E-05  6.9421011  4.7914672E+12    0.0066259
      85  8.5581628E-05  6.9347544  4.7841750E+12    0.0066223
      86  8.5876222E-05  6.9266938  4.7761667E+12    0.0066184
      87  8.6200235E-05  6.9178519  4.7673741E+12    0.0066140
      88  8.6556599E-05  6.9081550  4.7577234E+12    0.0066093
      89  8.6948535E-05  6.8975230  4.7471345E+12    0.0066040
      90  8.7379582E-05  6.8858686  4.7355212E+12    0.0065983
      91  8.7853630E-05  6.8730967  4.7227905E+12    0.0065921
      92  8.8374952E-05  6.8591035  4.7088429E+12    0.0065852
      93  8.8948245E-05  6.8437762  4.6935727E+12    0.0065777
      94  8.9578666E-05  6.8269914  4.6768678E+12    0.0065695
      95  9.0271884E-05  6.8086146  4.6586107E+12    0.0065604
      96  9.1034129E-05  6.7884983  4.6386798E+12    0.0065505
      97  9.1860637E-05  6.7667852  4.6172502E+12    0.0065398
      98  9.2734144E-05  6.7439400  4.5948209E+12    0.0065284
      99  9.3655257E-05  6.7199529  4.5714283E+12    0.0065164

#-- 1:it 2:time[s] 3:T9[GK] 4:rho[g/cm3] 5:entropy[kB/baryon]
     100  9.4624874E-05  6.6948042  4.5471092E+12    0.0065037
     101  9.5643840E-05  6.6684731  4.5219099E+12    0.0064902
     102  9.6712948E-05  6.6409368  4.4958875E+12    0.0064760
     103  9.7832961E-05  6.6121698  4.4691098E+12    0.0064610
     104  9.9004633E-05  6.5821427  4.4416556E+12    0.0064450
     105  1.0022873E-04  6.5508206  4.4136153E+12    0.0064281
     106  1.0100000E-04  6.5311000  4.3963000E+12    0.0064173
     107  1.0229661E-04  6.4979415  4.3679122E+12    0.0063986
     108  1.0366146E-04  6.4630450  4.3390084E+12    0.0063786
     109  1.0508361E-04  6.4267394  4.3098372E+12    0.0063572
     110  1.0656273E-04  6.3890929  4.2803884E+12    0.0063346
     111  1.0809845E-04  6.3501865  4.2506285E+12    0.0063109
     112  1.0969001E-04  6.3101231  4.2205054E+12    0.0062862
     113  1.1133623E-04  6.2690282  4.1899474E+12    0.0062606
     114  1.1303544E-04  6.2270513  4.1588624E+12    0.0062343
     115  1.1475851E-04  6.1850189  4.1276260E+12    0.0062080
     116  1.1640043E-04  6.1455356  4.0979555E+12    0.0061835
     117  1.1807041E-04  6.1060151  4.0677072E+12    0.0061591
     118  1.1976914E-04  6.0665412  4.0366989E+12    0.0061351
     119  1.2149307E-04  6.0273005  4.0048157E+12    0.0061118
     120  1.2309667E-04  5.9915989  3.9746375E+12    0.0060911
     121  1.2472402E-04  5.9562138  3.9433632E+12    0.0060713
     122  1.2600000E-04  5.9291000  3.9183000E+12    0.0060567
     123  1.2767197E-04  5.8943451  3.8846516E+12    0.0060388
     124  1.2937447E-04  5.8597391  3.8495722E+12    0.0060217
     125  1.3109430E-04  5.8255360  3.8135106E+12    0.0060056
     126  1.3283270E-04  5.7916859  3.7766323E+12    0.0059903
     127  1.3459165E-04  5.7581254  3.7390919E+12    0.0059757
     128  1.3637339E-04  5.7247878  3.7010451E+12    0.0059616
     129  1.3818036E-04  5.6916033  3.6626498E+12    0.0059480
     130  1.4001531E-04  5.6584975  3.6240691E+12    0.0059345
     131  1.4188126E-04  5.6253917  3.5854724E+12    0.0059211
     132  1.4363871E-04  5.5946789  3.5498933E+12    0.0059087
     133  1.4542315E-04  5.5639134  3.5147113E+12    0.0058960
     134  1.4724339E-04  5.5329196  3.4799769E+12    0.0058828
     135  1.4910421E-04  5.5015929  3.4458500E+12    0.0058690
     136  1.5100000E-04  5.4700000  3.4127000E+12    0.0058544
     137  1.5295807E-04  5.4379318  3.3801066E+12    0.0058389
     138  1.5497319E-04  5.4057265  3.3479812E+12    0.0058231
     139  1.5704507E-04  5.3733595  3.3162513E+12    0.0058069
     140  1.5917279E-04  5.3408027  3.2848304E+12    0.0057904
     141  1.6104706E-04  5.3126138  3.2579655E+12    0.0057758
     142  1.6294563E-04  5.2844517  3.2313815E+12    0.0057612
     143  1.6487580E-04  5.2561521  3.2048629E+12    0.0057463
     144  1.6683474E-04  5.2276964  3.1783285E+12    0.0057313
     145  1.6881885E-04  5.1990713  3.1516981E+12    0.0057162
     146  1.7082409E-04  5.1702638  3.1248894E+12    0.0057010
     147  1.7284609E-04  5.1412618  3.0978196E+12    0.0056857
     148  1.7488026E-04  5.1120537  3.0704069E+12    0.0056704
     149  1.7692192E-04  5.0826286  3.0425727E+12    0.0056552

#-- 1:it 2:time[s] 3:T9[GK] 4:rho[g/cm3] 5:entropy[kB/baryon]
     150  1.7700000E-04  5.0815000  3.0415000E+12    0.0056546
     151  1.7715617E-04  5.0792418  3.0393554E+12    0.0056534
     152  1.7746851E-04  5.0747211  3.0350759E+12    0.0056511
     153  1.7809318E-04  5.0656638  3.0265534E+12    0.0056464
     154  1.7934254E-04  5.0474963  3.0096452E+12    0.0056368
     155  1.8136849E-04  5.0179391  2.9825636E+12    0.0056210
     156  1.8344692E-04  4.9875833  2.9551262E+12    0.0056044
     157  1.8555082E-04  4.9569289  2.9276081E+12    0.0055877
     158  1.8768038E-04  4.9260852  2.8999150E+12    0.0055708
     159  1.8983285E-04  4.8952083  2.8719867E+12    0.0055540
     160  1.9200834E-04  4.8644173  2.8437238E+12    0.0055375
     161  1.9420717E-04  4.8338327  2.8150215E+12    0.0055216
     162  1.9642979E-04  4.8035778  2.7857710E+12    0.0055065
     163  1.9865834E-04  4.7740207  2.7561072E+12    0.0054924
     164  2.0090399E-04  4.7451363  2.7257838E+12    0.0054796
     165  2.0200000E-04  4.7314000  2.7108000E+12    0.0054740
     166  2.0419202E-04  4.7047300  2.6801969E+12    0.0054640
     167  2.0646417E-04  4.6781310  2.6476171E+12    0.0054556
     168  2.0874343E-04  4.6523345  2.6143689E+12    0.0054487
     169  2.1103468E-04  4.6271116  2.5806783E+12    0.0054430
     170  2.1334634E-04  4.6022004  2.5467129E+12    0.0054379
     171  2.1568709E-04  4.5773384  2.5126369E+12    0.0054332
     172  2.1806608E-04  4.5522539  2.4786193E+12    0.0054284
     173  2.2049321E-04  4.5266560  2.4448402E+12    0.0054229
     174  2.2297954E-04  4.5002220  2.4114983E+12    0.0054163
     175  2.2553783E-04  4.4725822  2.3788214E+12    0.0054079
     176  2.2700000E-04  4.4565000  2.3610000E+12    0.0054021
     177  2.2969338E-04  4.4264198  2.3295991E+12    0.0053900
     178  2.3252080E-04  4.3944666  2.2981916E+12    0.0053757
     179  2.3544536E-04  4.3612058  2.2670889E+12    0.0053597
     180  2.3786570E-04  4.3336597  2.2422058E+12    0.0053457
     181  2.4028832E-04  4.3061885  2.2179064E+12    0.0053314
     182  2.4272992E-04  4.2787137  2.1938767E+12    0.0053170
     183  2.4518482E-04  4.2514126  2.1700315E+12    0.0053026
     184  2.4764611E-04  4.2244728  2.1462955E+12    0.0052887
     185  2.5010690E-04  4.1980765  2.1225956E+12    0.0052754
     186  2.5200000E-04  4.1782000  2.1043000E+12    0.0052658
     187  2.5441324E-04  4.1534048  2.0811939E+12    0.0052541
     188  2.5686198E-04  4.1287633  2.0582462E+12    0.0052426
     189  2.5933768E-04  4.1042952  2.0354444E+12    0.0052312
     190  2.6183264E-04  4.0800024  2.0127606E+12    0.0052200
     191  2.6433853E-04  4.0558864  1.9901685E+12    0.0052090
     192  2.6684664E-04  4.0319486  1.9676447E+12    0.0051982
     193  2.6934814E-04  4.0081899  1.9451698E+12    0.0051877
     194  2.7183444E-04  3.9846106  1.9227283E+12    0.0051775
     195  2.7430586E-04  3.9611306  1.9002327E+12    0.0051675
     196  2.7675144E-04  3.9377821  1.8777071E+12    0.0051578
     197  2.7700000E-04  3.9354000  1.8754000E+12    0.0051568
     198  2.7749711E-04  3.9306250  1.8707689E+12    0.0051548
     199  2.7849134E-04  3.9210262  1.8614319E+12    0.0051509

#-- 1:it 2:time[s] 3:T9[GK] 4:rho[g/cm3] 5:entropy[kB/baryon]
     200  2.8047979E-04  3.9016677  1.8425061E+12    0.0051432
     201  2.8268552E-04  3.8800228  1.8212273E+12    0.0051348
     202  2.8486728E-04  3.8585357  1.8000175E+12    0.0051266
     203  2.8702329E-04  3.8373239  1.7790267E+12    0.0051186
     204  2.8916542E-04  3.8163637  1.7582592E+12    0.0051109
     205  2.9097669E-04  3.7987970  1.7408510E+12    0.0051045
     206  2.9277547E-04  3.7815492  1.7237686E+12    0.0050982
     207  2.9458463E-04  3.7644524  1.7068562E+12    0.0050921
     208  2.9641189E-04  3.7474919  1.6901085E+12    0.0050861
     209  2.9826472E-04  3.7306624  1.6735292E+12    0.0050801
     210  3.0015138E-04  3.7139615  1.6571247E+12    0.0050742
     211  3.0208129E-04  3.6973899  1.6409045E+12    0.0050684
     212  3.0300000E-04  3.6897000  1.6334000E+12    0.0050657
     213  3.0483742E-04  3.6747829  1.6187518E+12    0.0050606
     214  3.0690680E-04  3.6586871  1.6027313E+12    0.0050554
     215  3.0904567E-04  3.6426970  1.5866436E+12    0.0050505
     216  3.1124611E-04  3.6267798  1.5705268E+12    0.0050459
     217  3.1350410E-04  3.6108462  1.5543782E+12    0.0050413
     218  3.1581413E-04  3.5947928  1.5381955E+12    0.0050367
     219  3.1816903E-04  3.5785058  1.5219783E+12    0.0050319
     220  3.2056005E-04  3.5618641  1.5057286E+12    0.0050267
     221  3.2297719E-04  3.5447441  1.4894505E+12    0.0050210
     222  3.2540965E-04  3.5270239  1.4731490E+12    0.0050145
     223  3.2784644E-04  3.5085889  1.4568296E+12    0.0050072
     224  3.2800000E-04  3.5074000  1.4558000E+12    0.0050067
     225  3.2830712E-04  3.5050123  1.4537396E+12    0.0050057
     226  3.2892135E-04  3.5001995  1.4496130E+12    0.0050036
     227  3.3014982E-04  3.4904351  1.4413425E+12    0.0049993
     228  3.3251181E-04  3.4712191  1.4254162E+12    0.0049905
     229  3.3492993E-04  3.4510948  1.4091551E+12    0.0049808
     230  3.3729110E-04  3.4311750  1.3934052E+12    0.0049709
     231  3.3958653E-04  3.4117122  1.3782922E+12    0.0049610
     232  3.4184028E-04  3.3926534  1.3637128E+12    0.0049510
     233  3.4407166E-04  3.3739681  1.3495941E+12    0.0049411
     234  3.4629838E-04  3.3556345  1.3358775E+12    0.0049312
     235  3.4853798E-04  3.3376376  1.3225143E+12    0.0049215
     236  3.5080921E-04  3.3199684  1.3094619E+12    0.0049119
     237  3.5300000E-04  3.3036000  1.2974000E+12    0.0049030
     238  3.5548288E-04  3.2859019  1.2845187E+12    0.0048933
     239  3.5806871E-04  3.2682705  1.2719736E+12    0.0048832
     240  3.6077506E-04  3.2504930  1.2595637E+12    0.0048728
     241  3.6357631E-04  3.2326014  1.2472457E+12    0.0048622
     242  3.6643508E-04  3.2146452  1.2349683E+12    0.0048515
     243  3.6930184E-04  3.1967118  1.2226969E+12    0.0048408
     244  3.7212177E-04  3.1789183  1.2104230E+12    0.0048303
     245  3.7484443E-04  3.1613917  1.1981662E+12    0.0048203
     246  3.7743222E-04  3.1442427  1.1859652E+12    0.0048108
     247  3.7800000E-04  3.1404000  1.1832000E+12    0.0048087
     248  3.7913556E-04  3.1326086  1.1775637E+12    0.0048046
     249  3.8140667E-04  3.1166371  1.1659195E+12    0.0047962

#-- 1:it 2:time[s] 3:T9[GK] 4:rho[g/cm3] 5:entropy[kB/baryon]
     250  3.8395601E-04  3.0982449  1.1524078E+12    0.0047867
     251  3.8631138E-04  3.0809868  1.1396729E+12    0.0047779
     252  3.8853843E-04  3.0645814  1.1275475E+12    0.0047697
     253  3.9067793E-04  3.0488648  1.1159358E+12    0.0047619
     254  3.9275941E-04  3.0337252  1.1047725E+12    0.0047543
     255  3.9480652E-04  3.0190811  1.0940103E+12    0.0047470
     256  3.9683994E-04  3.0048709  1.0836150E+12    0.0047400
     257  3.9887953E-04  2.9910466  1.0735618E+12    0.0047331
     258  4.0094556E-04  2.9775744  1.0638372E+12    0.0047263
     259  4.0300000E-04  2.9648000  1.0547000E+12    0.0047197
     260  4.0519879E-04  2.9518488  1.0454857E+12    0.0047131
     261  4.0748916E-04  2.9390388  1.0363773E+12    0.0047066
     262  4.0986501E-04  2.9263587  1.0273748E+12    0.0047002
     263  4.1231931E-04  2.9137734  1.0184637E+12    0.0046938
     264  4.1483882E-04  2.9012500  1.0096342E+12    0.0046875
     265  4.1740371E-04  2.8887596  1.0008817E+12    0.0046811
     266  4.1998798E-04  2.8762819  9.9220818E+11    0.0046747
     267  4.2256138E-04  2.8638089  9.8362313E+11    0.0046682
     268  4.2509261E-04  2.8513460  9.7514245E+11    0.0046616
     269  4.2755313E-04  2.8389114  9.6678575E+11    0.0046548
     270  4.2900000E-04  2.8314000  9.6179000E+11    0.0046507
     271  4.3132650E-04  2.8191169  9.5370559E+11    0.0046438
     272  4.3355088E-04  2.8072644  9.4599542E+11    0.0046370
     273  4.3573676E-04  2.7955391  9.3844422E+11    0.0046302
     274  4.3788713E-04  2.7839522  9.3104681E+11    0.0046234
     275  4.4000668E-04  2.7725029  9.2379153E+11    0.0046166
     276  4.4209956E-04  2.7611907  9.1666825E+11    0.0046099
     277  4.4473400E-04  2.7469728  9.0776737E+11    0.0046013
     278  4.4731520E-04  2.7331006  8.9912637E+11    0.0045930
     279  4.4987572E-04  2.7194327  8.9064187E+11    0.0045847
     280  4.5242084E-04  2.7059731  8.8230300E+11    0.0045766
     281  4.5400000E-04  2.6977000  8.7718000E+11    0.0045716
     282  4.5658051E-04  2.6841815  8.6888108E+11    0.0045634
     283  4.5908998E-04  2.6709717  8.6088568E+11    0.0045552
     284  4.6156495E-04  2.6579379  8.5307209E+11    0.0045470
     285  4.6401306E-04  2.6450928  8.4541292E+11    0.0045388
     286  4.6644236E-04  2.6324428  8.3788044E+11    0.0045309
     287  4.6886045E-04  2.6199949  8.3044932E+11    0.0045231
     288  4.7127472E-04  2.6077566  8.2309568E+11    0.0045155
     289  4.7369257E-04  2.5957363  8.1579636E+11    0.0045083
     290  4.7611555E-04  2.5839731  8.0854655E+11    0.0045015
     291  4.7854289E-04  2.5725170  8.0134834E+11    0.0044951
     292  4.7900000E-04  2.5704000  8.0000000E+11    0.0044940
     293  4.7991421E-04  2.5662213  7.9731012E+11    0.0044918
     294  4.8174264E-04  2.5580955  7.9195744E+11    0.0044878
     295  4.8424896E-04  2.5473800  7.8467853E+11    0.0044831
     296  4.8674975E-04  2.5370588  7.7748233E+11    0.0044789
     297  4.8927129E-04  2.5268987  7.7029322E+11    0.0044750
     298  4.9179940E-04  2.5168335  7.6315211E+11    0.0044713
     299  4.9432086E-04  2.5067905  7.5609576E+11    0.0044675

#-- 1:it 2:time[s] 3:T9[GK] 4:rho[g/cm3] 5:entropy[kB/baryon]
     300  4.9697647E-04  2.4960731  7.4873462E+11    0.0044632
     301  4.9979491E-04  2.4843862  7.4100058E+11    0.0044580
     302  5.0259139E-04  2.4723124  7.3340590E+11    0.0044518
     303  5.0400000E-04  2.4660000  7.2961000E+11    0.0044483
     304  5.0668722E-04  2.4534412  7.2241021E+11    0.0044405
     305  5.0935219E-04  2.4404202  7.1532126E+11    0.0044317
     306  5.1188829E-04  2.4276737  7.0863044E+11    0.0044227
     307  5.1434041E-04  2.4151690  7.0221946E+11    0.0044134
     308  5.1673845E-04  2.4029024  6.9601133E+11    0.0044042
     309  5.1910653E-04  2.3908769  6.8994596E+11    0.0043952
     310  5.2146590E-04  2.3791013  6.8397257E+11    0.0043865
     311  5.2383705E-04  2.3675905  6.7804444E+11    0.0043781
     312  5.2624152E-04  2.3563672  6.7211485E+11    0.0043704
     313  5.2870395E-04  2.3454646  6.6613279E+11    0.0043633
     314  5.2900000E-04  2.3442000  6.6542000E+11    0.0043626
     315  5.2959210E-04  2.3416960  6.6399923E+11    0.0043611
     316  5.3077629E-04  2.3367729  6.6117759E+11    0.0043582
     317  5.3314468E-04  2.3272390  6.5560821E+11    0.0043529
     318  5.3587820E-04  2.3166864  6.4928880E+11    0.0043474
     319  5.3867158E-04  2.3063107  6.4293244E+11    0.0043424
     320  5.4153066E-04  2.2960184  6.3651266E+11    0.0043378
     321  5.4443673E-04  2.2857929  6.3005612E+11    0.0043334
     322  5.4736803E-04  2.2756141  6.2359327E+11    0.0043293
     323  5.5029970E-04  2.2654651  6.1715969E+11    0.0043251
     324  5.5320572E-04  2.2553340  6.1079329E+11    0.0043210
     325  5.5500000E-04  2.2490000  6.0686000E+11    0.0043183
     326  5.5785051E-04  2.2389761  6.0053422E+11    0.0043144
     327  5.6111083E-04  2.2277134  5.9318680E+11    0.0043106
     328  5.6443470E-04  2.2163723  5.8568176E+11    0.0043072
     329  5.6784728E-04  2.2047884  5.7807672E+11    0.0043038
     330  5.7139610E-04  2.1927106  5.7039705E+11    0.0042996
     331  5.7493082E-04  2.1805520  5.6309879E+11    0.0042945
     332  5.7845144E-04  2.1682190  5.5629088E+11    0.0042879
     333  5.8000000E-04  2.1627000  5.5347000E+11    0.0042844
     334  5.8309712E-04  2.1514144  5.4823777E+11    0.0042758
     335  5.8664801E-04  2.1381333  5.4282297E+11    0.0042638
     336  5.9018638E-04  2.1247031  5.3782916E+11    0.0042503
     337  5.9371601E-04  2.1112814  5.3302949E+11    0.0042364
     338  5.9721795E-04  2.0981033  5.2824050E+11    0.0042229
     339  6.0067635E-04  2.0853784  5.2329167E+11    0.0042107
     340  6.0407789E-04  2.0732872  5.1803393E+11    0.0042007
     341  6.0500000E-04  2.0701000  5.1652000E+11    0.0041984
     342  6.0684422E-04  2.0638541  5.1336399E+11    0.0041945
     343  6.1012424E-04  2.0531107  5.0740454E+11    0.0041892
     344  6.1312443E-04  2.0435920  5.0169590E+11    0.0041858
     345  6.1594613E-04  2.0348111  4.9622540E+11    0.0041833
     346  6.1865328E-04  2.0264617  4.9098533E+11    0.0041812
     347  6.2129027E-04  2.0183270  4.8597593E+11    0.0041789
     348  6.2389176E-04  2.0102336  4.8120419E+11    0.0041761
     349  6.2648798E-04  2.0020249  4.7668429E+11    0.0041724

#-- 1:it 2:time[s] 3:T9[GK] 4:rho[g/cm3] 5:entropy[kB/baryon]
     350  6.2910826E-04  1.9935430  4.7243948E+11    0.0041673
     351  6.3000000E-04  1.9906000  4.7108000E+11    0.0041652
     352  6.3178348E-04  1.9846500  4.6850122E+11    0.0041605
     353  6.3460254E-04  1.9751269  4.6475800E+11    0.0041519
     354  6.3747231E-04  1.9653107  4.6127100E+11    0.0041418
     355  6.4043085E-04  1.9550944  4.5790502E+11    0.0041306
     356  6.4343724E-04  1.9446462  4.5460640E+11    0.0041187
     357  6.4644066E-04  1.9341748  4.5131831E+11    0.0041066
     358  6.4938700E-04  1.9239018  4.4799113E+11    0.0040951
     359  6.5222830E-04  1.9140235  4.4459028E+11    0.0040846
     360  6.5493007E-04  1.9046810  4.4109881E+11    0.0040756
     361  6.5600000E-04  1.9010000  4.3963000E+11    0.0040723
     362  6.5813986E-04  1.8935839  4.3653783E+11    0.0040661
     363  6.6047880E-04  1.8853578  4.3296325E+11    0.0040598
     364  6.6267390E-04  1.8775687  4.2947214E+11    0.0040541
     365  6.6477447E-04  1.8700924  4.2605039E+11    0.0040489
     366  6.6681151E-04  1.8628562  4.2269345E+11    0.0040440
     367  6.6944315E-04  1.8535818  4.1835595E+11    0.0040380
     368  6.7201412E-04  1.8446632  4.1418027E+11    0.0040322
     369  6.7458101E-04  1.8359625  4.1013586E+11    0.0040266
     370  6.7718185E-04  1.8274178  4.0622710E+11    0.0040208
     371  6.7985699E-04  1.8189801  4.0246899E+11    0.0040149
     372  6.8100000E-04  1.8155000  4.0096000E+11    0.0040123
     373  6.8328602E-04  1.8088132  3.9812402E+11    0.0040072
     374  6.8720305E-04  1.7981031  3.9371914E+11    0.0039986
     375  6.9131628E-04  1.7875453  3.8949960E+11    0.0039897
     376  6.9568037E-04  1.7766837  3.8520408E+11    0.0039805
     377  7.0012767E-04  1.7655103  3.8072987E+11    0.0039712
     378  7.0444729E-04  1.7541113  3.7601978E+11    0.0039623
     379  7.0600000E-04  1.7498000  3.7419000E+11    0.0039591
     380  7.0910541E-04  1.7408611  3.7028184E+11    0.0039529
     381  7.1268609E-04  1.7301972  3.6546921E+11    0.0039462
     382  7.1604067E-04  1.7199846  3.6079893E+11    0.0039400
     383  7.1926851E-04  1.7100679  3.5627785E+11    0.0039340
     384  7.2242881E-04  1.7003737  3.5192972E+11    0.0039280
     385  7.2556808E-04  1.6908528  3.4778220E+11    0.0039218
     386  7.2872857E-04  1.6814688  3.4386989E+11    0.0055657
     387  7.3100000E-04  1.6749000  3.4127000E+11    0.0071148
     388  7.3436742E-04  1.6653336  3.3771019E+11    0.0088204
     389  7.3775696E-04  1.6558036  3.3437976E+11    0.0099908
     390  7.4118652E-04  1.6462793  3.3120968E+11    0.0107723
     391  7.4465042E-04  1.6367971  3.2815394E+11    0.0113110
     392  7.4814386E-04  1.6273910  3.2516369E+11    0.0117638
     393  7.5166163E-04  1.6180956  3.2218914E+11    0.0122967
     394  7.5519828E-04  1.6089454  3.1918023E+11    0.0130821
     395  7.5600000E-04  1.6069000  3.1849000E+11    0.0133128
     396  7.5760344E-04  1.6028817  3.1712711E+11    0.0137915
     397  7.6081032E-04  1.5951590  3.1451008E+11    0.0147283
     398  7.6455765E-04  1.5865043  3.1157275E+11    0.0158278
     399  7.6840224E-04  1.5778155  3.0860822E+11    0.0170180

#-- 1:it 2:time[s] 3:T9[GK] 4:rho[g/cm3] 5:entropy[kB/baryon]
     400  7.7227886E-04  1.5690120  3.0557876E+11    0.0183432
     401  7.7607784E-04  1.5601157  3.0248568E+11    0.0198242
     402  7.7970163E-04  1.5511803  2.9934682E+11    0.0214594
     403  7.8200000E-04  1.5452000  2.9723000E+11    0.0226329
     404  7.8521847E-04  1.5363511  2.9403943E+11    0.0245957
     405  7.8816567E-04  1.5278508  2.9091413E+11    0.0267269
     406  7.9093047E-04  1.5196409  2.8787408E+11    0.0289121
     407  7.9358162E-04  1.5116457  2.8491705E+11    0.0310877
     408  7.9616376E-04  1.5038237  2.8204631E+11    0.0332024
     409  7.9871060E-04  1.4961490  2.7926783E+11    0.0352088
     410  8.0123368E-04  1.4886554  2.7660791E+11    0.0370466
     411  8.0376163E-04  1.4813249  2.7407416E+11    0.0386665
     412  8.0633981E-04  1.4741006  2.7166419E+11    0.0400162
     413  8.0700000E-04  1.4723000  2.7108000E+11    0.0403035
     414  8.0832037E-04  1.4687346  2.6994536E+11    0.0408048
     415  8.1096111E-04  1.4616868  2.6778236E+11    0.0415494
     416  8.1375258E-04  1.4543552  2.6562714E+11    0.0420299
     417  8.1657616E-04  1.4470614  2.6355605E+11    0.0422820
     418  8.1943421E-04  1.4398014  2.6154248E+11    0.0423885
     419  8.2232174E-04  1.4325902  2.5956398E+11    0.0424381
     420  8.2523352E-04  1.4254421  2.5759700E+11    0.0425257
     421  8.2816379E-04  1.4183721  2.5561757E+11    0.0427507
     422  8.3110637E-04  1.4113949  2.5360187E+11    0.0432151
     423  8.3200000E-04  1.4093000  2.5298000E+11    0.0434188
     424  8.3378726E-04  1.4051813  2.5173381E+11    0.0439112
     425  8.3682200E-04  1.3984251  2.4963217E+11    0.0449500
     426  8.3986510E-04  1.3918737  2.4754264E+11    0.0461769
     427  8.4297033E-04  1.3853286  2.4542868E+11    0.0475345
     428  8.4733481E-04  1.3761947  2.4248806E+11    0.0494555
     429  8.5159570E-04  1.3671381  2.3965113E+11    0.0511350
     430  8.5574868E-04  1.3579628  2.3691761E+11    0.0523676
     431  8.5700000E-04  1.3551000  2.3610000E+11    0.0526288
     432  8.5950265E-04  1.3492366  2.3447037E+11    0.0530053
     433  8.6334106E-04  1.3399749  2.3198498E+11    0.0532906
     434  8.6698428E-04  1.3309865  2.2964696E+11    0.0533128
     435  8.7052010E-04  1.3221828  2.2740261E+11    0.0531839
     436  8.7398319E-04  1.3135768  2.2523267E+11    0.0529884
     437  8.7740363E-04  1.3051792  2.2312109E+11    0.0527990
     438  8.8093607E-04  1.2967015  2.2097757E+11    0.0526812
     439  8.8200000E-04  1.2942000  2.2034000E+11    0.0526726
     440  8.8412786E-04  1.2892363  2.1907822E+11    0.0526490
     441  8.8780210E-04  1.2807268  2.1693932E+11    0.0525306
     442  8.9139326E-04  1.2724961  2.1488834E+11    0.0523678
     443  8.9498055E-04  1.2643723  2.1286841E+11    0.0522134
     444  8.9856238E-04  1.2563707  2.1087062E+11    0.0521216
     445  9.0214113E-04  1.2484975  2.0888427E+11    0.0521462
     446  9.0571914E-04  1.2407587  2.0689907E+11    0.0523408
     447  9.0800000E-04  1.2359000  2.0563000E+11    0.0525784
     448  9.1164632E-04  1.2283015  2.0359734E+11    0.0531903
     449  9.1525202E-04  1.2209834  2.0159039E+11    0.0540370

#-- 1:it 2:time[s] 3:T9[GK] 4:rho[g/cm3] 5:entropy[kB/baryon]
     450  9.1889326E-04  1.2137285  1.9957158E+11    0.0550493
     451  9.2254342E-04  1.2065314  1.9756053E+11    0.0561352
     452  9.2617962E-04  1.1993774  1.9557434E+11    0.0572004
     453  9.2977846E-04  1.1922554  1.9362967E+11    0.0581530
     454  9.3300000E-04  1.1858000  1.9191000E+11    0.0588505
     455  9.3647984E-04  1.1787862  1.9007271E+11    0.0594970
     456  9.3989047E-04  1.1719275  1.8828839E+11    0.0601051
     457  9.4327021E-04  1.1651269  1.8653635E+11    0.0606593
     458  9.4660953E-04  1.1583860  1.8482112E+11    0.0611366
     459  9.4990168E-04  1.1517024  1.8314562E+11    0.0615172
     460  9.5314060E-04  1.1450744  1.8151230E+11    0.0617834
     461  9.5632110E-04  1.1385008  1.7992306E+11    0.0619206
     462  9.5800000E-04  1.1350000  1.7909000E+11    0.0619368
     463  9.6113827E-04  1.1284302  1.7754040E+11    0.0619150
     464  9.6416551E-04  1.1220757  1.7605446E+11    0.0618495
     465  9.6715383E-04  1.1157737  1.7459839E+11    0.0617140
     466  9.7026466E-04  1.1091698  1.7309631E+11    0.0614689
     467  9.7331384E-04  1.1026411  1.7163975E+11    0.0610965
     468  9.7630521E-04  1.0961709  1.7022800E+11    0.0605759
     469  9.7923575E-04  1.0897589  1.6886336E+11    0.0598903
     470  9.8210343E-04  1.0834044  1.6754729E+11    0.0590265
     471  9.8300000E-04  1.0814000  1.6714000E+11    0.0587134
     472  9.8479314E-04  1.0773820  1.6632357E+11    0.0580880
     473  9.8758093E-04  1.0711260  1.6504422E+11    0.0571648
     474  9.9028648E-04  1.0650287  1.6380082E+11    0.0562535
     475  9.9295120E-04  1.0589829  1.6258487E+11    0.0552630
     476  9.9556963E-04  1.0529884  1.6140799E+11    0.0541260
     477  9.9813887E-04  1.0470412  1.6027928E+11    0.0527826
     478  1.0006565E-03  1.0411385  1.5920634E+11    0.0511812
     479  1.0031207E-03  1.0352779  1.5819526E+11    0.0492787
     480  1.0055301E-03  1.0294577  1.5725075E+11    0.0470398
     481  1.0078839E-03  1.0236765  1.5637627E+11    0.0444367
     482  1.0090000E-03  1.0209000  1.5598000E+11    0.0430437
     483  1.0112321E-03  1.0153027  1.5523858E+11    0.0398877
     484  1.0134631E-03  1.0096642  1.5456464E+11    0.0362606
     485  1.0156608E-03  1.0040621  1.5395173E+11    0.0322991
     486  1.0178232E-03  0.9984999  1.5338432E+11    0.0280955
     487  1.0199416E-03  0.9929990  1.5284999E+11    0.0237500
     488  1.0220050E-03  0.9875885  1.5233837E+11    0.0193636
     489  1.0240280E-03  0.9822301  1.5183432E+11    0.0149735
     490  1.0266079E-03  0.9753155  1.5117163E+11    0.0093367
     491  1.0290989E-03  0.9685474  1.5049222E+11    0.0039550
     492  1.0315288E-03  0.9618541  1.4977407E+11    0.0029667
     493  1.0339005E-03  0.9552300  1.4900403E+11    0.0029513
     494  1.0340000E-03  0.9549500  1.4897000E+11    0.0029507
     495  1.0341990E-03  0.9543891  1.4890158E+11    0.0029494
     496  1.0345971E-03  0.9532625  1.4876356E+11    0.0029468
     497  1.0353932E-03  0.9509913  1.4848293E+11    0.0029416
     498  1.0369855E-03  0.9463830  1.4790459E+11    0.0029312
     499  1.0392174E-03  0.9397999  1.4706031E+11    0.0029163

#-- 1:it 2:time[s] 3:T9[GK] 4:rho[g/cm3] 5:entropy[kB/baryon]
     500  1.0413512E-03  0.9334045  1.4622301E+11    0.0029019
     501  1.0434271E-03  0.9271212  1.4538681E+11    0.0028879
     502  1.0454577E-03  0.9209458  1.4455408E+11    0.0028741
     503  1.0474541E-03  0.9148734  1.4372659E+11    0.0028605
     504  1.0494261E-03  0.9089003  1.4290586E+11    0.0028472
     505  1.0513823E-03  0.9030239  1.4209325E+11    0.0028342
     506  1.0533308E-03  0.8972420  1.4129005E+11    0.0028213
     507  1.0552793E-03  0.8915537  1.4049756E+11    0.0028086
     508  1.0572358E-03  0.8859581  1.3971706E+11    0.0027961
     509  1.0590000E-03  0.8810300  1.3903000E+11    0.0027851
     510  1.0610073E-03  0.8755167  1.3825111E+11    0.0027728
     511  1.0630156E-03  0.8700511  1.3746046E+11    0.0027607
     512  1.0650201E-03  0.8646482  1.3666506E+11    0.0027488
     513  1.0672572E-03  0.8586842  1.3577632E+11    0.0027357
     514  1.0694754E-03  0.8528415  1.3490038E+11    0.0027229
     515  1.0716897E-03  0.8470834  1.3403785E+11    0.0027103
     516  1.0739023E-03  0.8414066  1.3319406E+11    0.0026977
     517  1.0761162E-03  0.8358067  1.3237404E+11    0.0026853
     518  1.0783344E-03  0.8302794  1.3158279E+11    0.0026728
     519  1.0805599E-03  0.8248205  1.3082538E+11    0.0026602
     520  1.0827960E-03  0.8194261  1.3010704E+11    0.0026476
     521  1.0840000E-03  0.8165600  1.2974000E+11    0.0026408
     522  1.0863138E-03  0.8111001  1.2908512E+11    0.0026275
     523  1.0886668E-03  0.8056009  1.2848393E+11    0.0026136
     524  1.0910013E-03  0.8002097  1.2793753E+11    0.0025997
     525  1.0933297E-03  0.7949094  1.2742822E+11    0.0025858
     526  1.0956608E-03  0.7896909  1.2694021E+11    0.0025720
     527  1.0980036E-03  0.7845460  1.2645811E+11    0.0025584
     528  1.1003679E-03  0.7794669  1.2596636E+11    0.0025451
     529  1.1027641E-03  0.7744463  1.2544861E+11    0.0025320
     530  1.1052369E-03  0.7694111  1.2487906E+11    0.0025193
     531  1.1077288E-03  0.7644992  1.2425374E+11    0.0025073
     532  1.1090000E-03  0.7620600  1.2391000E+11    0.0025016
     533  1.1115424E-03  0.7574230  1.2316995E+11    0.0024913
     534  1.1143771E-03  0.7526389  1.2227830E+11    0.0024815
     535  1.1173539E-03  0.7479261  1.2128991E+11    0.0024726
     536  1.1204781E-03  0.7431762  1.2022199E+11    0.0024642
     537  1.1237309E-03  0.7382829  1.1910653E+11    0.0024556
     538  1.1270705E-03  0.7331397  1.1798896E+11    0.0024462
     539  1.1304390E-03  0.7276521  1.1692214E+11    0.0024352
     540  1.1337736E-03  0.7217506  1.1595654E+11    0.0024220
     541  1.1350000E-03  0.7194300  1.1563000E+11    0.0024165
     542  1.1374527E-03  0.7145379  1.1502848E+11    0.0024041
     543  1.1405410E-03  0.7079985  1.1435289E+11    0.0023866
     544  1.1435176E-03  0.7014158  1.1376257E+11    0.0023682
     545  1.1464118E-03  0.6948669  1.1322114E+11    0.0023496
     546  1.1492601E-03  0.6883841  1.1269706E+11    0.0023310
     547  1.1515337E-03  0.6832484  1.1227041E+11    0.0023163
     548  1.1537722E-03  0.6782771  1.1183178E+11    0.0023023
     549  1.1560117E-03  0.6734326  1.1136431E+11    0.0022888

#-- 1:it 2:time[s] 3:T9[GK] 4:rho[g/cm3] 5:entropy[kB/baryon]
     550  1.1582730E-03  0.6687164  1.1085312E+11    0.0022761
     551  1.1600000E-03  0.6652600  1.1043000E+11    0.0022671
     552  1.1623318E-03  0.6607364  1.0980792E+11    0.0022558
     553  1.1647237E-03  0.6561928  1.0911811E+11    0.0022448
     554  1.1671460E-03  0.6516854  1.0838050E+11    0.0022343
     555  1.1695915E-03  0.6472250  1.0761059E+11    0.0022242
     556  1.1720594E-03  0.6428098  1.0682249E+11    0.0022143
     557  1.1745513E-03  0.6384340  1.0603009E+11    0.0022046
     558  1.1770691E-03  0.6340907  1.0524745E+11    0.0021949
     559  1.1796153E-03  0.6297724  1.0448911E+11    0.0021851
     560  1.1821925E-03  0.6254716  1.0377024E+11    0.0021750
     561  1.1848035E-03  0.6211804  1.0310687E+11    0.0021645
     562  1.1850000E-03  0.6208600  1.0306000E+11    0.0021637
     563  1.1853930E-03  0.6202201  1.0296735E+11    0.0021621
     564  1.1861791E-03  0.6189445  1.0278569E+11    0.0021589
     565  1.1877512E-03  0.6164102  1.0243609E+11    0.0021524
     566  1.1904029E-03  0.6121888  1.0188322E+11    0.0021414
     567  1.1931135E-03  0.6079465  1.0135773E+11    0.0021300
     568  1.1958755E-03  0.6037039  1.0085378E+11    0.0021185
     569  1.1986875E-03  0.5994720  1.0036335E+11    0.0021068
 Evolution mode: switching on heating
     570  1.2008231E-03  0.5963199  9.9999998E+10    0.0020981
     571  1.2011848E-03  0.6133128  9.9938880E+10    0.0021601
     572  1.2013089E-03  0.6190973  9.9917923E+10    0.0021811
     573  1.2014360E-03  0.6249731  9.9896460E+10    0.0022025
     574  1.2015679E-03  0.6310136  9.9874213E+10    0.0022245
     575  1.2017034E-03  0.6371698  9.9851352E+10    0.0022469
     576  1.2018427E-03  0.6434453  9.9827856E+10    0.0022698
     577  1.2019859E-03  0.6498427  9.9803708E+10    0.0022931
     578  1.2021331E-03  0.6563659  9.9778887E+10    0.0023168
     579  1.2022844E-03  0.6630187  9.9753370E+10    0.0023410
     580  1.2024400E-03  0.6698055  9.9727136E+10    0.0023657
     581  1.2025952E-03  0.6765227  9.9700977E+10    0.0023902
     582  1.2027291E-03  0.6822879  9.9678390E+10    0.0024111
     583  1.2028484E-03  0.6873960  9.9658272E+10    0.0024297
     584  1.2029569E-03  0.6920195  9.9639981E+10    0.0024466
     585  1.2030570E-03  0.6962711  9.9623094E+10    0.0024620
     586  1.2031505E-03  0.7002299  9.9607312E+10    0.0024764
     587  1.2032388E-03  0.7039538  9.9592419E+10    0.0024900
     588  1.2033227E-03  0.7074874  9.9578243E+10    0.0025028
     589  1.2034032E-03  0.7108661  9.9564652E+10    0.0025151
     590  1.2034809E-03  0.7141189  9.9551533E+10    0.0025270
     591  1.2035564E-03  0.7172703  9.9538792E+10    0.0025384
     592  1.2036300E-03  0.7203417  9.9526345E+10    0.0025496
     593  1.2037024E-03  0.7233525  9.9514117E+10    0.0025606
     594  1.2037739E-03  0.7263202  9.9502038E+10    0.0025714
     595  1.2038448E-03  0.7292619  9.9490041E+10    0.0025821
     596  1.2039157E-03  0.7321941  9.9478058E+10    0.0025927
     597  1.2039868E-03  0.7342561  9.9466024E+10    0.0026034
     598  1.2040611E-03  0.7342002  9.9453458E+10    0.0026146
     599  1.2041466E-03  0.7341358  9.9438973E+10    0.0026274

#-- 1:it 2:time[s] 3:T9[GK] 4:rho[g/cm3] 5:entropy[kB/baryon]
     600  1.2042656E-03  0.7340461  9.9418819E+10    0.0026453
     601  1.2043889E-03  0.7339532  9.9397930E+10    0.0026638
     602  1.2045172E-03  0.7338564  9.9376178E+10    0.0026830
     603  1.2046514E-03  0.7337550  9.9353404E+10    0.0027030
     604  1.2048414E-03  0.7336113  9.9321127E+10    0.0027314
     605  1.2050369E-03  0.7334632  9.9287871E+10    0.0027606
     606  1.2052388E-03  0.7333100  9.9253487E+10    0.0027906
     607  1.2054480E-03  0.7331508  9.9217793E+10    0.0028218
     608  1.2056659E-03  0.7329848  9.9180562E+10    0.0028541
     609  1.2058940E-03  0.7328105  9.9141514E+10    0.0028880
     610  1.2061343E-03  0.7326265  9.9100291E+10    0.0029236
     611  1.2063894E-03  0.7324305  9.9056430E+10    0.0029614
     612  1.2066626E-03  0.7322200  9.9009318E+10    0.0030018
     613  1.2072091E-03  0.7317965  9.8914666E+10    0.0030824
     614  1.2079039E-03  0.7312532  9.8793418E+10    0.0031847
     615  1.2086372E-03  0.7306731  9.8664167E+10    0.0032924
     616  1.2094173E-03  0.7300477  9.8525084E+10    0.0034069
     617  1.2100000E-03  0.7295743  9.8420000E+10    0.0034923
     618  1.2108875E-03  0.7288553  9.8260446E+10    0.0036223
     619  1.2118614E-03  0.7280797  9.8088224E+10    0.0037648
     620  1.2129482E-03  0.7272286  9.7899100E+10    0.0039238
     621  1.2141889E-03  0.7262726  9.7686546E+10    0.0041053
     622  1.2156507E-03  0.7251629  9.7439732E+10    0.0043192
     623  1.2174556E-03  0.7238095  9.7138716E+10    0.0045835
     624  1.2195885E-03  0.7222198  9.6785419E+10    0.0048962
     625  1.2219866E-03  0.7204235  9.6387055E+10    0.0052485
     626  1.2248170E-03  0.7182583  9.5908643E+10    0.0056653
     627  1.2284115E-03  0.7153766  9.5276048E+10    0.0061966
     628  1.2336484E-03  0.7107544  9.4272785E+10    0.0069757
     629  1.2350000E-03  0.7094531  9.3993000E+10    0.0071772
     630  1.2377032E-03  0.7066511  9.3394770E+10    0.0075819
     631  1.2420258E-03  0.7016844  9.2344951E+10    0.0082339
     632  1.2460356E-03  0.6967625  9.1313109E+10    0.0088435
     633  1.2497903E-03  0.6920854  9.0337415E+10    0.0094187
     634  1.2534443E-03  0.6876463  8.9413588E+10    0.0099825
     635  1.2571244E-03  0.6834536  8.8540820E+10    0.0105541
     636  1.2609561E-03  0.6795583  8.7726636E+10    0.0111531
     637  1.2610000E-03  0.6795171  8.7718000E+10    0.0111599
     638  1.2610878E-03  0.6794350  8.7700767E+10    0.0111736
     639  1.2612633E-03  0.6792715  8.7666441E+10    0.0112011
     640  1.2616143E-03  0.6789472  8.7598338E+10    0.0112560
     641  1.2623164E-03  0.6783094  8.7464268E+10    0.0113660
     642  1.2637206E-03  0.6770745  8.7204232E+10    0.0115863
     643  1.2665290E-03  0.6747497  8.6713023E+10    0.0120286
     644  1.2713195E-03  0.6711319  8.5944395E+10    0.0127873
     645  1.2765660E-03  0.6674725  8.5163735E+10    0.0136229
     646  1.2821732E-03  0.6636362  8.4346810E+10    0.0145211
     647  1.2860000E-03  0.6609123  8.3771000E+10    0.0151366
     648  1.2915296E-03  0.6568725  8.2922001E+10    0.0160315
     649  1.2969659E-03  0.6529270  8.2095603E+10    0.0169168

#-- 1:it 2:time[s] 3:T9[GK] 4:rho[g/cm3] 5:entropy[kB/baryon]
     650  1.3023839E-03  0.6490206  8.1280130E+10    0.0178044
     651  1.3077991E-03  0.6451423  8.0473186E+10    0.0186969
     652  1.3110000E-03  0.6428617  8.0000000E+10    0.0192264
     653  1.3163516E-03  0.6390561  7.9212629E+10    0.0201169
     654  1.3217442E-03  0.6352346  7.8424822E+10    0.0210196
     655  1.3271452E-03  0.6314425  7.7645482E+10    0.0219291
     656  1.3325628E-03  0.6276962  7.6877441E+10    0.0228469
     657  1.3360000E-03  0.6253585  7.6399000E+10    0.0234313
     658  1.3414440E-03  0.6217407  7.5659069E+10    0.0243623
     659  1.3470008E-03  0.6181330  7.4922289E+10    0.0253181
     660  1.3526563E-03  0.6145018  7.4182791E+10    0.0262965
     661  1.3583728E-03  0.6108247  7.3437126E+10    0.0272912
     662  1.3620000E-03  0.6084658  7.2961000E+10    0.0279249
     663  1.3676628E-03  0.6047410  7.2212562E+10    0.0289201
     664  1.3733085E-03  0.6010061  7.1465671E+10    0.0299184
     665  1.3789353E-03  0.5972869  7.0724965E+10    0.0309196
     666  1.3845584E-03  0.5935967  6.9992564E+10    0.0319262
     667  1.3870000E-03  0.5920081  6.9678000E+10    0.0323645
     668  1.3918832E-03  0.5888514  6.9054115E+10    0.0332457
     669  1.3975409E-03  0.5852177  6.8338241E+10    0.0342729
     670  1.4032597E-03  0.5815699  6.7622116E+10    0.0353176
     671  1.4090357E-03  0.5779113  6.6906393E+10    0.0363794
     672  1.4120000E-03  0.5760431  6.6542000E+10    0.0369261
     673  1.4178336E-03  0.5723866  6.5830561E+10    0.0380088
     674  1.4237389E-03  0.5687111  6.5118020E+10    0.0391117
     675  1.4297173E-03  0.5650171  6.4404501E+10    0.0402355
     676  1.4357720E-03  0.5613040  6.3689942E+10    0.0413811
     677  1.4370000E-03  0.5605541  6.3546000E+10    0.0416137
     678  1.4394561E-03  0.5590551  6.3258631E+10    0.0420803
     679  1.4443682E-03  0.5560602  6.2685921E+10    0.0430184
     680  1.4505811E-03  0.5522965  6.1968662E+10    0.0442128
     681  1.4568971E-03  0.5485255  6.1252205E+10    0.0454354
     682  1.4620000E-03  0.5455392  6.0686000E+10    0.0464284
     683  1.4685341E-03  0.5418259  5.9982500E+10    0.0477085
     684  1.4752359E-03  0.5381124  5.9280241E+10    0.0490303
     685  1.4821099E-03  0.5343307  5.8567977E+10    0.0503953
     686  1.4880000E-03  0.5310563  5.7955000E+10    0.0515720
     687  1.4950664E-03  0.5270651  5.7212848E+10    0.0529942
     688  1.5020238E-03  0.5231143  5.6482584E+10    0.0544049
     689  1.5088435E-03  0.5192596  5.5773459E+10    0.0557979
     690  1.5130000E-03  0.5169341  5.5347000E+10    0.0566506
     691  1.5198769E-03  0.5129090  5.4615857E+10    0.0580725
     692  1.5262261E-03  0.5091214  5.3933039E+10    0.0593951
     693  1.5323859E-03  0.5057535  5.3322549E+10    0.0606867
     694  1.5380000E-03  0.5032371  5.2856000E+10    0.0618693
     695  1.5458180E-03  0.5011243  5.2427896E+10    0.0635213
     696  1.5543679E-03  0.4997370  5.2106452E+10    0.0653299
     697  1.5630000E-03  0.4974964  5.1652000E+10    0.0671617
     698  1.5731533E-03  0.4926344  5.0774494E+10    0.0693368
     699  1.5801612E-03  0.4886619  5.0077677E+10    0.0708503

#-- 1:it 2:time[s] 3:T9[GK] 4:rho[g/cm3] 5:entropy[kB/baryon]
     700  1.5860942E-03  0.4853692  4.9501703E+10    0.0721403
     701  1.5880000E-03  0.4843813  4.9328000E+10    0.0725555
     702  1.5918117E-03  0.4824760  4.8992074E+10    0.0733892
     703  1.5984963E-03  0.4792149  4.8417385E+10    0.0748608
     704  1.6051275E-03  0.4760274  4.7857333E+10    0.0763301
     705  1.6117733E-03  0.4728207  4.7297030E+10    0.0778124
     706  1.6140000E-03  0.4717331  4.7108000E+10    0.0783101
     707  1.6184534E-03  0.4694453  4.6714032E+10    0.0793104
     708  1.6245821E-03  0.4661316  4.6149478E+10    0.0806968
     709  1.6302529E-03  0.4631633  4.5644146E+10    0.0819878
     710  1.6360580E-03  0.4605046  4.5185297E+10    0.0833167
     711  1.6390000E-03  0.4593913  4.4988000E+10    0.0839916
     712  1.6448841E-03  0.4578542  4.4695626E+10    0.0853450
     713  1.6537714E-03  0.4565318  4.4401908E+10    0.0873916
     714  1.6632460E-03  0.4545544  4.4007471E+10    0.0895796
     715  1.6640000E-03  0.4543063  4.3963000E+10    0.0897538
     716  1.6655080E-03  0.4537555  4.3866179E+10    0.0901026
     717  1.6685241E-03  0.4524651  4.3645440E+10    0.0908021
     718  1.6745562E-03  0.4493934  4.3134521E+10    0.0922105
     719  1.6801438E-03  0.4463930  4.2641251E+10    0.0935240
     720  1.6853895E-03  0.4438637  4.2221436E+10    0.0947640
     721  1.6890000E-03  0.4424839  4.1985000E+10    0.0956199
     722  1.6962210E-03  0.4408251  4.1670188E+10    0.0973364
     723  1.7058795E-03  0.4396408  4.1397468E+10    0.0996340
     724  1.7150000E-03  0.4377277  4.1029000E+10    0.1018101
     725  1.7257008E-03  0.4333100  4.0294522E+10    0.1043879
     726  1.7348355E-03  0.4288253  3.9573172E+10    0.1066112
     727  1.7400000E-03  0.4263990  3.9183000E+10    0.1078752
     728  1.7474741E-03  0.4228740  3.8619286E+10    0.1097195
     729  1.7549460E-03  0.4193238  3.8055663E+10    0.1115787
     730  1.7623045E-03  0.4163001  3.7568167E+10    0.1134223
     731  1.7650000E-03  0.4154043  3.7419000E+10    0.1140990
     732  1.7703910E-03  0.4141383  3.7192384E+10    0.1154554
     733  1.7798874E-03  0.4129045  3.6928819E+10    0.1178478
     734  1.7899577E-03  0.4109871  3.6569132E+10    0.1203925
     735  1.7900000E-03  0.4109743  3.6567000E+10    0.1204032
     736  1.7900845E-03  0.4109487  3.6562714E+10    0.1204246
     737  1.7902536E-03  0.4108968  3.6554058E+10    0.1204673
     738  1.7905917E-03  0.4107903  3.6536413E+10    0.1205528
     739  1.7912680E-03  0.4105678  3.6499833E+10    0.1207238
     740  1.7926205E-03  0.4100865  3.6421890E+10    0.1210663
     741  1.7953256E-03  0.4090008  3.6249825E+10    0.1217529
     742  1.8007357E-03  0.4065095  3.5864295E+10    0.1231345
     743  1.8081643E-03  0.4029981  3.5325786E+10    0.1250479
     744  1.8150000E-03  0.4004357  3.4921000E+10    0.1268192
     745  1.8233150E-03  0.3988459  3.4630636E+10    0.1289797
     746  1.8333646E-03  0.3978029  3.4395705E+10    0.1315927
     747  1.8410000E-03  0.3963080  3.4127000E+10    0.1335832
     748  1.8519815E-03  0.3919279  3.3455638E+10    0.1364767
     749  1.8608537E-03  0.3879710  3.2864359E+10    0.1388378

#-- 1:it 2:time[s] 3:T9[GK] 4:rho[g/cm3] 5:entropy[kB/baryon]
     750  1.8660000E-03  0.3861997  3.2590000E+10    0.1402132
     751  1.8744046E-03  0.3844138  3.2283808E+10    0.1424674
     752  1.8847452E-03  0.3830629  3.2015582E+10    0.1452456
     753  1.8910000E-03  0.3822053  3.1849000E+10    0.1469280
     754  1.9021350E-03  0.3807569  3.1563554E+10    0.1499287
     755  1.9138473E-03  0.3787943  3.1210628E+10    0.1530956
