# 1:A 2:Z 3:N 4:Yi 5:Xi
    1      0      1     1.33364052040634E-13   1.33364052040634E-13
    1      1      0     5.36036705642685E-07   5.36036705642685E-07
    2      1      1     6.21801404611295E-16   1.24360280922259E-15
    3      1      2     1.76353315749181E-08   5.29059947247544E-08
    3      2      1     1.41088562429543E-09   4.23265687288629E-09
    4      2      2     3.43776728703600E-04   1.37510691481440E-03
    6      3      3     1.92183071919152E-08   1.15309843151491E-07
    7      3      4     1.67447769920411E-09   1.17213438944288E-08
    7      4      3     6.66953648911425E-20   4.66867554237997E-19
    9      4      5     8.75568978033532E-07   7.88012080230179E-06
   10      4      6     3.64223635253570E-07   3.64223635253570E-06
   10      5      5     3.11528471096251E-13   3.11528471096251E-12
   11      5      6     2.20430828174051E-08   2.42473910991456E-07
   12      6      6     6.55595918644344E-07   7.86715102373212E-06
   13      6      7     6.78413331514611E-08   8.81937330968995E-07
   14      6      8     4.96025270737828E-08   6.94435379032960E-07
   14      7      7     4.75787630489754E-10   6.66102682685656E-09
   15      7      8     1.00295105897825E-05   1.50442658846738E-04
   16      8      8     1.84178205927517E-07   2.94685129484027E-06
   17      8      9     2.29972369034619E-09   3.90953027358852E-08
   18      8     10     1.99007939610140E-07   3.58214291298253E-06
   19      9     10     8.16238764080627E-07   1.55085365175319E-05
   20     10     10     9.04399065036551E-07   1.80879813007310E-05
   21     10     11     1.42370295712177E-07   2.98977620995571E-06
   22     10     12     4.16538439982897E-06   9.16384567962373E-05
   23     11     12     1.08006887713330E-09   2.48415841740659E-08
   24     12     12     2.38511005917486E-08   5.72426414201966E-07
   25     12     13     8.39085130221527E-08   2.09771282555382E-06
   26     12     14     3.80685203784696E-09   9.89781529840209E-08
   27     13     14     9.90214696823383E-10   2.67357968142313E-08
   28     14     14     1.14455082632009E-09   3.20474231369626E-08
   29     14     15     6.64044000864188E-10   1.92572760250614E-08
   30     14     16     1.63138389246824E-09   4.89415167740473E-08
   31     15     16     2.78873133709845E-09   8.64506714500519E-08
   32     14     18     9.80958091086913E-09   3.13906589147812E-07
   32     15     17     2.49869730635020E-12   7.99583138032064E-11
   32     16     16     5.85070244766796E-11   1.87222478325375E-09
   33     15     18     1.49464965629053E-14   4.93234386575875E-13
   33     16     17     8.80286462481691E-09   2.90494532618958E-07
   34     16     18     1.10270798986880E-08   3.74920716555393E-07
   35     16     19     1.30595703442878E-10   4.57084962050073E-09
   35     17     18     6.53244305593679E-09   2.28635506957788E-07
   36     16     20     1.81910118783995E-09   6.54876427622384E-08
   36     17     19     3.83069360688416E-18   1.37904969847830E-16
   37     17     20     6.91877817205083E-09   2.55994792365881E-07
   38     18     20     3.61918026925792E-09   1.37528850231801E-07
   39     18     21     5.78302499616981E-10   2.25537974850623E-08
   39     19     20     2.04294260494104E-12   7.96747615927004E-11
   40     18     22     1.73887101408184E-09   6.95548405632734E-08
   41     19     22     4.61814483241786E-09   1.89343938129132E-07
   42     18     24     4.16861123694257E-08   1.75081671951588E-06
   42     19     23     1.77973772596193E-12   7.47489844904010E-11
   42     20     22     1.21583641572998E-09   5.10651294606590E-08
   43     20     23     6.46352591068912E-09   2.77931614159632E-07
   44     20     24     1.02833133922428E-08   4.52465789258685E-07
   45     20     25     2.75075156673254E-09   1.23783820502964E-07
   45     21     24     2.03699683006390E-08   9.16648573528753E-07
   46     20     26     1.05459370580410E-08   4.85113104669886E-07
   46     21     25     2.52704530373576E-19   1.16244083971845E-17
   46     22     24     1.49818689186691E-17   6.89165970258780E-16
   47     22     25     1.48623686354510E-09   6.98531325866199E-08
   48     22     26     2.56539448629915E-09   1.23138935342359E-07
   49     22     27     9.02893725760801E-10   4.42417925622792E-08
   50     22     28     3.05918276585914E-09   1.52959138292957E-07
   51     23     28     2.96696145913512E-09   1.51315034415891E-07
   52     24     28     4.45508288075246E-09   2.31664309799128E-07
   53     24     29     1.13665045454145E-09   6.02424740906967E-08
   54     24     30     5.21861125937097E-10   2.81805008006032E-08
   55     25     30     2.54697428573440E-10   1.40083585715392E-08
   56     26     30     1.13530345582126E-09   6.35769935259907E-08
   57     26     31     1.78633402815770E-09   1.01821039604989E-07
   58     26     32     1.07227692476071E-09   6.21920616361211E-08
   59     26     33     4.88319156298647E-13   2.88108302216202E-11
   59     27     32     1.04523136644501E-09   6.16686506202555E-08
   60     26     34     7.39855451808517E-10   4.43913271085110E-08
   60     27     33     2.47108936640488E-16   1.48265361984293E-14
   60     28     32     2.32724953507368E-17   1.39634972104421E-15
   61     28     33     1.71733411310890E-09   1.04757380899643E-07
   62     28     34     4.74306377149568E-09   2.94069953832732E-07
   63     28     35     6.26344238862557E-09   3.94596870483411E-07
   63     29     34     5.90693097344400E-11   3.72136651326972E-09
   64     28     36     3.61823913244165E-09   2.31567304476266E-07
   64     30     34     2.55429803947666E-20   1.63475074526506E-18
   65     29     36     6.11654456608564E-09   3.97575396795567E-07
   66     30     36     5.85651216834931E-09   3.86529803111054E-07
   67     30     37     8.27435248242243E-09   5.54381616322302E-07
   68     30     38     1.17441941216256E-08   7.98605200270542E-07
   69     31     38     1.84809817272751E-08   1.27518773918198E-06
   70     30     40     2.39834285355338E-08   1.67883999748737E-06
   70     32     38     1.62593414589626E-13   1.13815390212739E-11
   71     31     40     2.97786987118074E-08   2.11428760853832E-06
   72     32     40     4.23137642673711E-08   3.04659102725072E-06
   73     32     41     6.52079554968760E-08   4.76018075127195E-06
   74     32     42     7.45576939893481E-08   5.51726935521176E-06
   75     33     42     1.36405513061503E-07   1.02304134796127E-05
   76     32     44     2.47671613613311E-07   1.88230426346116E-05
   76     34     42     2.82988619897243E-12   2.15071351121904E-10
   77     34     43     4.44482457432755E-07   3.42251492223221E-05
   78     34     44     3.26120172931604E-07   2.54373734886651E-05
   79     34     45     4.11563416994885E-07   3.25135099425959E-05
   79     35     44     1.32372812122801E-12   1.04574521577012E-10
   80     34     46     6.30796940311104E-07   5.04637552248883E-05
   81     32     49     1.43101978330693E-20   1.15912602447861E-18
   81     33     48     6.27060230559713E-20   5.07918786753368E-18
   81     34     47     2.09020518901495E-18   1.69306620310211E-16
   81     35     46     1.03595413314345E-06   8.39122847846195E-05
   82     32     50     6.85373248456362E-20   5.62006063734217E-18
   82     33     49     3.18691448314270E-19   2.61326987617702E-17
   82     34     48     1.67285358401986E-06   1.37173993889629E-04
   82     36     46     7.59777481456949E-11   6.23017534794698E-09
   83     32     51     5.81404794610582E-20   4.82565979526783E-18
   83     33     50     7.64678422076173E-19   6.34683090323224E-17
   83     34     49     7.67521419871592E-17   6.37042778493422E-15
   83     35     48     4.94916300413123E-16   4.10780529342892E-14
   83     36     47     2.17302157050767E-06   1.80360790352136E-04
   84     32     52     3.54503781739704E-20   2.97783176661351E-18
   84     33     51     4.46160964946401E-19   3.74775210554976E-17
   84     34     50     4.17565673990781E-17   3.50755166152256E-15
   84     35     49     4.06919539301777E-16   3.41812413013493E-14
   84     36     48     2.24942704236989E-06   1.88951871559071E-04
   85     32     53     1.75703081146570E-20   1.49347618974585E-18
   85     33     52     3.21871170527981E-19   2.73590494948783E-17
   85     34     51     5.66206547098051E-18   4.81275565033343E-16
   85     35     50     2.99509859250433E-17   2.54583380362868E-15
   85     36     49     1.44212204310012E-06   1.22580373663510E-04
   85     37     48     1.33153148811168E-07   1.13180176489493E-05
   86     33     53     1.83210278995019E-19   1.57560839935716E-17
   86     34     52     5.32724909631121E-18   4.58143422282764E-16
   86     35     51     2.18167862609463E-17   1.87624361844138E-15
   86     36     50     3.05001642074909E-06   2.62301412184422E-04
   86     38     48     4.01012341743095E-16   3.44870613899062E-14
   87     33     54     9.80100541753693E-20   8.52687471325713E-18
   87     34     53     3.36263317540026E-18   2.92549086259823E-16
   87     35     52     4.15222549860057E-17   3.61243618378250E-15
   87     36     51     3.74445924241259E-15   3.25767954089895E-13
   87     37     50     4.21684819413915E-06   3.66865792890106E-04
   87     38     49     8.30544247203030E-17   7.22573495066636E-15
   88     33     55     1.72988932001364E-20   1.52230260161200E-18
   88     34     54     1.27183480991097E-18   1.11921463272165E-16
   88     35     53     2.23404844935840E-17   1.96596263543539E-15
   88     36     52     1.62076189908259E-14   1.42627047119268E-12
   88     37     51     1.70022804393699E-15   1.49620067866455E-13
   88     38     50     6.48712149827191E-06   5.70866691847928E-04
   89     34     55     3.40391434273699E-19   3.02948376503592E-17
   89     35     54     8.82257703389559E-18   7.85209356016707E-16
   89     36     53     5.06169690942884E-16   4.50491024939167E-14
   89     37     52     2.43562739145581E-15   2.16770837839567E-13
   89     38     51     7.54218022574819E-09   6.71254040091589E-07
   89     39     50     6.43596708192128E-06   5.72801070290994E-04
   90     34     56     4.01786902468832E-19   3.61608212221949E-17
   90     35     55     5.58314931047986E-18   5.02483437943187E-16
   90     36     54     1.20401922948724E-16   1.08361730653852E-14
   90     37     53     5.94678595819476E-16   5.35210736237529E-14
   90     38     52     5.72779453833702E-06   5.15501508450332E-04
   90     39     51     1.45112483214189E-09   1.30601234892770E-07
   90     40     50     1.89703754652663E-07   1.70733379187396E-05
   91     34     57     9.38514738226295E-20   8.54048411785929E-18
   91     35     56     1.68855243007689E-18   1.53658271136997E-16
   91     36     55     5.25282275009850E-17   4.78006870258963E-15
   91     37     54     3.74503903178512E-16   3.40798551892445E-14
   91     38     53     2.22638721422593E-13   2.02601236494560E-11
   91     39     52     1.93049555797762E-08   1.75675095775964E-06
   91     40     51     6.57799027503575E-06   5.98597115028253E-04
   92     34     58     2.10227209861836E-20   1.93409033072889E-18
   92     35     57     9.36403111003603E-19   8.61490862123315E-17
   92     36     56     1.59240944256207E-17   1.46501668715710E-15
   92     37     55     4.59844445076695E-17   4.23056889470559E-15
   92     38     54     1.00315331339458E-13   9.22901048323014E-12
   92     39     53     1.33003263224253E-13   1.22363002166313E-11
   92     40     52     1.12328114638182E-05   1.03341865467127E-03
   93     35     58     1.71664896482348E-19   1.59648353728584E-17
   93     36     57     1.20998708198885E-17   1.12528798624963E-15
   93     37     56     8.26553504223603E-17   7.68694758927951E-15
   93     38     55     7.33059721031650E-15   6.81745540559434E-13
   93     39     54     6.01796125272792E-13   5.59670396503697E-11
   93     40     53     7.95806951087976E-06   7.40100464511818E-04
   93     41     52     4.68465782121288E-12   4.35673177372798E-10
   94     35     59     5.24755345236917E-20   4.93270024522702E-18
   94     36     58     1.91526065929192E-18   1.80034501973440E-16
   94     37     57     5.61328831193813E-17   5.27649101322184E-15
   94     38     56     1.70339383618679E-15   1.60119020601558E-13
   94     39     55     2.53634901867906E-14   2.38416807755832E-12
   94     40     54     6.26566060207091E-06   5.88972096594665E-04
   95     36     59     7.50466739753821E-19   7.12943402766130E-17
   95     37     58     9.91307091371936E-18   9.41741736803339E-16
   95     38     57     8.23979987658159E-16   7.82780988275251E-14
   95     39     56     2.14617362736120E-14   2.03886494599314E-12
   95     40     55     6.82546108058364E-08   6.48418802655446E-06
   95     41     54     8.09434948023568E-08   7.68963200622390E-06
   95     42     53     1.41998750975365E-05   1.34898813426597E-03
   96     36     60     2.71619455105332E-19   2.60754676901119E-17
   96     37     59     5.46775558664079E-18   5.24904536317516E-16
   96     38     58     5.14616233514632E-17   4.94031584174046E-15
   96     39     57     2.66122674842631E-16   2.55477767848926E-14
   96     40     56     5.08821835800629E-12   4.88468962368604E-10
   96     41     55     4.20431550371667E-12   4.03614288356800E-10
   96     42     54     1.13836692269532E-05   1.09283224578751E-03
   97     36     61     7.81415300417765E-20   7.57972841405232E-18
   97     37     60     3.58929153272947E-18   3.48161278674759E-16
   97     38     59     2.36515309945337E-17   2.29419850646977E-15
   97     39     58     2.37212424862968E-16   2.30096052117079E-14
   97     40     57     3.84229509734624E-12   3.72702624442586E-10
   97     41     56     2.75920523900217E-13   2.67642908183210E-11
   97     42     55     1.23972454161628E-05   1.20253280536779E-03
   98     36     62     1.46379421127184E-20   1.43451832704640E-18
   98     37     61     1.26529785060500E-18   1.23999189359290E-16
   98     38     60     4.12817619183855E-17   4.04561266800178E-15
   98     39     59     4.87019930501475E-17   4.77279531891446E-15
   98     40     58     2.82009731010894E-15   2.76369536390676E-13
   98     41     57     2.62726898670800E-16   2.57472360697384E-14
   98     42     56     1.16329452919904E-05   1.14002863861506E-03
   99     37     62     2.80051511668793E-19   2.77250996552105E-17
   99     38     61     1.47856244118487E-17   1.46377681677302E-15
   99     39     60     1.67323735797848E-16   1.65650498439870E-14
   99     40     59     2.51368031200069E-16   2.48854350888069E-14
   99     41     58     1.79683890595535E-15   1.77887051689579E-13
   99     42     57     2.85861458375414E-11   2.83002843791660E-09
   99     43     56     1.52225069215595E-05   1.50702818523439E-03
   99     44     55     6.78569935028397E-11   6.71784235678113E-09
  100     37     63     7.78695071604288E-20   7.78695071604288E-18
  100     38     62     7.38339649504063E-18   7.38339649504063E-16
  100     39     61     9.42267599224862E-17   9.42267599224862E-15
  100     40     60     1.11448643404616E-15   1.11448643404616E-13
  100     41     59     2.36750138476250E-16   2.36750138476250E-14
  100     42     58     1.72011606718334E-05   1.72011606718334E-03
  100     44     56     2.67937708804764E-11   2.67937708804764E-09
  101     37     64     1.00786090537201E-20   1.01793951442573E-18
  101     38     63     2.05268995312175E-18   2.07321685265297E-16
  101     39     62     5.39841731611436E-17   5.45240148927550E-15
  101     40     61     4.43394700742221E-16   4.47828647749643E-14
  101     41     60     1.40763000036848E-15   1.42170630037216E-13
  101     42     59     1.73907765622164E-13   1.75646843278386E-11
  101     43     58     1.66771520062351E-13   1.68439235262975E-11
  101     44     57     1.75062958754298E-05   1.76813588341841E-03
  102     38     64     4.09057723471852E-19   4.17238877941289E-17
  102     39     63     3.03094459743882E-17   3.09156348938759E-15
  102     40     62     6.33834010319587E-16   6.46510690525979E-14
  102     41     61     1.05136634534095E-15   1.07239367224777E-13
  102     42     60     1.66073233252818E-13   1.69394697917875E-11
  102     43     59     1.29331540563947E-15   1.31918171375226E-13
  102     44     58     2.06015999822410E-05   2.10136319818858E-03
  103     38     65     9.58103433847980E-20   9.86846536863420E-18
  103     39     64     1.09411592496359E-17   1.12693940271250E-15
  103     40     63     2.80572028714845E-16   2.88989189576291E-14
  103     41     62     4.25690128514513E-16   4.38460832369948E-14
  103     42     61     1.93892078424255E-14   1.99708840776982E-12
  103     43     60     1.55695211213113E-14   1.60366067549506E-12
  103     44     59     5.65274161246101E-09   5.82232386083484E-07
  103     45     58     2.63862558424925E-05   2.71778435177673E-03
  104     38     66     1.00049437538955E-20   1.04051415040514E-18
  104     39     65     3.65255744612300E-18   3.79865974396792E-16
  104     40     64     1.51111341379718E-16   1.57155795034907E-14
  104     41     63     1.59025692116793E-15   1.65386719801465E-13
  104     42     62     2.07855014950737E-14   2.16169215548766E-12
  104     43     61     3.81265087741705E-13   3.96515691251373E-11
  104     44     60     2.35679168351650E-05   2.45106335085716E-03
  104     46     58     2.43591005619624E-12   2.53334645844409E-10
  105     39     66     4.33201839258947E-19   4.54861931221894E-17
  105     40     65     6.87407297506097E-17   7.21777662381402E-15
  105     41     64     9.68607987598439E-16   1.01703838697836E-13
  105     42     63     1.39896518925865E-14   1.46891344872158E-12
  105     43     62     1.79904553274682E-13   1.88899780938416E-11
  105     44     61     6.31392114738331E-12   6.62961720475247E-10
  105     45     60     5.01937419036001E-11   5.27034289987801E-09
  105     46     59     3.08828055507129E-05   3.24269458282486E-03
  106     39     67     6.04329328200015E-20   6.40589087892016E-18
  106     40     66     8.91775142417230E-18   9.45281650962263E-16
  106     41     65     2.61620681526942E-16   2.77317922418559E-14
  106     42     64     3.69513878253204E-15   3.91684710948396E-13
  106     43     63     1.53950718918990E-14   1.63187762054129E-12
  106     44     62     1.01703260636105E-05   1.07805456274271E-03
  106     45     61     9.53649259388793E-12   1.01086821495212E-09
  106     46     60     1.55875974389591E-05   1.65228532852967E-03
  107     40     67     2.04140713929211E-18   2.18430563904256E-16
  107     41     66     5.59726377848872E-17   5.98907224298294E-15
  107     42     65     1.46147632532939E-15   1.56377966810245E-13
  107     43     64     9.64057145167350E-15   1.03154114532906E-12
  107     44     63     1.02451980275621E-13   1.09623618894914E-11
  107     45     62     5.91954699566678E-13   6.33391528536346E-11
  107     46     61     2.53075815340710E-05   2.70791122414560E-03
  107     47     60     3.69031876952288E-12   3.94864108338948E-10
  108     40     68     2.37287774013463E-19   2.56270795934540E-17
  108     41     67     2.10749505085978E-17   2.27609465492856E-15
  108     42     66     4.17518817857037E-16   4.50920323285599E-14
  108     43     65     2.52918737258358E-15   2.73152236239027E-13
  108     44     64     1.34778512165068E-13   1.45560793138274E-11
  108     45     63     8.29425984886910E-15   8.95780063677863E-13
  108     46     62     2.23387135165522E-05   2.41258105978763E-03
  109     40     69     3.18016507165581E-20   3.46637992810483E-18
  109     41     68     3.68863524594436E-18   4.02061241807936E-16
  109     42     67     1.84891852672473E-16   2.01532119412995E-14
  109     43     66     4.17042643300270E-16   4.54576481197294E-14
  109     44     65     1.73892457120193E-14   1.89542778261010E-12
  109     45     64     4.03372995466030E-14   4.39676565057972E-12
  109     46     63     2.48733897206990E-11   2.71119947955619E-09
  109     47     62     3.66422989905069E-05   3.99401058996525E-03
  110     41     69     7.65780856601795E-19   8.42358942261974E-17
  110     42     68     4.24101551400640E-17   4.66511706540704E-15
  110     43     67     4.10976216809778E-16   4.52073838490756E-14
  110     44     66     5.94219165807549E-15   6.53641082388304E-13
  110     45     65     7.85773503272350E-15   8.64350853599585E-13
  110     46     64     3.46818574996740E-05   3.81500432496414E-03
  110     48     62     3.73661127075866E-10   4.11027239783453E-08
  111     41     70     8.07881364371647E-20   8.96748314452528E-18
  111     42     69     1.42294501933622E-17   1.57946897146320E-15
  111     43     68     1.18266607677797E-16   1.31275934522355E-14
  111     44     67     1.03093143298898E-15   1.14433389061776E-13
  111     45     66     5.43785630653741E-15   6.03602050025652E-13
  111     46     65     6.92162766555692E-13   7.68300670876818E-11
  111     47     64     3.21180849704229E-10   3.56510743171695E-08
  111     48     63     4.05456968204730E-05   4.50057234707250E-03
  112     42     70     2.31779629006833E-18   2.59593184487653E-16
  112     43     69     6.26796758800628E-17   7.02012369856703E-15
  112     44     68     7.65434024881700E-16   8.57286107867504E-14
  112     45     67     2.02746281867311E-15   2.27075835691388E-13
  112     46     66     3.54832706424400E-11   3.97412631195328E-09
  112     47     65     5.29719787030356E-12   5.93286161473999E-10
  112     48     64     2.59604945810162E-05   2.90757539307381E-03
  113     42     71     3.12440243150326E-19   3.53057474759868E-17
  113     43     70     1.61883853494578E-17   1.82928754448874E-15
  113     44     69     2.90449230028576E-16   3.28207629932291E-14
  113     45     68     1.24008276601333E-15   1.40129352559507E-13
  113     46     67     4.14400355625391E-14   4.68272401856692E-12
  113     47     66     8.60241678354028E-12   9.72073096540052E-10
  113     48     65     3.53861888679285E-05   3.99863934207592E-03
  114     42     72     3.44057821451637E-20   3.92225916454867E-18
  114     43     71     5.25737318178916E-18   5.99340542723964E-16
  114     44     70     1.23456109428635E-16   1.40739964748644E-14
  114     45     69     7.10881687339598E-16   8.10405123567142E-14
  114     46     68     5.74371891943365E-14   6.54783956815436E-12
  114     47     67     1.82257885146789E-15   2.07773989067340E-13
  114     48     66     3.35800386288353E-05   3.82812440368722E-03
  115     43     72     6.77827913690931E-19   7.79502100744570E-17
  115     44     71     3.97457066073145E-17   4.57075625984117E-15
  115     45     70     3.12888542617968E-16   3.59821824010664E-14
  115     46     69     8.80103332042769E-15   1.01211883184918E-12
  115     47     68     4.23331488097201E-13   4.86831211311781E-11
  115     48     67     6.79123774310901E-11   7.80992340457537E-09
  115     49     66     2.63163076413342E-05   3.02637537875344E-03
  115     50     65     5.62204961485295E-20   6.46535705708089E-18
  116     43     73     7.57166961862154E-20   8.78313675760099E-18
  116     44     72     9.90434776569666E-18   1.14890434082081E-15
  116     45     71     1.53217252419882E-16   1.77732012807063E-14
  116     46     70     3.57489836695333E-15   4.14688210566586E-13
  116     47     69     7.26817951652042E-14   8.43108823916369E-12
  116     48     68     3.10751654630661E-05   3.60471919371567E-03
  116     50     66     1.42756634498890E-11   1.65597696018712E-09
  117     43     74     1.27338967117159E-20   1.48986591527076E-18
  117     44     73     1.87807190762737E-18   2.19734413192403E-16
  117     45     72     5.62714030262335E-17   6.58375415406932E-15
  117     46     71     1.04876090402205E-15   1.22705025770580E-13
  117     47     70     1.87075106188209E-14   2.18877874240205E-12
  117     48     69     2.30416780586157E-12   2.69587633285803E-10
  117     49     68     6.66073834471008E-13   7.79306386331080E-11
  117     50     67     4.38267478409808E-05   5.12772949739475E-03
  118     44     74     3.13218835636782E-19   3.69598226051403E-17
  118     45     73     1.49583210376185E-17   1.76508188243898E-15
  118     46     72     3.36338195831008E-16   3.96879071080589E-14
  118     47     71     7.86094136066761E-16   9.27591080558778E-14
  118     48     70     6.34249062821652E-13   7.48413894129549E-11
  118     49     69     1.05007632366399E-15   1.23909006192350E-13
  118     50     68     3.14571697071808E-05   3.71194602544734E-03
  119     44     75     4.24807538417707E-20   5.05520970717072E-18
  119     45     74     3.03289617139886E-18   3.60914644396464E-16
  119     46     73     9.97624654744808E-17   1.18717333914632E-14
  119     47     72     8.20278670154679E-16   9.76131617484067E-14
  119     48     71     2.69758909026103E-14   3.21013101741063E-12
  119     49     70     2.41313810025151E-14   2.87163433929930E-12
  119     50     69     3.40992928689604E-05   4.05781585140629E-03
  120     45     75     5.37047802553281E-19   6.44457363063938E-17
  120     46     74     2.65034951460542E-17   3.18041941752651E-15
  120     47     73     1.48638376946899E-16   1.78366052336278E-14
  120     48     72     6.69621076728789E-15   8.03545292074547E-13
  120     49     71     4.06581523684397E-16   4.87897828421276E-14
  120     50     70     2.72476885040515E-05   3.26972262048618E-03
  121     45     76     9.25118490150716E-20   1.11939337308237E-17
  121     46     75     5.44088942829523E-18   6.58347620823723E-16
  121     47     74     6.10087167609646E-17   7.38205472807672E-15
  121     48     73     1.35155810838691E-15   1.63538531114816E-13
  121     49     72     2.33394796116918E-15   2.82407703301471E-13
  121     50     71     9.84514279078275E-12   1.19126227768471E-09
  121     51     70     5.32830568174229E-05   6.44724987490817E-03
  122     46     76     8.67730841095892E-19   1.05863162613699E-16
  122     47     75     2.21713125891901E-17   2.70490013588120E-15
  122     48     74     3.83499991231574E-16   4.67869989302520E-14
  122     49     73     1.14430967713962E-16   1.39605780611033E-14
  122     50     72     2.64485637044392E-05   3.22672477194159E-03
  122     52     70     1.73278917639484E-10   2.11400279520171E-08
  123     46     77     1.58978519589614E-19   1.95543579095225E-17
  123     47     76     5.25191393309897E-18   6.45985413771173E-16
  123     48     75     1.05192820902398E-16   1.29387169709949E-14
  123     49     74     3.55380771617417E-16   4.37118349089423E-14
  123     50     73     3.14916120901365E-06   3.87346828708679E-04
  123     51     72     4.17544402901053E-05   5.13579615568295E-03
  124     47     77     9.46999526043089E-19   1.17427941229343E-16
  124     48     76     3.82187231655203E-17   4.73912167252451E-15
  124     49     75     1.37484141253819E-16   1.70480335154736E-14
  124     50     74     2.55439883380351E-05   3.16745455391635E-03
  124     51     73     1.29531701800258E-13   1.60619310232320E-11
  124     52     72     3.44189865694919E-11   4.26795433461700E-09
  125     47     78     2.17866375990258E-19   2.72332969987823E-17
  125     48     77     1.08437159000080E-17   1.35546448750099E-15
  125     49     76     8.17162517562502E-17   1.02145314695313E-14
  125     50     75     3.15852000446509E-11   3.94815000558136E-09
  125     51     74     5.40411378784051E-05   6.75514223480063E-03
  125     52     73     2.14210165491012E-05   2.67762706863765E-03
  126     47     79     2.60303123747939E-20   3.27981935922403E-18
  126     48     78     3.58220545371339E-18   4.51357887167887E-16
  126     49     77     4.21198194091962E-17   5.30709724555872E-15
  126     50     76     9.98669967825323E-05   1.25832415945991E-02
  126     51     75     1.50407741612738E-11   1.89513754432050E-09
  126     52     74     1.43253556908201E-09   1.80499481704334E-07
  127     48     79     9.27861214143707E-19   1.17838374196251E-16
  127     49     78     2.26278194712297E-17   2.87373307284617E-15
  127     50     77     2.76729432947380E-13   3.51446379843173E-11
  127     51     76     1.27671504447265E-11   1.62142810648027E-09
  127     52     75     1.29321544278992E-12   1.64238361234320E-10
  127     53     74     1.07003889539268E-04   1.35894939714871E-02
  128     48     80     2.02861561321078E-19   2.59662798490979E-17
  128     49     79     1.14011965010239E-17   1.45935315213106E-15
  128     50     78     1.41310234317587E-13   1.80877099926512E-11
  128     51     77     1.49752156422864E-12   1.91682760221266E-10
  128     52     76     8.94812926970929E-05   1.14536054652279E-02
  128     53     75     4.06177319953450E-20   5.19906969540416E-18
  128     54     74     7.72398649278171E-13   9.88670271076059E-11
  129     48     81     4.34083046498010E-20   5.59967129982433E-18
  129     49     80     4.34061683743797E-18   5.59939572029498E-16
  129     50     79     5.38723400797220E-15   6.94953187028414E-13
  129     51     78     9.30030129432770E-13   1.19973886696827E-10
  129     52     77     2.50844274216763E-13   3.23589113739625E-11
  129     53     76     1.08134459343615E-04   1.39493452553263E-02
  129     54     75     6.53651461893809E-12   8.43210385843014E-10
  130     49     81     8.16879722766795E-19   1.06194363959683E-16
  130     50     80     7.46860116520375E-15   9.70918151476488E-13
  130     51     79     1.74049929507078E-13   2.26264908359201E-11
  130     52     78     6.83377121832337E-05   8.88390258382038E-03
  130     53     77     3.87673053898047E-15   5.03974970067462E-13
  130     54     76     2.88255359919249E-10   3.74731967895024E-08
  131     49     82     2.27658716704432E-19   2.98232918882805E-17
  131     50     81     1.20219246557162E-15   1.57487212989882E-13
  131     51     80     1.14271643890298E-13   1.49695853496290E-11
  131     52     79     1.56284590645790E-13   2.04732813745985E-11
  131     53     78     7.34229239541762E-11   9.61840303799708E-09
  131     54     77     1.04810689905491E-04   1.37302003776194E-02
  132     49     83     3.48875395380622E-20   4.60515521902422E-18
  132     50     82     4.02510163123069E-16   5.31313415322451E-14
  132     51     81     1.29529926548505E-14   1.70979503044026E-12
  132     52     80     3.66274771876350E-11   4.83482698876782E-09
  132     53     79     1.13245899014944E-12   1.49484586699725E-10
  132     54     78     9.17650728755186E-05   1.21129896195684E-02
  133     50     83     4.97711017318984E-18   6.61955653034248E-16
  133     51     82     7.91155365109830E-15   1.05223663559607E-12
  133     52     81     1.15720480141538E-13   1.53908238588246E-11
  133     53     80     1.31277690020111E-11   1.74599327726748E-09
  133     54     79     7.99674132211106E-11   1.06356659584077E-08
  133     55     78     6.90348960786328E-05   9.18164117845816E-03
  134     50     84     8.63307203401051E-19   1.15683165255741E-16
  134     51     83     2.36348606628796E-17   3.16707132882587E-15
  134     52     82     3.88836928825035E-13   5.21041484625547E-11
  134     53     81     6.78628941148618E-13   9.09362781139149E-11
  134     54     80     1.14612105704596E-04   1.53580221644159E-02
  134     55     79     2.77873613110896E-11   3.72350641568600E-09
  134     56     78     1.59946674865909E-11   2.14328544320317E-09
  135     50     85     7.44570899769739E-20   1.00517071468915E-17
  135     51     84     1.98245031969472E-17   2.67630793158787E-15
  135     52     83     2.29438072467257E-15   3.09741397830797E-13
  135     53     82     5.84340543497135E-12   7.88859733721132E-10
  135     54     81     8.64357167070661E-12   1.16688217554539E-09
  135     55     80     5.52913736620468E-05   7.46433544437632E-03
  135     56     79     2.33565366164079E-11   3.15313244321506E-09
  136     51     85     2.98146530571190E-18   4.05479281576818E-16
  136     52     84     1.30876017563043E-15   1.77991383885739E-13
  136     53     83     2.13673036308964E-14   2.90595329380191E-12
  136     54     82     1.19934668988790E-04   1.63111149824755E-02
  136     55     81     2.02755480965754E-12   2.75747454113426E-10
  136     56     80     3.07678218974821E-09   4.18442377805756E-07
  137     51     86     3.14041568390482E-19   4.30236948694960E-17
  137     52     85     8.17574005755284E-17   1.12007638788474E-14
  137     53     84     5.41308182805780E-15   7.41592210443918E-13
  137     54     83     7.86279913179957E-14   1.07720348105654E-11
  137     55     82     6.06643460478915E-05   8.31101540856113E-03
  137     56     81     1.94359502789894E-06   2.66272518822154E-04
  137     57     80     2.08359743510393E-13   2.85452848609239E-11
  138     51     87     2.98748354234306E-20   4.12272728843343E-18
  138     52     86     1.45872436801242E-17   2.01303962785714E-15
  138     53     85     9.26909917604369E-16   1.27913568629403E-13
  138     54     84     3.08874861746136E-13   4.26247309209668E-11
  138     55     83     8.10712684626897E-13   1.11878350478512E-10
  138     56     82     6.97267242708892E-05   9.62228794938271E-03
  138     57     81     2.84777575143602E-12   3.92993053698171E-10
  139     52     87     3.56564569683797E-18   4.95624751860477E-16
  139     53     86     1.71033354846716E-16   2.37736363236935E-14
  139     54     85     1.30414769496186E-14   1.81276529599699E-12
  139     55     84     2.43347972769393E-13   3.38253682149457E-11
  139     56     83     2.20528502513367E-12   3.06534618493580E-10
  139     57     82     2.32061224523710E-05   3.22565102087957E-03
  140     52     88     4.14047114758144E-19   5.79665960661401E-17
  140     53     87     2.33743917123093E-17   3.27241483972330E-15
  140     54     86     3.32882594707540E-15   4.66035632590556E-13
  140     55     85     2.89829917314291E-14   4.05761884240008E-12
  140     56     84     5.34652860857108E-10   7.48514005199951E-08
  140     57     83     7.06653507689191E-11   9.89314910764868E-09
  140     58     82     8.48135210494817E-05   1.18738929469274E-02
  141     52     89     1.67279180572439E-20   2.35863644607140E-18
  141     53     88     3.00609232360508E-18   4.23859017628316E-16
  141     54     87     2.37986224045541E-16   3.35560575904212E-14
  141     55     86     1.05168342857446E-14   1.48287363428999E-12
  141     56     85     5.48015790228307E-13   7.72702264221912E-11
  141     57     84     7.05529744375351E-12   9.94796939569245E-10
  141     58     83     3.72602299474493E-09   5.25369242259035E-07
  141     59     82     7.25804557504923E-05   1.02338442608194E-02
  142     53     89     2.82396077361093E-19   4.01002429852752E-17
  142     54     88     6.95288517567386E-17   9.87309694945689E-15
  142     55     87     5.61682424763333E-16   7.97589043163933E-14
  142     56     86     3.18896624177071E-13   4.52833206331441E-11
  142     57     85     2.80337405436929E-12   3.98079115720439E-10
  142     58     84     5.41424061479631E-05   7.68822167301077E-03
  142     60     82     2.79794420812429E-13   3.97308077553649E-11
  143     53     90     1.80530102623751E-20   2.58158046751964E-18
  143     54     89     8.53880072297181E-18   1.22104850338497E-15
  143     55     88     3.72814519037604E-16   5.33124762223774E-14
  143     56     87     6.73187481103922E-15   9.62658097978609E-13
  143     57     86     4.41791518216487E-13   6.31761871049576E-11
  143     58     85     6.18823058254317E-11   8.84916973303673E-09
  143     59     84     6.18973012859977E-10   8.85131408389768E-08
  143     60     83     4.62515246475733E-05   6.61396802460298E-03
  144     54     90     1.35901271767441E-18   1.95697831345115E-16
  144     55     89     9.64754065904787E-17   1.38924585490289E-14
  144     56     88     4.41579157314632E-15   6.35873986533070E-13
  144     57     87     1.93146832363477E-14   2.78131438603407E-12
  144     58     86     1.27620848613560E-05   1.83774022003527E-03
  144     59     85     5.39542459776852E-10   7.76941142078667E-08
  144     60     84     3.01290320147956E-05   4.33858061013056E-03
  145     54     91     9.76279292575635E-20   1.41560497423467E-17
  145     55     90     1.91995741137920E-17   2.78393824649984E-15
  145     56     89     1.09731503948889E-15   1.59110680725889E-13
  145     57     88     1.09146134025016E-14   1.58261894336273E-12
  145     58     87     8.28842066319868E-14   1.20182099616381E-11
  145     59     86     9.85167714543104E-12   1.42849318608750E-09
  145     60     85     4.95189522441439E-05   7.18024807540086E-03
  146     55     91     2.51263510719848E-18   3.66844725650978E-16
  146     56     90     2.97061707820216E-16   4.33710093417516E-14
  146     57     89     2.32125760893387E-15   3.38903610904346E-13
  146     58     88     3.42881021562516E-13   5.00606291481274E-11
  146     59     87     6.14932322990435E-13   8.97801191566035E-11
  146     60     86     4.65979017849391E-05   6.80329366060111E-03
  147     55     92     3.04704874253941E-19   4.47916165153293E-17
  147     56     91     4.57790616116995E-17   6.72952205691983E-15
  147     57     90     1.07862733946041E-15   1.58558218900680E-13
  147     58     89     2.11032685470676E-14   3.10218047641894E-12
  147     59     88     3.05928179662876E-13   4.49714424104427E-11
  147     60     87     3.66012828975786E-10   5.38038858594406E-08
  147     61     86     4.35043606382129E-05   6.39514101381730E-03
  147     62     85     1.82051185279054E-05   2.67615242360209E-03
  148     55     93     2.27652382805233E-20   3.36925526551745E-18
  148     56     92     8.62427714808438E-18   1.27639301791649E-15
  148     57     91     1.92008907456762E-16   2.84173183036007E-14
  148     58     90     1.74431553127230E-14   2.58158698628300E-12
  148     59     89     4.56204455684351E-14   6.75182594412839E-12
  148     60     88     4.45349140103482E-05   6.59116727353154E-03
  148     61     87     3.68825235376899E-17   5.45861348357810E-15
  148     62     86     1.03932322649915E-11   1.53819837521875E-09
  149     56     93     9.41411212839370E-19   1.40270270713066E-16
  149     57     92     6.91470947431827E-17   1.03029171167342E-14
  149     58     91     1.21968471460520E-15   1.81733022476174E-13
  149     59     90     3.82521052122088E-14   5.69956367661912E-12
  149     60     89     1.76090661227754E-12   2.62375085229354E-10
  149     61     88     5.42057681530194E-11   8.07665945479989E-09
  149     62     87     3.84638878359357E-05   5.73111928755442E-03
  150     56     94     1.12026954763166E-19   1.68040432144748E-17
  150     57     93     1.77339363353216E-17   2.66009045029825E-15
  150     58     92     5.69147177172103E-16   8.53720765758155E-14
  150     59     91     1.41161428651411E-15   2.11742142977116E-13
  150     60     90     3.86280142845272E-05   5.79420214267908E-03
  150     61     89     6.06474134092153E-16   9.09711201138230E-14
  150     62     88     6.59432817228357E-09   9.89149225842536E-07
  151     56     95     1.02048321335407E-20   1.54092965216465E-18
  151     57     94     4.20763453608836E-18   6.35352814949342E-16
  151     58     93     1.20411678582697E-16   1.81821634659873E-14
  151     59     92     3.22399479811252E-15   4.86823214514991E-13
  151     60     91     1.41788589060086E-13   2.14100769480729E-11
  151     61     90     1.94544478158894E-11   2.93762162019930E-09
  151     62     89     4.78632618680408E-05   7.22735254207417E-03
  151     63     88     5.05318177773151E-07   7.63030448437458E-05
  152     57     95     2.27629787809759E-19   3.45997277470833E-17
  152     58     94     3.38865619332771E-17   5.15075741385812E-15
  152     59     93     3.95922733531780E-16   6.01802554968306E-14
  152     60     92     1.01524507263798E-13   1.54317251040973E-11
  152     61     91     3.71313071030878E-14   5.64395867966935E-12
  152     62     90     3.69567628151036E-05   5.61742794789575E-03
  152     63     89     9.82660440676339E-17   1.49364386982804E-14
  152     64     88     1.99048421712460E-18   3.02553601002940E-16
  153     57     96     1.56691005321984E-20   2.39737238142635E-18
  153     58     95     1.09563849061904E-17   1.67632689064713E-15
  153     59     94     2.50243884494105E-16   3.82873143275980E-14
  153     60     93     3.46654041241352E-15   5.30380683099268E-13
  153     61     92     3.64440827435781E-14   5.57594465976745E-12
  153     62     91     1.93767754301248E-11   2.96464664080909E-09
  153     63     90     3.27212564067960E-05   5.00635223023979E-03
  154     58     96     1.41987647418564E-18   2.18660977024589E-16
  154     59     95     5.37944473578171E-17   8.28434489310384E-15
  154     60     94     1.89596155204151E-15   2.91978079014393E-13
  154     61     93     1.39216331071431E-14   2.14393149850004E-12
  154     62     92     3.25775629891699E-05   5.01694470033216E-03
  154     63     91     1.72453208589474E-10   2.65577941227790E-08
  154     64     90     2.01366791790833E-11   3.10104859357883E-09
  155     58     97     8.97820395209314E-20   1.39162161257444E-17
  155     59     96     7.87467824991736E-18   1.22057512873719E-15
  155     60     95     3.67861019240178E-16   5.70184579822275E-14
  155     61     94     2.57717807420900E-15   3.99462601502395E-13
  155     62     93     8.52121830586719E-14   1.32078883740941E-11
  155     63     92     2.40993683734814E-05   3.73540209788961E-03
  155     64     91     5.32004035907188E-06   8.24606255656142E-04
  156     59     97     7.90125310853336E-19   1.23259548493120E-16
  156     60     96     9.25863555069862E-17   1.44434714590899E-14
  156     61     95     8.11522206183454E-16   1.26597464164619E-13
  156     62     94     1.52893775825043E-12   2.38514290287067E-10
  156     63     93     6.05864024583942E-11   9.45147878350949E-09
  156     64     92     3.07466555154749E-05   4.79647826041408E-03
  157     59     98     7.50290179231468E-20   1.17795558139340E-17
  157     60     97     1.95495371592440E-17   3.06927733400131E-15
  157     61     96     2.58140666937803E-16   4.05280847092351E-14
  157     62     95     1.50184567157598E-14   2.35789770437429E-12
  157     63     94     1.71881107088618E-12   2.69853338129131E-10
  157     64     93     2.91193907904045E-05   4.57174435409351E-03
  158     60     98     3.60629009351115E-18   5.69793834774762E-16
  158     61     97     5.64918993244307E-17   8.92572009326005E-15
  158     62     96     6.50301243154586E-15   1.02747596418425E-12
  158     63     95     5.86456063630197E-14   9.26600580535711E-12
  158     64     94     3.58374507851867E-05   5.66231722405949E-03
  159     60     99     2.90335407275492E-19   4.61633297568032E-17
  159     61     98     6.52593068735545E-18   1.03762297928952E-15
  159     62     97     1.39574136662228E-16   2.21922877292942E-14
  159     63     96     1.53108557027147E-14   2.43442605673164E-12
  159     64     95     9.37949477335088E-13   1.49133966896279E-10
  159     65     94     2.81694516148125E-05   4.47894280675519E-03
  160     60    100     2.76137571655551E-20   4.41820114648882E-18
  160     61     99     2.01497269002786E-18   3.22395630404458E-16
  160     62     98     6.02847419940048E-17   9.64555871904077E-15
  160     63     97     3.38733904501423E-16   5.41974247202277E-14
  160     64     96     3.54060694092939E-05   5.66497110548702E-03
  160     65     95     9.14044703198234E-13   1.46247152511717E-10
  160     66     94     1.03678623513799E-10   1.65885797622079E-08
  161     61    100     3.48003703943806E-19   5.60285963349527E-17
  161     62     99     1.22985688506108E-17   1.98006958494833E-15
  161     63     98     1.37921668055991E-16   2.22053885570145E-14
  161     64     97     1.25201902136171E-15   2.01575062439235E-13
  161     65     96     3.41568911011470E-12   5.49925946728467E-10
  161     66     95     3.20019256530551E-05   5.15231003014188E-03
  162     61    101     1.83580143288740E-20   2.97399832127759E-18
  162     62    100     1.87253307065742E-18   3.03350357446502E-16
  162     63     99     2.98439081397040E-17   4.83471311863204E-15
  162     64     98     1.74487799793836E-15   2.82670235666014E-13
  162     65     97     1.58890686253236E-15   2.57402911730243E-13
  162     66     96     3.37078515247694E-05   5.46067194701264E-03
  163     62    101     3.87287089474658E-19   6.31277955843692E-17
  163     63    100     9.55139940133707E-18   1.55687810241794E-15
  163     64     99     1.36740865888706E-16   2.22887611398591E-14
  163     65     98     2.43105819557152E-15   3.96262485878158E-13
  163     66     97     3.28628769592801E-05   5.35664894436265E-03
  164     62    102     5.11088683205003E-20   8.38185440456205E-18
  164     63    101     1.77481944980089E-18   2.91070389767346E-16
  164     64    100     4.84884933100998E-17   7.95211290285637E-15
  164     65     99     2.17057652275599E-16   3.55974549731982E-14
  164     66     98     3.16359147895707E-05   5.18829002548960E-03
  165     63    102     2.36630682353229E-19   3.90440625882828E-17
  165     64    101     5.14135773683639E-18   8.48324026578005E-16
  165     65    100     8.56250459650488E-17   1.41281325842331E-14
  165     66     99     5.68466634434439E-15   9.37969946816824E-13
  165     67     98     2.14528373861877E-05   3.53971816872098E-03
  166     63    103     1.78230943859288E-20   2.95863366806418E-18
  166     64    102     8.90794189697063E-19   1.47871835489712E-16
  166     65    101     8.93348197960240E-18   1.48295800861400E-15
  166     66    100     1.09977412764174E-13   1.82562505188529E-11
  166     67     99     3.61813576715971E-14   6.00610537348512E-12
  166     68     98     1.94191414068686E-05   3.22357747354019E-03
  167     64    103     2.19371906605749E-19   3.66351084031601E-17
  167     65    102     3.14902379753032E-18   5.25886974187563E-16
  167     66    101     7.23391605439840E-17   1.20806398108453E-14
  167     67    100     2.10073284015301E-15   3.50822384305552E-13
  167     68     99     2.20072005435571E-05   3.67520249077404E-03
  168     64    104     3.08506556432662E-20   5.18291014806872E-18
  168     65    103     5.50479910048145E-19   9.24806248880883E-17
  168     66    102     5.37172117873292E-17   9.02449158027130E-15
  168     67    101     1.84297030175782E-17   3.09619010695314E-15
  168     68    100     1.92433495273097E-05   3.23288272058804E-03
  169     65    104     5.75654910000018E-20   9.72856797900030E-18
  169     66    103     1.76855531226083E-18   2.98885847772080E-16
  169     67    102     1.28478419873400E-17   2.17128529586046E-15
  169     68    101     3.72629696376383E-14   6.29744186876087E-12
  169     69    100     1.29284102884161E-05   2.18490133874232E-03
  170     66    104     3.76763827422969E-19   6.40498506619047E-17
  170     67    103     1.94735824358955E-18   3.31050901410224E-16
  170     68    102     1.81319216596866E-05   3.08242668214672E-03
  170     69    101     4.83969495520898E-13   8.22748142385526E-11
  170     70    100     6.57840987417760E-12   1.11832967861019E-09
  171     69    102     8.69770226190949E-06   1.48730708678652E-03
  171     70    101     5.54455804229100E-06   9.48119425231761E-04
  172     70    102     1.56026878069244E-05   2.68366230279100E-03
  173     70    103     1.14365907104008E-05   1.97853019289933E-03
  174     70    104     1.87195950769910E-05   3.25720954339643E-03
  175     71    104     1.07663894269965E-05   1.88411814972438E-03
  176     70    106     1.60686111246611E-05   2.82807555794036E-03
  176     71    105     5.10733965793058E-12   8.98891779795782E-10
  177     72    105     1.37564010893528E-05   2.43488299281544E-03
  178     72    106     1.98224371337598E-05   3.52839380980925E-03
  179     72    107     1.15547987142257E-05   2.06830896984641E-03
  180     72    108     1.29302179769120E-05   2.32743923584415E-03
  180     74    106     3.13982462588221E-17   5.65168432658798E-15
  181     72    109     3.43335660617123E-09   6.21437545716992E-07
  181     73    108     1.06472998515244E-05   1.92716127312592E-03
  182     72    110     1.14512612979179E-05   2.08412955622106E-03
  182     73    109     4.41929412659938E-13   8.04311531041086E-11
  182     74    108     1.94806042518859E-12   3.54546997384323E-10
  183     74    109     5.82463892358507E-06   1.06590892301607E-03
  184     74    110     6.02951828120047E-06   1.10943136374089E-03
  185     74    111     3.78233953660678E-08   6.99732814272253E-06
  185     75    110     3.60556376879514E-06   6.67029297227102E-04
  186     74    112     4.17512529662864E-06   7.76573305172927E-04
  186     76    110     4.55711952588714E-14   8.47624231815009E-12
  187     75    112     3.16026950088466E-06   5.90970396665431E-04
  187     76    111     6.88738960185052E-17   1.28794185554605E-14
  188     74    114     5.59350490792872E-08   1.05157892269060E-05
  188     75    113     5.73493789228219E-10   1.07816832374905E-07
  188     76    112     7.55311532184250E-06   1.41998568050639E-03
  189     76    113     1.36942521896858E-05   2.58821366385061E-03
  190     76    114     3.54056029053036E-05   6.72706455200769E-03
  191     76    115     1.72632783494493E-14   3.29728616474482E-12
  191     77    114     3.73595424887652E-05   7.13567261535416E-03
  192     76    116     1.14233655767272E-04   2.19328619073162E-02
  192     77    115     1.04714265239892E-13   2.01051389260592E-11
  192     78    114     1.02865978496749E-11   1.97502678713759E-09
  193     77    116     2.00562033444679E-04   3.87084724548230E-02
  193     78    115     8.07655159346734E-20   1.55877445753920E-17
  194     76    118     2.48919194517150E-04   4.82903237363271E-02
  194     77    117     9.14370604476252E-08   1.77387897268393E-05
  194     78    116     4.26250080933029E-05   8.26925157010076E-03
  195     78    117     3.94294440599586E-04   7.68874159169192E-02
  196     78    118     2.53193672825994E-04   4.96259598738947E-02
  196     80    116     8.27371765601485E-18   1.62164866057891E-15
  197     79    118     1.86869504557889E-04   3.68132923979042E-02
  198     78    120     8.25769016136016E-05   1.63502265194931E-02
  198     80    118     4.95569976175333E-10   9.81228552827160E-08
  199     80    119     4.94521329477390E-05   9.84097445660005E-03
  200     80    120     6.84371912177347E-06   1.36874382435469E-03
  201     80    121     2.38521394643467E-06   4.79428003233369E-04
  202     80    122     4.71792649371416E-07   9.53021151730261E-05
  203     80    123     2.90466384663481E-10   5.89646760866867E-08
  203     81    122     4.35413795822493E-07   8.83890005519661E-05
  204     80    124     5.00616643393569E-07   1.02125795252288E-04
  204     81    123     5.35500754168549E-15   1.09242153850384E-12
  204     82    122     1.48638407654908E-15   3.03222351616011E-13
  205     81    124     3.63099706694324E-07   7.44354398723364E-05
  205     82    123     2.74847476608963E-16   5.63437327048374E-14
  206     80    126     1.55188701077481E-19   3.19688724219611E-17
  206     81    125     5.44077926903328E-18   1.12080052942086E-15
  206     82    124     6.44875047158457E-07   1.32844259714642E-04
  207     81    126     3.87193443649394E-12   8.01490428354245E-10
  207     82    125     1.33166798012436E-05   2.75655271885742E-03
  208     81    127     2.15169294432277E-12   4.47552132419136E-10
  208     82    126     1.84757741920077E-05   3.84296103193761E-03
  208     83    125     2.80317527513800E-16   5.83060457228704E-14
  209     81    128     1.54802662682248E-16   3.23537565005897E-14
  209     82    127     6.32574638696760E-13   1.32208099487623E-10
  209     83    126     1.27408386101717E-05   2.66283526952588E-03
  210     81    129     1.26136468607711E-19   2.64886584076193E-17
  210     82    128     1.14678183387061E-05   2.40824185112828E-03
  210     83    127     7.08802590119095E-09   1.48848543925010E-06
  210     84    126     1.81211430963468E-07   3.80544005023282E-05
  211     82    129     2.94609085003199E-11   6.21625169356751E-09
  211     83    128     1.74320229417841E-12   3.67815684071645E-10
  211     84    127     1.96759756116485E-17   4.15163085405784E-15
  212     82    130     1.25375038547239E-09   2.65795081720147E-07
  212     83    129     1.18855584157672E-10   2.51973838414265E-08
  213     82    131     4.99619273753469E-20   1.06418905309489E-17
  213     83    130     1.48064186873702E-13   3.15376718040986E-11
  214     82    132     1.25617263064312E-14   2.68820942957628E-12
  214     83    131     9.65459386720375E-15   2.06608308758160E-12
  214     84    130     4.22671182011015E-20   9.04516329503573E-18
  215     83    132     4.95411575055997E-18   1.06513488637039E-15
  215     84    131     2.41794150127552E-17   5.19857422774236E-15
  216     84    132     4.75085459243889E-15   1.02618459196680E-12
  217     85    132     1.74565724877613E-18   3.78807622984419E-16
  218     84    134     1.45058157979515E-15   3.16226784395343E-13
  218     85    133     4.66633042541307E-19   1.01726003274005E-16
  218     86    132     8.72005358446309E-18   1.90097168141295E-15
  219     85    134     6.27212572643312E-19   1.37359553408885E-16
  219     86    133     5.37624670019006E-14   1.17739802734162E-11
  220     86    134     1.82171659461311E-12   4.00777650814885E-10
  221     86    135     5.57519549471949E-19   1.23211820433301E-16
  221     87    134     1.54720605833995E-14   3.41932538893128E-12
  221     88    133     6.20488092357741E-19   1.37127868411061E-16
  222     86    136     2.57538532493953E-12   5.71735542136577E-10
  222     87    135     2.12269958671816E-13   4.71239308251431E-11
  222     88    134     9.46744295369573E-15   2.10177233572045E-12
  223     87    136     2.46414245199376E-13   5.49503766794610E-11
  223     88    135     1.34127667433559E-08   2.99104698376837E-06
  224     86    138     1.32900527577985E-18   2.97697181774687E-16
  224     87    137     1.81556188771564E-19   4.06685862848303E-17
  224     88    136     1.02884843321822E-08   2.30462049040881E-06
  225     88    137     6.97433628158465E-11   1.56922566335655E-08
  225     89    136     4.67107884487579E-11   1.05099274009705E-08
  226     88    138     1.29907701573934E-05   2.93591405557092E-03
  227     89    138     9.29248760384869E-06   2.10939468607365E-03
  227     90    137     2.15269424913572E-08   4.88661594553809E-06
  228     88    140     1.41516916101717E-05   3.22658568711914E-03
  228     89    139     1.72825382905816E-09   3.94041873025260E-07
  228     90    138     1.99010229195204E-06   4.53743322565065E-04
  229     90    139     1.35148525278075E-05   3.09490122886792E-03
  230     90    140     1.99581802817674E-05   4.59038146480651E-03
  231     90    141     1.14478728330924E-16   2.64445862444435E-14
  231     91    140     1.50261414585428E-05   3.47103867692338E-03
  232     90    142     2.57740447557627E-05   5.97957838333694E-03
  232     92    140     1.55543547444802E-12   3.60861030071940E-10
  233     91    142     7.02307225846117E-11   1.63637583622145E-08
  233     92    141     1.84764284263095E-05   4.30500782333011E-03
  234     90    144     2.62697433707081E-11   6.14711994874569E-09
  234     91    143     3.07946777399884E-13   7.20595459115729E-11
  234     92    142     3.05912655092257E-05   7.15835612915881E-03
  235     92    143     2.76539393267265E-05   6.49867574178074E-03
  236     92    144     6.59546776919131E-05   1.55653039352915E-02
  237     92    145     1.07042824777794E-12   2.53691494723373E-10
  237     93    144     5.51726684622068E-05   1.30759224255430E-02
  238     92    146     7.14022272880656E-05   1.69937300945596E-02
  238     94    144     7.27560079334652E-12   1.73159298881647E-09
  239     93    146     1.70650262460051E-11   4.07854127279522E-09
  239     94    145     6.38222048009955E-05   1.52535069474379E-02
  240     92    148     3.80170102346069E-16   9.12408245630566E-14
  240     93    147     2.77634053488712E-17   6.66321728372908E-15
  240     94    146     5.98523147180209E-05   1.43645555323250E-02
  241     94    147     3.31571535076410E-05   7.99087399534149E-03
  241     95    146     2.26795357194441E-06   5.46576810838603E-04
  242     94    148     2.81310451313812E-05   6.80771292179425E-03
  242     95    147     5.12496214452046E-17   1.24024083897395E-14
  242     96    146     6.31634006919166E-15   1.52855429674438E-12
  243     94    149     5.01428179712136E-18   1.21847047670049E-15
  243     95    148     1.94903999032004E-05   4.73616717647770E-03
  244     94    150     1.88798965204170E-05   4.60669475098174E-03
  244     95    149     2.12897173387817E-15   5.19469103066274E-13
  244     96    148     1.62767659613401E-10   3.97153089456698E-08
  245     95    150     4.02215376689376E-14   9.85427672888972E-12
  245     96    149     1.50713064053707E-05   3.69247006931583E-03
  246     94    152     1.09807034853038E-11   2.70125305738473E-09
  246     95    151     2.74211611846229E-14   6.74560565141724E-12
  246     96    150     1.97845729669441E-05   4.86700494986824E-03
  246     97    149     1.18067398216086E-12   2.90445799611571E-10
  247     96    151     1.38245429245746E-07   3.41466210236993E-05
  247     97    150     9.74894635558486E-06   2.40798974982946E-03
  248     96    152     2.42321960035165E-05   6.00958460887209E-03
  248     97    151     1.06250239955698E-09   2.63500595090132E-07
  248     98    150     2.92816343020545E-11   7.26184530690952E-09
  249     96    153     7.05658946722056E-17   1.75709077733792E-14
  249     97    152     1.10965893886693E-05   2.76305075777865E-03
  249     98    151     1.84519565919608E-05   4.59453719139823E-03
  250     96    154     1.70563498971848E-05   4.26408747429619E-03
  250     97    153     1.33763684295776E-10   3.34409210739441E-08
  250     98    152     7.84346202165407E-06   1.96086550541352E-03
  250     99    151     4.75436156966044E-13   1.18859039241511E-10
  251     97    154     1.41664659377687E-13   3.55578295037994E-11
  251     98    153     2.52656836854764E-05   6.34168660505458E-03
  252     98    154     1.80233052299973E-05   4.54187291795933E-03
  252     99    153     3.83477504105057E-07   9.66363310344744E-05
  253     98    155     9.10135998943246E-12   2.30264407732641E-09
  253     99    154     2.21015211214857E-11   5.59168484373588E-09
  254     98    156     2.41388336448576E-10   6.13126374579383E-08
  254     99    155     2.72762811032983E-07   6.92817540023776E-05
  254    100    154     2.80744729932242E-10   7.13091614027893E-08
  254    101    153     1.42845370701404E-15   3.62827241581567E-13
  255     99    156     1.82201085923310E-09   4.64612769104440E-07
  255    100    155     3.59862840747371E-11   9.17650243905796E-09
  257    100    157     4.16919312030984E-11   1.07148263191963E-08
  257    101    156     1.99120104766519E-16   5.11738669249953E-14
