# 1:A 2:Z 3:N 4:Yi 5:Xi
    1      0      1     8.65883355000292E-15   8.65883355000292E-15
    1      1      0     9.01218995876280E-09   9.01218995876280E-09
    2      1      1     8.30639286995424E-16   1.66127857399085E-15
    3      1      2     2.53346951957390E-09   7.60040855872171E-09
    3      2      1     2.02685351638951E-10   6.08056054916854E-10
    4      2      2     2.72273614119271E-04   1.08909445647708E-03
    6      3      3     6.91063995214582E-09   4.14638397128749E-08
    7      3      4     8.41624365218912E-10   5.89137055653238E-09
    7      4      3     6.04062759165254E-18   4.22843931415678E-17
    9      4      5     6.98375260027000E-07   6.28537734024300E-06
   10      4      6     6.21820658705664E-08   6.21820658705664E-07
   10      5      5     1.61593143105123E-12   1.61593143105123E-11
   11      5      6     3.65075141438691E-09   4.01582655582560E-08
   12      6      6     4.61846685355691E-07   5.54216022426830E-06
   13      6      7     4.87304016514083E-08   6.33495221468308E-07
   14      6      8     7.06193370790881E-08   9.88670719107233E-07
   14      7      7     3.09671355205439E-10   4.33539897287615E-09
   15      7      8     1.08915701120766E-05   1.63373551681149E-04
   16      8      8     2.08724124543013E-07   3.33958599268821E-06
   17      8      9     2.20506611585520E-09   3.74861239695383E-08
   18      8     10     8.28461537143426E-07   1.49123076685817E-05
   19      9     10     1.13139110237581E-06   2.14964309451403E-05
   20     10     10     6.22869758016087E-08   1.24573951603217E-06
   21     10     11     1.02673259094772E-07   2.15613844099021E-06
   22     10     12     2.88278293224836E-06   6.34212245094638E-05
   23     11     12     7.15685882596796E-10   1.64607752997263E-08
   24     12     12     1.61406044342084E-08   3.87374506421003E-07
   25     12     13     6.75008625945114E-08   1.68752156486279E-06
   26     12     14     2.98988378379513E-09   7.77369783786735E-08
   27     13     14     6.04825947005375E-10   1.63303005691451E-08
   28     14     14     1.67672276680690E-09   4.69482374705933E-08
   29     14     15     8.92793734352530E-10   2.58910182962234E-08
   30     14     16     1.82399549679435E-09   5.47198649038305E-08
   31     15     16     3.31805078810090E-09   1.02859574431128E-07
   32     14     18     1.09681900515171E-08   3.50982081648546E-07
   32     15     17     2.79381832783773E-12   8.94021864908072E-11
   32     16     16     6.54166275599201E-11   2.09333208191744E-09
   33     15     18     1.79551488054523E-14   5.92519910579926E-13
   33     16     17     1.04677019799944E-08   3.45434165339814E-07
   34     16     18     1.33181275371105E-08   4.52816336261758E-07
   35     16     19     1.35668923923078E-10   4.74841233730774E-09
   35     17     18     6.77948900324076E-09   2.37282115113427E-07
   36     16     20     2.21230222525050E-09   7.96428801090180E-08
   36     17     19     1.56731601525041E-18   5.64233765490149E-17
   37     17     20     1.45404886615053E-08   5.37998080475695E-07
   38     18     20     2.27365459456820E-10   8.63988745935915E-09
   39     18     21     1.11923661093383E-10   4.36502278264194E-09
   39     19     20     3.95387477106914E-13   1.54201116071696E-11
   40     18     22     2.82628249790052E-09   1.13051299916021E-07
   41     19     22     7.61939610383910E-09   3.12395240257403E-07
   42     18     24     6.55034338804487E-08   2.75114422297885E-06
   42     19     23     2.79658921954524E-12   1.17456747220900E-10
   42     20     22     1.91049034838097E-09   8.02405946320007E-08
   43     20     23     7.61302821279712E-09   3.27360213150276E-07
   44     20     24     1.85163016836707E-08   8.14717274081511E-07
   45     20     25     4.69447069965735E-09   2.11251181484581E-07
   45     21     24     3.47522569473139E-08   1.56385156262913E-06
   46     20     26     1.62860854318102E-08   7.49159929863269E-07
   46     21     25     5.58298002312823E-20   2.56817081063899E-18
   46     22     24     3.30724420561689E-18   1.52133233458377E-16
   47     22     25     7.23728930423326E-09   3.40152597298963E-07
   48     20     28     1.13971984337696E-08   5.47065524820941E-07
   48     22     26     2.03374506727623E-16   9.76197632292589E-15
   49     22     27     1.66546572675764E-09   8.16078206111245E-08
   50     22     28     2.52281119053041E-08   1.26140559526520E-06
   51     23     28     2.62764773466452E-08   1.34010034467891E-06
   52     24     28     9.61995390367093E-09   5.00237602990888E-07
   53     24     29     2.48186923560596E-09   1.31539069487116E-07
   54     24     30     2.18805572237400E-09   1.18155009008196E-07
   55     25     30     9.90332607247829E-10   5.44682933986306E-08
   56     26     30     5.80597294080267E-09   3.25134484684950E-07
   57     26     31     6.44372798305859E-09   3.67292495034340E-07
   58     26     32     3.53103058333145E-09   2.04799773833224E-07
   59     26     33     1.35427493577854E-12   7.99022212109337E-11
   59     27     32     2.88844876890527E-09   1.70418477365411E-07
   60     26     34     2.37998752386851E-09   1.42799251432111E-07
   60     27     33     7.89855073790907E-16   4.73913044274544E-14
   60     28     32     7.38755027392961E-17   4.43253016435776E-15
   61     28     33     6.22369163115757E-09   3.79645189500612E-07
   62     28     34     1.56164081826922E-08   9.68217307326914E-07
   63     28     35     1.50624912360271E-08   9.48936947869709E-07
   63     29     34     1.42051367339705E-10   8.94923614240143E-09
   64     28     36     5.63487271296742E-09   3.60631853629915E-07
   64     30     34     2.71995168087664E-20   1.74076907576105E-18
   65     29     36     8.02729865485700E-09   5.21774412565705E-07
   66     30     36     6.28701588965940E-09   4.14943048717520E-07
   67     30     37     9.15206670066018E-09   6.13188468944232E-07
   68     30     38     1.35823898750425E-08   9.23602511502890E-07
   69     31     38     2.24138457562586E-08   1.54655535718185E-06
   70     30     40     2.55544410255630E-08   1.78881087178941E-06
   70     32     38     6.06985352188874E-14   4.24889746532212E-12
   71     31     40     3.18144997526531E-08   2.25882948243837E-06
   72     32     40     4.37509247993791E-08   3.15006658555530E-06
   73     32     41     6.48542101710952E-08   4.73435734248995E-06
   74     32     42     8.02288594990674E-08   5.93693560293099E-06
   75     33     42     1.39717597332816E-07   1.04788197999612E-05
   76     32     44     2.53043931096420E-07   1.92313387633279E-05
   76     34     42     9.48685688071928E-13   7.21001122934665E-11
   77     34     43     4.58271149548773E-07   3.52868785152555E-05
   78     34     44     3.66922195145441E-07   2.86199312213444E-05
   79     34     45     3.85304234209245E-07   3.04390345025304E-05
   79     35     44     1.23926975135880E-12   9.79023103573453E-11
   80     34     46     6.53774174847951E-07   5.23019339878361E-05
   81     35     46     1.02039859948257E-06   8.26522865580879E-05
   82     34     48     1.49216567612228E-06   1.22357585442027E-04
   82     36     46     3.91007989067727E-11   3.20626551035536E-09
   83     35     48     2.08587557413089E-20   1.73127672652864E-18
   83     36     47     1.95692440286810E-06   1.62424725438052E-04
   84     35     49     4.38285488748265E-20   3.68159810548543E-18
   84     36     48     2.48256985623135E-06   2.08535867923434E-04
   85     36     49     1.31778508102272E-06   1.12011731886931E-04
   85     37     48     1.21672830320520E-07   1.03421905772442E-05
   86     36     50     2.60022359950376E-06   2.23619229557324E-04
   86     38     48     8.30132381695817E-17   7.13913848258403E-15
   87     35     52     1.07855359721448E-20   9.38341629576595E-19
   87     36     51     1.04800504659323E-18   9.11764390536114E-17
   87     37     50     4.23582638918303E-06   3.68516895858923E-04
   87     38     49     8.34289692582008E-17   7.25832032546347E-15
   88     36     52     7.04487605833656E-18   6.19949093133617E-16
   88     37     51     7.39026432165580E-19   6.50343260305711E-17
   88     38     50     6.02160203575481E-06   5.29900979146424E-04
   89     36     53     2.40818579564289E-19   2.14328535812217E-17
   89     37     52     1.15831371590921E-18   1.03089920715920E-16
   89     38     51     6.66832919426716E-09   5.93481298289777E-07
   89     39     50     5.68489468426506E-06   5.05955626899590E-04
   90     36     54     6.98497310917789E-20   6.28647579826010E-18
   90     37     53     3.41812185466213E-19   3.07630966919592E-17
   90     38     52     5.08524632413463E-06   4.57672169172116E-04
   90     39     51     1.28833677452186E-09   1.15950309706967E-07
   90     40     50     1.68428152519091E-07   1.51585337267182E-05
   91     36     55     3.79215394999500E-20   3.45086009449545E-18
   91     37     54     2.58869448988654E-19   2.35571198579675E-17
   91     38     53     1.53900802715117E-16   1.40049730470757E-14
   91     39     52     1.79500095664360E-08   1.63345087054568E-06
   91     40     51     6.11677678348302E-06   5.56626687296955E-04
   92     36     56     1.67426240106778E-20   1.54032140898235E-18
   92     37     55     4.19571856537299E-20   3.86006108014315E-18
   92     38     54     9.09665466362671E-17   8.36892229053657E-15
   92     39     53     1.20608319651376E-16   1.10959654079266E-14
   92     40     52     9.98632840108295E-06   9.18742212899632E-04
   93     36     57     1.35442868400564E-20   1.25961867612524E-18
   93     37     56     6.31158985470038E-20   5.86977856487135E-18
   93     38     55     5.55387838680868E-18   5.16510689973207E-16
   93     39     54     4.55944591300789E-16   4.24028469909734E-14
   93     40     53     7.22121340090448E-06   6.71572846284117E-04
   93     41     52     4.25139265149841E-12   3.95379516589352E-10
   94     37     57     4.60529943329061E-20   4.32898146729318E-18
   94     38     56     1.34670365752404E-18   1.26590143807260E-16
   94     39     55     2.00314324404997E-17   1.88295464940697E-15
   94     40     54     7.07192302078951E-06   6.64760763954214E-04
   95     37     58     1.12054122826902E-20   1.06451416685557E-18
   95     38     57     8.03615478717214E-19   7.63434704781353E-17
   95     39     56     2.07816930504486E-17   1.97426083979262E-15
   95     40     55     5.83387755613198E-08   5.54218367832538E-06
   95     41     54     6.92932856759162E-08   6.58286213921204E-06
   95     42     53     1.21641794563208E-05   1.15559704835048E-03
   96     38     58     6.37682091454102E-20   6.12174807795938E-18
   96     39     57     3.18592437863332E-19   3.05848740348799E-17
   96     40     56     1.06228769428956E-05   1.01979618651798E-03
   96     42     54     2.40999706798771E-14   2.31359718526820E-12
   97     37     60     1.12129815676163E-20   1.08765921205878E-18
   97     38     59     3.05171248545331E-20   2.96016111088971E-18
   97     39     58     2.68825276544528E-19   2.60760518248193E-17
   97     40     57     4.34754300280874E-15   4.21711671272448E-13
   97     41     56     3.12204975517899E-16   3.02838826252362E-14
   97     42     55     1.01651573938763E-05   9.86020267205996E-04
   98     38     60     7.77404482709234E-20   7.61856393055049E-18
   98     39     59     6.62964129949551E-20   6.49704847350560E-18
   98     40     58     3.79214608883172E-18   3.71630316705509E-16
   98     41     57     3.53275405832701E-19   3.46209897716047E-17
   98     42     56     1.17304281015027E-05   1.14958195394727E-03
   99     38     61     4.28284119900309E-20   4.24001278701306E-18
   99     39     60     2.55204721922086E-19   2.52652674702866E-17
   99     40     59     3.61512555542724E-19   3.57897429987297E-17
   99     41     58     2.58223688905509E-18   2.55641452016454E-16
   99     42     57     4.10983681026250E-14   4.06873844215987E-12
   99     43     56     1.32641888328435E-05   1.31315469445150E-03
   99     44     55     5.91602931920027E-11   5.85686902600827E-09
  100     38     62     4.50008387886091E-20   4.50008387886091E-18
  100     39     61     2.00841548668945E-19   2.00841548668945E-17
  100     40     60     1.98402549628185E-18   1.98402549628185E-16
  100     41     59     4.19167965419132E-19   4.19167965419132E-17
  100     42     58     1.64665146164912E-05   1.64665146164912E-03
  100     44     56     1.08553958428127E-11   1.08553958428127E-09
  101     38     63     2.68173742492330E-20   2.70855479917254E-18
  101     39     62     1.65869380206474E-19   1.67528074008538E-17
  101     40     61     9.13420303762222E-19   9.22554506799844E-17
  101     41     60     2.82019194200537E-18   2.84839386142542E-16
  101     42     59     3.48356989898891E-16   3.51840559797879E-14
  101     43     58     3.34062961014333E-16   3.37403590624476E-14
  101     44     57     1.66199252513464E-05   1.67861245038599E-03
  102     38     64     1.38321514389478E-20   1.41087944677267E-18
  102     39     63     2.27103995979691E-19   2.31646075899285E-17
  102     40     62     1.57689669458071E-18   1.60843462847232E-16
  102     41     61     2.37168722765714E-18   2.41912097221028E-16
  102     42     60     3.73958805345982E-16   3.81437981452902E-14
  102     43     59     2.91224924937795E-18   2.97049423436551E-16
  102     44     58     1.97512468157222E-05   2.01462717520367E-03
  103     39     64     1.27964508015094E-19   1.31803443255547E-17
  103     40     63     9.08254902496140E-19   9.35502549571024E-17
  103     41     62     1.04763110637702E-18   1.07906003956834E-16
  103     42     61     4.71887667961779E-17   4.86044298000632E-15
  103     43     60     3.78907404510271E-17   3.90274626645579E-15
  103     44     59     3.82503976566782E-09   3.93979095863785E-07
  103     45     58     2.21228932694864E-05   2.27865800675710E-03
  104     39     65     1.03208786458698E-19   1.07337137917046E-17
  104     40     64     8.87948979184766E-19   9.23466938352156E-17
  104     41     63     5.24725015963543E-18   5.45714016602085E-16
  104     42     62     6.55319521495028E-17   6.81532302354829E-15
  104     43     61     1.20143876579853E-15   1.24949631643047E-13
  104     44     60     2.25657313217174E-05   2.34683605745861E-03
  104     46     58     5.64707143719697E-13   5.87295429468485E-11
  105     39     66     3.29646227445005E-20   3.46128538817255E-18
  105     40     65     6.94036527734815E-19   7.28738354121556E-17
  105     41     64     3.73916070522372E-18   3.92611874048491E-16
  105     42     63     4.72208201822181E-17   4.95818611913290E-15
  105     43     62     6.04859478676032E-16   6.35102452609834E-14
  105     44     61     2.12291332953107E-14   2.22905899600763E-12
  105     45     60     1.68833110762167E-13   1.77274766300275E-11
  105     46     59     2.59300808690681E-05   2.72265849125215E-03
  106     39     67     1.33086402919940E-20   1.41071587095136E-18
  106     40     66     2.12367059106943E-19   2.25109082653360E-17
  106     41     65     1.58435649705409E-18   1.67941788687733E-16
  106     42     64     1.55825201649432E-17   1.65174713748398E-15
  106     43     63     6.35470799495302E-17   6.73599047465021E-15
  106     44     62     1.07661183972009E-05   1.14120855010329E-03
  106     45     61     1.00951540637517E-11   1.07008633075768E-09
  106     46     60     1.65443436701333E-05   1.75370042903413E-03
  107     40     67     1.25979439688762E-19   1.34798000466975E-17
  107     41     66     4.98228408727577E-19   5.33104397338507E-17
  107     42     65     6.33027292055690E-18   6.77339202499588E-16
  107     43     64     3.83763869846467E-17   4.10627340735720E-15
  107     44     63     4.07298721548003E-16   4.35809632056363E-14
  107     45     62     2.35333151298044E-15   2.51806471888907E-13
  107     46     61     2.33262003220416E-05   2.49590343445845E-03
  107     47     60     3.40717132769223E-12   3.64567332063069E-10
  108     40     68     4.22738106372576E-20   4.56557154882382E-18
  108     41     67     4.42014901929331E-19   4.77376094083678E-17
  108     42     66     2.77003589184062E-18   2.99163876318787E-16
  108     43     65     1.33428097298799E-17   1.44102345082702E-15
  108     44     64     7.05259877532315E-16   7.61680667734900E-14
  108     45     63     4.34003125656010E-17   4.68723375708491E-15
  108     46     62     2.50798033397705E-05   2.70861876069522E-03
  109     40     69     1.72651120388502E-20   1.88189721223467E-18
  109     41     68     1.91724252075809E-19   2.08979434762632E-17
  109     42     67     2.01202116173006E-18   2.19310306628576E-16
  109     43     66     2.70289916844280E-18   2.94616009360265E-16
  109     44     65     1.08412180786844E-16   1.18169277057660E-14
  109     45     64     2.51391606190754E-16   2.74016850747922E-14
  109     46     63     1.55046440001599E-13   1.69000619601743E-11
  109     47     62     3.61717539746336E-05   3.94272118323506E-03
  110     41     69     1.10852290210311E-19   1.21937519231342E-17
  110     42     68     8.50885198587249E-19   9.35973718445974E-17
  110     43     67     3.37700013960488E-18   3.71470015356537E-16
  110     44     66     4.29148557392068E-17   4.72063413131275E-15
  110     45     65     3.78534456255720E-05   4.16387901881292E-03
  110     46     64     1.36556753630076E-07   1.50212428993084E-05
  110     48     62     1.11097492847997E-10   1.22207242132797E-08
  111     41     70     3.55342022464393E-20   3.94429644935476E-18
  111     42     69     5.43490634439903E-19   6.03274604228292E-17
  111     43     68     1.04765503454670E-18   1.16289708834684E-16
  111     44     67     6.68623610431173E-18   7.42172207578602E-16
  111     45     66     3.46942669012397E-17   3.85106362603761E-15
  111     46     65     4.41572675129146E-15   4.90145669393352E-13
  111     47     64     2.05330919822329E-12   2.27917321002785E-10
  111     48     63     3.66267792335663E-05   4.06557249492586E-03
  112     42     70     2.52690019616611E-19   2.83012821970604E-17
  112     43     69     1.11002992889968E-18   1.24323352036764E-16
  112     44     68     6.84612997806859E-18   7.66766557543682E-16
  112     45     67     1.96842185103284E-05   2.20463247315678E-03
  112     46     66     5.38784113953916E-20   6.03438207628386E-18
  112     48     64     2.36066111745741E-07   2.64394045155230E-05
  113     42     71     1.06927451612728E-19   1.20828020322383E-17
  113     43     70     6.14882789843550E-19   6.94817552523211E-17
  113     44     69     4.01551036014169E-18   4.53752670696011E-16
  113     45     68     1.40877289300050E-17   1.59191336909057E-15
  113     46     67     4.67915867625726E-16   5.28744930417070E-14
  113     47     66     9.71401603380048E-14   1.09768381181945E-11
  113     48     65     3.07323626494797E-05   3.47275697939121E-03
  114     42     72     3.80955786766520E-20   4.34289596913833E-18
  114     43     71     6.27737902248786E-19   7.15621208563615E-17
  114     44     70     2.22649855128399E-18   2.53820834846375E-16
  114     45     69     8.04596310152805E-18   9.17239793574198E-16
  114     46     68     6.30683606955232E-16   7.18979311928965E-14
  114     47     67     2.00078446719807E-17   2.28089429260580E-15
  114     48     66     2.66952901808194E-05   3.04326308061341E-03
  115     42     73     1.07428528670911E-20   1.23542807971548E-18
  115     43     72     1.85995365122337E-19   2.13894669890688E-17
  115     44     71     1.33253080570273E-18   1.53241042655814E-16
  115     45     70     4.41517350291668E-18   5.07744952835418E-16
  115     46     69     1.11579360170749E-16   1.28316264196361E-14
  115     47     68     5.35591702040835E-15   6.15930457346960E-13
  115     48     67     8.59860714555429E-13   9.88839821738743E-11
  115     49     66     2.66375289324690E-05   3.06331582723393E-03
  115     50     65     5.70061075855439E-20   6.55570237233755E-18
  116     43     73     6.58881006482066E-20   7.64301967519197E-18
  116     44     72     7.81970314496119E-19   9.07085564815498E-17
  116     45     71     3.14547006698173E-18   3.64874527769881E-16
  116     46     70     5.53638036648178E-17   6.42220122511886E-15
  116     47     69     1.11197785793461E-15   1.28989431520415E-13
  116     48     68     2.95983700780176E-05   3.43341092905004E-03
  116     50     66     1.82409350517794E-12   2.11594846600641E-10
  117     43     74     3.84841988853385E-20   4.50265126958460E-18
  117     44     73     4.00803256756998E-19   4.68939810405688E-17
  117     45     72     1.91154104763563E-18   2.23650302573368E-16
  117     46     71     1.96691475683066E-17   2.30129026549187E-15
  117     47     70     3.33056680984167E-16   3.89676316751475E-14
  117     48     69     4.09981400534709E-14   4.79678238625610E-12
  117     49     68     1.18515982939241E-14   1.38663700038911E-12
  117     50     67     3.77118130603789E-05   4.41228212806433E-03
  118     44     74     2.06452552873953E-19   2.43614012391264E-17
  118     45     73     1.05007014802289E-18   1.23908277466701E-16
  118     46     72     8.33036511738448E-18   9.82983083851369E-16
  118     47     71     1.65078123207570E-17   1.94792185384933E-15
  118     48     70     1.32597450475874E-14   1.56464991561532E-12
  118     49     69     2.19530948711690E-17   2.59046519479794E-15
  118     50     68     2.72406598178538E-05   3.21439785850674E-03
  119     44     75     8.08197148412337E-20   9.61754606610681E-18
  119     45     74     5.33734317312249E-19   6.35143837601576E-17
  119     46     73     3.53091001426591E-18   4.20178291697643E-16
  119     47     72     1.07248213177959E-17   1.27625373681771E-15
  119     48     71     6.23340740132362E-16   7.41775480757511E-14
  119     49     70     5.57524197870181E-16   6.63453795465515E-14
  119     50     69     3.20996849497853E-05   3.81986250902445E-03
  120     44     76     2.36277285816713E-20   2.83532742980056E-18
  120     45     75     2.77155474361820E-19   3.32586569234184E-17
  120     46     74     1.76882724731478E-18   2.12259269677774E-16
  120     47     73     4.54226315114703E-18   5.45071578137644E-16
  120     48     72     1.87783654574726E-16   2.25340385489671E-14
  120     49     71     1.13852722700177E-17   1.36623267240213E-15
  120     50     70     2.66154694695574E-05   3.19385633634689E-03
  121     45     76     1.55633320576784E-19   1.88316317897909E-17
  121     46     75     7.95039554219520E-19   9.61997860605619E-17
  121     47     74     2.48641127083743E-18   3.00855763771330E-16
  121     48     73     4.31816475134521E-17   5.22497934912770E-15
  121     49     72     7.38891631944525E-17   8.94058874652875E-15
  121     50     71     3.11793551969244E-13   3.77270197882786E-11
  121     51     70     4.30062300073713E-05   5.20375383089192E-03
  122     45     77     3.52340896277201E-20   4.29855893458185E-18
  122     46     76     3.36028824153942E-19   4.09955165467809E-17
  122     47     75     1.38759101366708E-18   1.69286103667384E-16
  122     48     74     1.39552559847604E-17   1.70254123014077E-15
  122     49     73     3.99512997979239E-18   4.87405857534671E-16
  122     50     72     2.19272678784596E-05   2.67512668117207E-03
  122     52     70     5.92915224000947E-11   7.23356573281155E-09
  123     46     77     1.92135746464660E-19   2.36326968151532E-17
  123     47     76     6.53507210616899E-19   8.03813869058785E-17
  123     48     75     4.86323315731419E-18   5.98177678349646E-16
  123     49     74     1.42985198714672E-17   1.75871794419046E-15
  123     50     73     2.79377007948409E-06   3.43633719776543E-04
  123     51     72     3.70587844496670E-05   4.55823048730904E-03
  124     46     78     1.82542191450018E-20   2.26352317398022E-18
  124     47     77     2.75434991614312E-19   3.41539389601747E-17
  124     48     76     2.39521527550313E-18   2.97006694162388E-16
  124     49     75     6.00666611334354E-18   7.44826598054599E-16
  124     50     74     2.67585355425560E-05   3.31805840727694E-03
  124     51     73     1.54929382258948E-15   1.92112434001096E-13
  124     52     72     4.54890451264308E-13   5.64064159567743E-11
  125     46     79     2.28702533852901E-20   2.85878167316126E-18
  125     47     78     1.66347410826398E-19   2.07934263532998E-17
  125     48     77     1.02807288038780E-18   1.28509110048475E-16
  125     49     76     3.65372700121259E-18   4.56715875151574E-16
  125     50     75     1.31013351438133E-12   1.63766689297666E-10
  125     51     74     6.22697113521387E-05   7.78371391901733E-03
  125     52     73     2.46845367969443E-05   3.08556709961804E-03
  126     47     79     5.39296282435954E-20   6.79513315869301E-18
  126     48     78     5.96708367520139E-19   7.51852543075375E-17
  126     49     77     1.93464090166395E-18   2.43764753609658E-16
  126     50     76     1.02885551913129E-04   1.29635795410542E-02
  126     51     75     1.51640572670859E-11   1.91067121565282E-09
  126     52     74     4.26353185263944E-10   5.37205013432570E-08
  127     47     80     2.11550757710609E-20   2.68669462292473E-18
  127     48     79     2.97792499317773E-19   3.78196474133571E-17
  127     49     78     1.13150523668587E-18   1.43701165059106E-16
  127     50     77     7.91729959137628E-15   1.00549704810479E-12
  127     51     76     3.50897676156336E-13   4.45640048718546E-11
  127     52     75     3.55349806603171E-14   4.51294254386027E-12
  127     53     74     1.15845518294184E-04   1.47123808233614E-02
  128     48     80     1.35861928824597E-19   1.73903268895484E-17
  128     49     79     7.22254649737281E-19   9.24485951663719E-17
  128     50     78     3.17820965392426E-15   4.06810835702305E-13
  128     51     77     2.91171416760064E-14   3.72699413452882E-12
  128     52     76     9.74423348950375E-05   1.24726188665648E-02
  128     54     74     3.95574301933139E-15   5.06335106474418E-13
  129     48     81     8.01888158147719E-20   1.03443572401056E-17
  129     49     80     4.44374818572215E-19   5.73243515958157E-17
  129     50     79     1.12872560135830E-16   1.45605602575221E-14
  129     51     78     1.33572474187136E-14   1.72308491701406E-12
  129     52     77     3.53396136748203E-15   4.55881016405182E-13
  129     53     76     1.12265852600687E-04   1.44822949854887E-02
  129     54     75     6.78666038609166E-12   8.75479189805825E-10
  130     48     82     1.62391830729147E-20   2.11109379947891E-18
  130     49     81     1.66116087275419E-19   2.15950913458045E-17
  130     50     80     1.86332361082262E-16   2.42232069406940E-14
  130     51     79     2.01806933834384E-15   2.62349013984699E-13
  130     52     78     6.90562398540833E-05   8.97731118103083E-03
  130     53     77     1.74730566960005E-20   2.27149737048006E-18
  130     54     76     8.29981311766174E-12   1.07897570529603E-09
  131     49     82     1.14678591755023E-19   1.50228955199080E-17
  131     50     81     4.98334854344130E-17   6.52818659190810E-15
  131     51     80     1.32331452723392E-15   1.73354203067643E-13
  131     52     79     1.44002709876228E-15   1.88643549937859E-13
  131     53     78     6.73445886920090E-13   8.82214111865318E-11
  131     54     77     9.61086017494522E-05   1.25902268291782E-02
  132     49     83     4.72651321169022E-20   6.23899743943109E-18
  132     50     82     3.83219520235476E-17   5.05849766710829E-15
  132     51     81     1.98693629674314E-16   2.62275591170094E-14
  132     52     80     3.33481536075368E-13   4.40195627619486E-11
  132     53     79     9.94575392761587E-15   1.31283951844529E-12
  132     54     78     1.18960800625278E-04   1.57028256825367E-02
  133     49     84     1.68561628101637E-20   2.24186965375178E-18
  133     50     83     1.06344945505255E-18   1.41438777521990E-16
  133     51     82     1.91014435593698E-16   2.54049199339619E-14
  133     52     81     1.09115519237309E-15   1.45123640585620E-13
  133     53     80     1.09294657732930E-13   1.45361894784797E-11
  133     54     79     6.65311842043308E-13   8.84864749917600E-11
  133     55     78     5.60502722329546E-05   7.45468620698297E-03
  134     50     84     5.76922887802103E-19   7.73076669654819E-17
  134     51     83     1.13733764020591E-18   1.52403243787592E-16
  134     52     82     4.86578577140523E-15   6.52015293368300E-13
  134     53     81     6.11992178982763E-15   8.20069519836903E-13
  134     54     80     1.06224074843538E-04   1.42340260290340E-02
  134     55     79     7.75469615199625E-14   1.03912928436750E-11
  134     56     78     4.51380091729481E-14   6.04849322917505E-12
  135     50     85     1.59836950207362E-19   2.15779882779938E-17
  135     51     84     2.46599328872504E-18   3.32909093977881E-16
  135     52     83     3.59035789399060E-17   4.84698315688731E-15
  135     53     82     4.62438796774038E-14   6.24292375644951E-12
  135     54     81     6.42374083390662E-14   8.67205012577394E-12
  135     55     80     5.12000851570079E-05   6.91201149619607E-03
  135     56     79     2.10775443918925E-11   2.84546849290548E-09
  136     50     86     3.08460328877095E-20   4.19506047272850E-18
  136     51     85     1.10899356066492E-18   1.50823124250429E-16
  136     52     84     4.43739085317521E-17   6.03485156031828E-15
  136     53     83     2.24557685394761E-16   3.05398452136875E-14
  136     54     82     1.28627699995717E-04   1.74933671994176E-02
  136     55     81     7.45348397154612E-18   1.01367382013027E-15
  136     56     80     1.18993086498914E-11   1.61830597638523E-09
  137     51     86     3.70710634706481E-19   5.07873569547879E-17
  137     52     85     5.86869476874030E-18   8.04011183317421E-16
  137     53     84     7.04394042781824E-17   9.65019838611099E-15
  137     54     83     6.53485997049693E-16   8.95275815958079E-14
  137     55     82     6.00757561313009E-05   8.23037858998822E-03
  137     56     81     1.92570671621953E-06   2.63821820122075E-04
  138     51     87     1.25296168924516E-19   1.72908713115832E-17
  138     52     86     2.89172969487937E-18   3.99058697893354E-16
  138     53     85     1.90886252247991E-17   2.63423028102228E-15
  138     54     84     2.79856742637428E-15   3.86202304839650E-13
  138     55     83     6.62526411372249E-15   9.14286447693704E-13
  138     56     82     7.49930389853300E-05   1.03490393799755E-02
  138     57     81     1.23862524172313E-16   1.70930283357792E-14
  139     51     88     1.12285930698559E-20   1.56077443670997E-18
  139     52     87     9.23578787350032E-19   1.28377451441654E-16
  139     53     86     7.80695079712127E-18   1.08516616079986E-15
  139     54     85     1.46680161214812E-16   2.03885424088588E-14
  139     55     84     2.05721369530262E-15   2.85952703647064E-13
  139     56     83     1.84278409008993E-14   2.56146988522500E-12
  139     57     82     1.62075159832195E-05   2.25284472166751E-03
  140     52     88     2.51406204675449E-19   3.51968686545629E-17
  140     53     87     2.85467753705882E-18   3.99654855188235E-16
  140     54     86     6.02214995874231E-17   8.43100994223924E-15
  140     55     85     2.84354766793148E-16   3.98096673510407E-14
  140     56     84     5.00858142390783E-12   7.01201399347096E-10
  140     57     83     6.61919277805751E-13   9.26686988928051E-11
  140     58     82     7.35484622803122E-05   1.02967847192437E-02
  141     52     89     7.12794006895396E-20   1.00503954972251E-17
  141     53     88     1.11162901680335E-18   1.56739691369272E-16
  141     54     87     8.00051024138502E-18   1.12807194403529E-15
  141     55     86     1.18796505909533E-16   1.67503073332441E-14
  141     56     85     5.27328925408715E-15   7.43533784826288E-13
  141     57     84     6.76102785392766E-14   9.53304927403800E-12
  141     58     83     1.88794416640208E-09   2.66200127462694E-07
  141     59     82     6.19778106223080E-05   8.73887129774543E-03
  142     53     89     3.47015511454159E-19   4.92762026264906E-17
  142     54     88     4.65773195192375E-18   6.61397937173172E-16
  142     55     87     7.29632325887510E-18   1.03607790276026E-15
  142     56     86     2.81412336790472E-15   3.99605518242470E-13
  142     57     85     2.42058798563714E-14   3.43723493960474E-12
  142     58     84     4.40741783407954E-05   6.25853332439295E-03
  142     60     82     6.25976353842338E-16   8.88886422456120E-14
  143     53     90     6.57438050594984E-20   9.40136412350827E-18
  143     54     89     1.62061571192458E-18   2.31748046805214E-16
  143     55     88     8.01007177962446E-18   1.14544026448630E-15
  143     56     87     6.67079808963025E-17   9.53924126817126E-15
  143     57     86     4.07588610038543E-15   5.82851712355116E-13
  143     58     85     5.70460998228404E-13   8.15759227466617E-11
  143     59     84     5.72632636218695E-12   8.18864669792734E-10
  143     60     83     4.56783530375785E-05   6.53200448437373E-03
  144     53     91     2.36060595838409E-20   3.39927258007309E-18
  144     54     90     8.66683194387334E-19   1.24802379991776E-16
  144     55     89     4.36558736636315E-18   6.28644580756294E-16
  144     56     88     5.84043886090359E-17   8.41023195970117E-15
  144     57     87     1.99891514356050E-16   2.87843780672712E-14
  144     58     86     1.26189426273602E-05   1.81712773833986E-03
  144     59     85     5.33490840439411E-10   7.68226810232752E-08
  144     60     84     2.98624591316556E-05   4.30019411495840E-03
  145     54     91     2.23542398978392E-19   3.24136478518668E-17
  145     55     90     2.24663055748813E-18   3.25761430835779E-16
  145     56     89     1.88664695614505E-17   2.73563808641032E-15
  145     57     88     1.09094926052496E-16   1.58187642776120E-14
  145     58     87     7.96231176697118E-16   1.15453520621082E-13
  145     59     86     9.46132779969032E-14   1.37189253095510E-11
  145     60     85     4.60447158918826E-05   6.67648380432297E-03
  146     54     92     6.68037792789346E-20   9.75335177472446E-18
  146     55     91     8.99258907240537E-19   1.31291800457118E-16
  146     56     90     9.53114169411466E-18   1.39154668734074E-15
  146     57     89     2.75459923383286E-17   4.02171488139597E-15
  146     58     88     3.56487636460173E-15   5.20471949231853E-13
  146     59     87     6.37386204907809E-15   9.30583859165402E-13
  146     60     86     4.79603021497746E-05   7.00220411386709E-03
  147     54     93     1.25513044189107E-20   1.84504174957987E-18
  147     55     92     3.77524836827527E-19   5.54961510136464E-17
  147     56     91     3.02939056684312E-18   4.45320413325939E-16
  147     57     90     1.50838462118460E-17   2.21732539314137E-15
  147     58     89     2.10064131062072E-16   3.08794272661245E-14
  147     59     88     2.99458713290206E-15   4.40204308536602E-13
  147     60     87     3.59426260930544E-12   5.28356603567900E-10
  147     61     86     3.45251718853911E-05   5.07520026715249E-03
  147     62     85     1.44599188414078E-05   2.12560806968695E-03
  148     55     93     1.04811614657621E-19   1.55121189693279E-17
  148     56     92     1.66142339606426E-18   2.45890662617511E-16
  148     57     91     4.34465657503667E-18   6.43009173105427E-16
  148     58     90     1.96835849100076E-16   2.91317056668112E-14
  148     59     89     4.81560983907508E-16   7.12710256183112E-14
  148     60     88     4.29872531216990E-05   6.36211346201145E-03
  148     62     86     7.74465263333624E-13   1.14620858973376E-10
  149     55     94     1.83740538448681E-20   2.73773402288535E-18
  149     56     93     6.00061345052009E-19   8.94091404127493E-17
  149     57     92     3.12035379088670E-18   4.64932714842118E-16
  149     58     91     1.64525660101934E-17   2.45143233551881E-15
  149     59     90     4.22338754468269E-16   6.29284744157721E-14
  149     60     89     1.93179130177062E-14   2.87836903963823E-12
  149     61     88     5.95163934213706E-13   8.86794261978422E-11
  149     62     87     4.22204190703863E-05   6.29084244148756E-03
  150     56     94     2.59644076537401E-19   3.89466114806102E-17
  150     57     93     2.02407060624613E-18   3.03610590936919E-16
  150     58     92     1.06880157532845E-17   1.60320236299268E-15
  150     59     91     1.65832656286556E-17   2.48748984429834E-15
  150     60     90     3.88247839707094E-05   5.82371759560641E-03
  150     62     88     2.31812972505928E-09   3.47719458758891E-07
  151     56     95     7.43055928672639E-20   1.12201445229569E-17
  151     57     94     9.99262242595893E-19   1.50888598631980E-16
  151     58     93     4.19872001091814E-18   6.34006721648638E-16
  151     59     92     4.56717713780059E-17   6.89643747807889E-15
  151     60     91     1.80287651345017E-15   2.72234353530976E-13
  151     61     90     2.46938973036045E-13   3.72877849284427E-11
  151     62     89     4.76460242467401E-05   7.19454966125776E-03
  151     63     88     5.03256149938600E-07   7.59916786407286E-05
  152     56     96     1.23921661112015E-20   1.88360924890263E-18
  152     57     95     3.36275686371192E-19   5.11139043284212E-17
  152     58     94     2.13154095433287E-18   3.23994225058597E-16
  152     59     93     5.78238485683053E-18   8.78922498238240E-16
  152     60     92     1.10878025428255E-15   1.68534598650947E-13
  152     61     91     4.00395663725864E-16   6.08601408863313E-14
  152     62     90     3.20202196448601E-05   4.86707338601874E-03
  152     63     89     2.29956911475978E-18   3.49534505443487E-16
  152     64     88     4.65754872363107E-20   7.07947405991922E-18
  153     57     96     6.59718336977056E-20   1.00936905557489E-17
  153     58     95     1.32627292406445E-18   2.02919757381861E-16
  153     59     94     5.72090098084180E-18   8.75297850068795E-16
  153     60     93     4.24518102458457E-17   6.49512696761439E-15
  153     61     92     4.23186336466520E-16   6.47475094793776E-14
  153     62     91     2.25023458566553E-13   3.44285891606827E-11
  153     63     90     3.35913915892704E-05   5.13948291315837E-03
  154     57     97     1.92052928617148E-20   2.95761510070409E-18
  154     58     96     3.58242332927020E-19   5.51693192707611E-17
  154     59     95     2.38160576241357E-18   3.66767287411690E-16
  154     60     94     2.74601021952951E-17   4.22885573807544E-15
  154     61     93     1.70730421740843E-16   2.62924849480898E-14
  154     62     92     2.93130693869538E-05   4.51421268559088E-03
  154     63     91     3.10401858553888E-11   4.78018862172987E-09
  154     64     90     3.62486802490942E-12   5.58229675836050E-10
  155     58     97     1.78254861434688E-19   2.76295035223766E-17
  155     59     96     6.52721013168171E-19   1.01171757041066E-16
  155     60     95     7.47429267176638E-18   1.15851536412379E-15
  155     61     94     3.49012629758974E-17   5.40969576126410E-15
  155     62     93     1.12696207227164E-15   1.74679121202105E-13
  155     63     92     2.98675760950231E-05   4.62947429472859E-03
  155     64     91     6.59523297212302E-06   1.02226111067907E-03
  156     58     98     3.45236290589148E-20   5.38568613319070E-18
  156     59     97     3.90237196964254E-19   6.08770027264237E-17
  156     60     96     3.10496693526994E-18   4.84374841902111E-16
  156     61     95     3.67278594749269E-05   5.72954607808859E-03
  156     62     94     5.71718278376007E-19   8.91880514266570E-17
  156     63     93     3.99620874866049E-17   6.23408564791036E-15
  156     64     92     4.95678652842315E-08   7.73258698434011E-06
  157     59     98     8.51121439697686E-20   1.33626066032537E-17
  157     60     97     9.36087044429459E-19   1.46965665975425E-16
  157     61     96     4.34644348069602E-18   6.82391626469275E-16
  157     62     95     1.97715763335245E-16   3.10413748436335E-14
  157     63     94     2.24184378201669E-14   3.51969473776621E-12
  157     64     93     4.30609330745033E-05   6.76056649269702E-03
  158     59     99     3.13498676987723E-20   4.95327909640603E-18
  158     60     98     2.58698099515246E-19   4.08742997234088E-17
  158     61     97     1.32912051404518E-18   2.10001041219138E-16
  158     62     96     8.82886143224325E-17   1.39496010629443E-14
  158     63     95     7.63548383983285E-16   1.20640644669359E-13
  158     64     94     4.28202352339126E-05   6.76559716695820E-03
  159     60     99     1.53908629524304E-19   2.44714720943644E-17
  159     61     98     2.86053881592242E-19   4.54825671731665E-17
  159     62     97     2.20613269392652E-18   3.50775098334317E-16
  159     63     96     2.10945032580508E-16   3.35402601803008E-14
  159     64     95     1.28851083064150E-14   2.04873222071998E-12
  159     65     94     4.44012460068073E-05   7.05979811508237E-03
  160     60    100     3.72951313585836E-20   5.96722101737338E-18
  160     61     99     3.77376848605474E-19   6.03802957768758E-17
  160     62     98     1.25175104880253E-18   2.00280167808405E-16
  160     63     97     4.95615439044667E-18   7.92984702471467E-16
  160     64     96     4.01015131898544E-05   6.41624211037671E-03
  160     65     95     1.92820033373950E-13   3.08512053398319E-11
  160     66     94     2.18834441399312E-11   3.50135106238899E-09
  161     60    101     1.45310549030728E-20   2.33949983939472E-18
  161     61    100     1.09469074412978E-19   1.76245209804895E-17
  161     62     99     4.16804556164565E-19   6.71055335424950E-17
  161     63     98     2.26740026085544E-18   3.65051441997727E-16
  161     64     97     1.91859128377326E-17   3.08893196687495E-15
  161     65     96     5.24444575430748E-14   8.44355766443504E-12
  161     66     95     4.11429283441933E-05   6.62401146341513E-03
  162     61    101     4.40375676615520E-20   7.13408596117142E-18
  162     62    100     1.23324714528448E-19   1.99786037536085E-17
  162     63     99     5.57641339695964E-19   9.03378970307461E-17
  162     64     98     2.65149832037483E-17   4.29542727900723E-15
  162     65     97     2.39900453143917E-17   3.88638734093145E-15
  162     66     96     3.74683586987242E-05   6.06987410919333E-03
  163     62    101     7.37527315490216E-20   1.20216952424905E-17
  163     63    100     2.59355731129969E-19   4.22749841741850E-17
  163     64     99     2.29138308047339E-18   3.73495442117162E-16
  163     65     98     3.94261947783262E-17   6.42646974886718E-15
  163     66     97     3.96401563911050E-05   6.46134549175011E-03
  164     62    102     1.82125221825830E-20   2.98685363794362E-18
  164     63    101     7.89463161808353E-20   1.29471958536570E-17
  164     64    100     8.52326062816052E-19   1.39781474301833E-16
  164     65     99     3.40937401545178E-18   5.59137338534092E-16
  164     66     98     3.47713012255085E-05   5.70249340098339E-03
  165     63    102     2.43612926249644E-20   4.01961328311913E-18
  165     64    101     1.14245587945250E-19   1.88505220109662E-17
  165     65    100     1.40869057196748E-18   2.32433944374634E-16
  165     66     99     9.31873595184288E-17   1.53759143205408E-14
  165     67     98     2.43120994300003E-05   4.01149640595004E-03
  166     63    103     1.53496939587395E-20   2.54804919715075E-18
  166     64    102     3.15822901810411E-20   5.24266017005281E-18
  166     65    101     1.65154150774225E-19   2.74155890285213E-17
  166     66    100     1.94485364379200E-15   3.22845704869473E-13
  166     67     99     6.40070783193140E-16   1.06251750010061E-13
  166     68     98     2.41123344927155E-05   4.00264752579077E-03
  167     64    103     2.13033185156323E-20   3.55765419211060E-18
  167     65    102     7.15849814248421E-20   1.19546918979486E-17
  167     66    101     1.37268689310776E-18   2.29238711148995E-16
  167     67    100     3.98596437685141E-17   6.65656050934185E-15
  167     68     99     2.91649427551484E-05   4.87054544010979E-03
  168     65    103     1.22240144902045E-20   2.05363443435436E-18
  168     66    102     7.78191890277790E-19   1.30736237566669E-16
  168     67    101     2.66852575407438E-19   4.48312326684496E-17
  168     68    100     1.92337829612803E-05   3.23127553749509E-03
  169     66    103     3.08153825712100E-20   5.20779965453449E-18
  169     67    102     2.23609013004576E-19   3.77899231977734E-17
  169     68    101     6.50237216030524E-16   1.09890089509159E-13
  169     69    100     1.65630557081696E-05   2.79915641468066E-03
  170     67    103     6.31408358330511E-20   1.07339420916187E-17
  170     68    102     1.87031626275028E-05   3.17953764667548E-03
  170     69    101     1.06873560236309E-13   1.81685052401725E-11
  170     70    100     1.45217809448830E-12   2.46870276063012E-10
  171     68    103     4.07383391125659E-18   6.96625598824876E-16
  171     69    102     1.03890056320944E-05   1.77651996308814E-03
  171     70    101     6.62245012807613E-06   1.13243897190102E-03
  172     70    102     1.80347698106229E-05   3.10198040742713E-03
  173     70    103     1.50744283234586E-05   2.60787609995834E-03
  174     70    104     2.54232579668970E-05   4.42364688624007E-03
  175     71    104     1.50492703129195E-05   2.63362230476091E-03
  176     70    106     1.65178880202126E-05   2.90714829155741E-03
  176     71    105     6.68480319066300E-13   1.17652536155669E-10
  177     69    108     1.39234937210616E-05   2.46445838862790E-03
  177     72    105     3.36235160202787E-09   5.95136233558932E-07
  178     69    109     1.55344114758941E-05   2.76512524270915E-03
  178     72    106     1.22144483267256E-12   2.17417180215715E-10
  179     72    107     7.88640373744208E-06   1.41166626900213E-03
  180     72    108     6.62659667336516E-06   1.19278740120573E-03
  181     70    111     4.86169388179514E-06   8.79966592604920E-04
  181     72    109     1.26604861519339E-12   2.29154799350004E-10
  181     73    108     3.91075423739439E-09   7.07846516968385E-07
  182     72    110     3.68908266038654E-06   6.71413044190351E-04
  182     73    109     1.23637999026700E-13   2.25021158228594E-11
  182     74    108     2.69516251875687E-13   4.90519578413750E-11
  183     74    109     2.49557600481517E-06   4.56690408881175E-04
  184     74    110     3.58319418488311E-06   6.59307730018492E-04
  185     74    111     4.51567856805711E-08   8.35400535090565E-06
  185     75    110     4.29895878596326E-06   7.95307375403204E-04
  186     74    112     6.26623899863915E-06   1.16552045374688E-03
  186     76    110     1.79934998359476E-15   3.34679096948626E-13
  187     75    112     8.39684928037110E-06   1.57021081542940E-03
  187     76    111     1.82990253617653E-16   3.42191774265011E-14
  188     74    114     1.56487541134059E-07   2.94196577332030E-05
  188     75    113     1.60444362540500E-09   3.01635401576140E-07
  188     76    112     2.10990856747838E-05   3.96662810685936E-03
  189     76    113     5.21815874685433E-05   9.86232003155469E-03
  190     76    114     6.46177066400838E-05   1.22773642616159E-02
  191     74    117     1.01215972568558E-04   1.93322507605946E-02
  191     76    115     3.33316015330024E-18   6.36633589280347E-16
  191     77    114     7.03734764971006E-09   1.34413340109462E-06
  192     76    116     1.71967553857682E-04   3.30177703406750E-02
  192     77    115     2.18561414885341E-18   4.19637916579854E-16
  192     78    114     2.14468758349808E-16   4.11780016031631E-14
  193     75    118     3.44940639886483E-04   6.65735434980911E-02
  193     77    116     1.18447167162509E-07   2.28603032623642E-05
  194     75    119     2.68810312930598E-04   5.21492007085359E-02
  194     76    118     6.08476497252152E-11   1.18044440466918E-08
  194     77    117     2.23515516222560E-14   4.33620101471766E-12
  194     78    116     1.06230031635981E-11   2.06086261373804E-09
  195     78    117     4.45744396763658E-04   8.69201573689133E-02
  196     78    118     1.89145847319033E-04   3.70725860745306E-02
  197     79    118     1.93580268549236E-04   3.81353129041995E-02
  198     78    120     5.35943252887821E-05   1.06116764071788E-02
  198     80    118     5.33578731816608E-11   1.05648588899688E-08
  199     80    119     2.84891703033997E-05   5.66934489037653E-03
  200     77    123     3.60818507755867E-06   7.21637015511735E-04
  200     80    120     3.86026691378107E-08   7.72053382756215E-06
  201     80    121     2.49291826674927E-06   5.01076571616603E-04
  202     80    122     1.00511068302763E-06   2.03032357971581E-04
  203     80    123     7.51242442611359E-10   1.52502215850106E-07
  203     81    122     1.12246167481309E-06   2.27859719987056E-04
  204     80    124     1.40846548516974E-06   2.87326958974627E-04
  204     81    123     3.17908155036422E-15   6.48532636274301E-13
  204     82    122     8.82449415069495E-16   1.80019680674177E-13
  205     81    124     1.86203440778169E-06   3.81717053595246E-04
  206     79    127     1.30628758374394E-06   2.69095242251252E-04
  206     80    126     1.23985522706642E-19   2.55410176775683E-17
  206     81    125     4.34683357916328E-18   8.95447717307636E-16
  206     82    124     2.48775354728099E-07   5.12477230739884E-05
  207     81    126     3.46486507054852E-12   7.17227069603543E-10
  207     82    125     1.60348765828092E-05   3.31921945264151E-03
  208     81    127     1.07791226178909E-12   2.24205750452131E-10
  208     82    126     1.76416866474760E-05   3.66947082267501E-03
  209     81    128     1.80280332956939E-16   3.76785895880003E-14
  209     82    127     7.36382802003082E-13   1.53904005618644E-10
  209     83    126     1.58225745907445E-05   3.30691808946559E-03
  210     81    129     2.40562992598171E-18   5.05182284456160E-16
  210     82    128     9.16202943399506E-06   1.92402618113896E-03
  210     83    127     5.66287814576687E-09   1.18920441061104E-06
  210     84    126     1.44683151028530E-07   3.03834617159914E-05
  211     81    130     2.60296134679337E-06   5.49224844173401E-04
  211     82    129     2.63636380770039E-11   5.56272763424782E-09
  211     83    128     1.55993363013898E-12   3.29145995959324E-10
  211     84    127     1.76073747521426E-17   3.71515607270209E-15
  212     82    130     6.28078901193339E-10   1.33152727052988E-07
  212     83    129     5.95419025767696E-11   1.26228833462752E-08
  213     82    131     5.82559118421565E-20   1.24085092223793E-17
  213     83    130     1.72432828159737E-13   3.67281923980240E-11
  214     82    132     2.49065560589449E-13   5.33000299661421E-11
  214     83    131     1.84128984951694E-13   3.94036027796624E-11
  214     84    130     2.54172296072796E-20   5.43928713595784E-18
  215     83    132     4.43328088994879E-18   9.53155391338991E-16
  215     84    131     2.16373961193388E-17   4.65204016565785E-15
  216     84    132     2.37998899349368E-15   5.14077622594634E-13
  217     85    132     2.03296035317113E-18   4.41152396638136E-16
  218     84    134     2.87611674967254E-14   6.26993451428615E-12
  218     85    133     4.63867649951863E-20   1.01123147689506E-17
  219     85    134     5.61272617175059E-19   1.22918703161338E-16
  219     86    133     4.81103360306047E-14   1.05361635907024E-11
  220     86    134     9.12607481472393E-13   2.00773645923926E-10
  221     86    135     6.49014828981718E-19   1.43432277204960E-16
  221     87    134     1.80184774802198E-14   3.98208352312858E-12
  222     86    136     5.10630286023166E-11   1.13359923497143E-08
  223     87    136     2.20508284352004E-13   4.91733474104969E-11
  223     88    135     1.20026379146359E-08   2.67658825496381E-06
  224     86    138     6.65864673887082E-19   1.49153686950706E-16
  224     87    137     9.09641629207375E-20   2.03759724942452E-17
  224     88    136     5.15412101146647E-09   1.15452310656849E-06
  225     88    137     8.11890397246666E-11   1.82675339380500E-08
  225     89    136     5.43762295364082E-11   1.22346516456919E-08
  226     88    138     7.81342838694124E-06   1.76583481544872E-03
  227     89    138     8.31555212680356E-06   1.88763033278441E-03
  227     90    137     1.92637560886264E-08   4.37287263211819E-06
  228     88    140     7.09034921883822E-06   1.61659962189511E-03
  228     89    139     8.65898121890172E-10   1.97424771790959E-07
  228     90    138     9.96963602358549E-07   2.27307701337749E-04
  229     90    139     1.57328405430941E-05   3.60282048436854E-03
  230     90    140     1.18405030584062E-05   2.72331570343343E-03
  231     90    141     1.18732024159533E-16   2.74270975808520E-14
  231     91    140     1.93216779443370E-05   4.46330760514185E-03
  232     90    142     1.41771466274556E-05   3.28909801756969E-03
  233     91    142     9.20439088221672E-11   2.14462307555650E-08
  233     92    141     2.41567176931301E-05   5.62851522249932E-03
  234     90    144     1.62669619368597E-11   3.80646909322518E-09
  234     91    143     1.90689299644940E-13   4.46212961169160E-11
  234     92    142     1.87321053648681E-05   4.38331265537914E-03
  235     92    143     2.86813825123900E-05   6.74012489041166E-03
  236     92    144     2.42630472145108E-05   5.72607914262456E-03
  237     92    145     2.12424738136733E-18   5.03446629384057E-16
  237     93    144     5.48894088355842E-05   1.30087898940335E-02
  238     92    146     3.55006823572180E-05   8.44916240101788E-03
  238     94    144     5.57161266084230E-13   1.32604381328047E-10
  239     93    146     1.90387540484116E-11   4.55026221757038E-09
  239     94    145     6.63387851783251E-05   1.58549696576197E-02
  240     92    148     2.07118366339012E-16   4.97084079213629E-14
  240     93    147     1.51256268533091E-17   3.63015044479418E-15
  240     94    146     3.24894550939362E-05   7.79746922254470E-03
  241     92    149     4.26181176769224E-05   1.02709663601383E-02
  241     94    147     6.58087836884769E-11   1.58599168689229E-08
  241     95    146     4.48465589028568E-12   1.08080206955885E-09
  242     94    148     1.56683738303607E-05   3.79174646694729E-03
  242     95    147     2.06000896186499E-17   4.98522168771327E-15
  242     96    146     2.40490413612430E-15   5.81986800942082E-13
  243     94    149     4.38144464705225E-16   1.06469104923370E-13
  243     95    148     2.17445935735153E-05   5.28393623836421E-03
  244     93    151     1.89980983961249E-19   4.63553600865448E-17
  244     94    150     1.02858517243464E-05   2.50974782074053E-03
  244     95    149     1.77957733808295E-19   4.34216870492240E-17
  244     96    148     7.04896374651465E-11   1.71994715414958E-08
  245     93    152     1.61372636410612E-05   3.95362959206000E-03
  245     96    149     4.44989742827985E-09   1.09022486992856E-06
  246     93    153     1.23505827047355E-18   3.03824334536492E-16
  246     94    152     9.95864603494220E-14   2.44982692459578E-11
  246     95    151     2.48688600883003E-16   6.11773958172188E-14
  246     96    150     8.18840950697770E-06   2.01434873871651E-03
  246     97    149     4.74557834135818E-13   1.16741227197411E-10
  247     93    154     1.18140738430457E-20   2.91807623923230E-18
  247     94    153     1.50665047963896E-15   3.72142668470824E-13
  247     95    152     1.06078494422793E-17   2.62013881224300E-15
  247     96    151     1.21099516881726E-05   2.99115806697864E-03
  248     94    154     6.17752427111088E-06   1.53202601923550E-03
  248     96    152     2.54887141110273E-11   6.32120109953478E-09
  248     97    151     2.81992012039792E-20   6.99340189858685E-18
  249     94    155     3.12941401461149E-20   7.79224089638262E-18
  249     95    154     1.20604455766817E-05   3.00305094859374E-03
  249     97    152     4.64319682885806E-16   1.15615601038566E-13
  249     98    151     8.58654077588686E-16   2.13804865319583E-13
  250     95    155     4.13903237886364E-06   1.03475809471591E-03
  250     96    154     7.24217813997290E-20   1.81054453499322E-17
  250     98    152     3.48574799951741E-20   8.71436999879352E-18
  251     95    156     9.89355093754687E-06   2.48328128532426E-03
  252     96    156     3.21915607356453E-06   8.11227330538261E-04
  253     96    157     7.50551789471463E-06   1.89889602736280E-03
  254     96    158     1.85504753663879E-06   4.71182074306253E-04
  255     97    158     2.32294466088406E-06   5.92350888525436E-04
  256     97    159     6.18564822540860E-07   1.58352594570460E-04
  257     97    160     4.31106343568898E-07   1.10794330297207E-04
  258     98    160     7.71207055408798E-15   1.98971420295470E-12
  259     98    161     3.31096943306273E-09   8.57541083163247E-07
  260     98    162     3.33701114463912E-10   8.67622897606171E-08
  262     99    163     3.04173176764653E-20   7.96933723123391E-18
