# 1:iteration 2:time[s], 3:T[GK], 4:rho[g/cm3], 5:Ye 
# 6:R[km], 7:Y_n, 8:Y_p, 9:Y_alpha, 10:Y_lights 
# 11:Y_heavies 12:<Z> 13:<A> 14:entropy [kB/baryon] (15:Sn [MeV])
       0  2.3257098374225478E-05   1.0000000009999999E+01   7.4968680708957666E+12   3.4880000000003283E-02   5.0284375932656737E+01   8.7869941962323828E-01   5.9789509265503884E-17   3.8228192592986468E-15   6.5125745210904472E-10   1.0602177224489345E-03   3.9647192816686425E-02   1.1366741059828889E+00   9.0726348276619680E-03
      10  2.3259144374225478E-05   9.9999189665781696E+00   7.4967691823195273E+12   3.4880002647268163E-02   5.0284465813608293E+01   8.7869942302248327E-01   5.9776371451397071E-17   3.8221463473574428E-15   6.5116494446611856E-10   1.0602166502705938E-03   3.9647195720896609E-02   1.1366741029763807E+00   9.0726015874710714E-03
      20  2.5000000000000001E-05   9.9311999999999987E+00   7.4130999999999951E+12   3.4882253908938052E-02   5.0360999999999969E+01   8.7870219758310542E-01   4.9548879574148938E-17   3.2886449989301650E-15   5.7678046464552245E-10   1.0593206502776669E-03   3.9649670010703054E-02   1.1366716759247009E+00   9.0443627484354215E-03
      30  9.4272259071859134E-05   7.3509181674577366E+00   4.9600646701672471E+12   3.4972316778225369E-02   5.3630000789049006E+01   8.7868720864951755E-01   2.3154592778265709E-21   9.3506092565149721E-19   9.6461865202077801E-13   1.0401410011212546E-03   3.9753585917358822E-02   1.1367158249610783E+00   7.6645010573760889E-03
      40  1.0734369015802389E-04   6.9839641168297133E+00   4.6435087950018613E+12   3.4989517126379141E-02   5.4292956347120587E+01   8.7866650049772810E-01   3.2893899660836839E-21   1.7390699779768890E-19   2.6350617957760354E-13   1.0391395917623105E-03   3.9774119355207554E-02   1.1367438770745786E+00   7.4456720368796525E-03
      50  1.0734369220877759E-04   6.9839640598600905E+00   4.6435087517452246E+12   3.4989517129095177E-02   5.4292956452161121E+01   8.7866652116847554E-01   3.2909235215345185E-21   1.7418157639735520E-19   2.6443439374768287E-13   1.0391395917623105E-03   3.9774118423708767E-02   1.1367438503641136E+00   7.4456719997665457E-03
      60  1.0734427727789661E-04   6.9839478067465821E+00   4.6434964109180684E+12   3.4989517903965282E-02   5.4292986419676623E+01   8.7866652240745058E-01   3.4035390294569143E-21   2.8685130736695472E-19   4.7695081160679869E-13   1.0391395917623255E-03   3.9774119248510195E-02   1.1367438487628518E+00   7.4456613519665871E-03
      70  1.0768261379619936E-04   6.9745547055893979E+00   4.6363795928828320E+12   3.4989965981824536E-02   5.4310318946120006E+01   8.7866617977053563E-01   3.5739343339418233E-21   5.7203885444396375E-19   7.9080919272746368E-13   1.0391395917637132E-03   3.9774644090088497E-02   1.1367442915134969E+00   7.4394982580915413E-03
      80  1.0942442205107780E-04   6.9264042888740267E+00   4.6003075397464307E+12   3.4992272273589441E-02   5.4399637055713193E+01   8.7866442199663486E-01   3.5920135340907942E-21   5.7074428309722997E-19   7.8704749535554801E-13   1.0391395917443045E-03   3.9777345234770500E-02   1.1367465628888320E+00   7.4076454301656670E-03
      90  1.1396268568481175E-04   6.8031262071595693E+00   4.5094207340914033E+12   3.4998277546482534E-02   5.4633045040532849E+01   8.7865989383279142E-01   3.6531150339586822E-21   5.8141693390283824E-19   7.8613608851434606E-13   1.0391395917353919E-03   3.9784376493183816E-02   1.1367524141773364E+00   7.3249904827655758E-03
     100  1.2444421179922557E-04   6.5376325767206165E+00   4.2989993894620410E+12   3.5012126852911427E-02   5.5175956339223738E+01   8.7864979448660163E-01   3.9445135048164997E-21   6.8030858208883271E-19   8.2147592543846380E-13   1.0391395919095916E-03   3.9800576654467630E-02   1.1367654647835268E+00   7.1536081901787101E-03
     110  1.3590986262205709E-04   6.2867159792428966E+00   4.0400509765608384E+12   3.5027244725179679E-02   5.5777688174612720E+01   8.7863959467797803E-01   4.4729381202356928E-21   8.9771513418378344E-19   8.9282707100897489E-13   1.0391395919770873E-03   3.9818223813507594E-02   1.1367786454981568E+00   7.0246905554714693E-03
     120  1.5100000000000001E-04   5.9978999999999996E+00   3.7153999999999951E+12   3.5047090882636862E-02   5.6579999999999956E+01   8.7862762248204207E-01   5.3207673398595402E-21   1.3446573778407390E-18   1.0048528243498305E-12   1.0391395918166154E-03   3.9841326731467640E-02   1.1367941169366897E+00   6.8940345989052087E-03
     130  1.7021620539569006E-04   5.6787993786193249E+00   3.4109328902809390E+12   3.5072279810120476E-02   5.7573220371043973E+01   8.7861401059798760E-01   6.3930819013859887E-21   2.1660687811397914E-18   1.1458330425593635E-12   1.0391395917512371E-03   3.9870578309768805E-02   1.1368117078422983E+00   6.7187107983637277E-03
     140  1.8714598479707050E-04   5.4099460765038483E+00   3.1646843124781616E+12   3.5094394000176790E-02   5.8484944498693480E+01   8.7860445473820725E-01   7.4696620206251221E-21   3.4608345275792377E-18   1.2837979300086176E-12   1.0391395918960484E-03   3.9896151380323382E-02   1.1368240574101354E+00   6.5648361557408665E-03
     150  2.0583987734675382E-04   5.1374896779812751E+00   2.8922341680605371E+12   3.5118724495524126E-02   5.9524873244128486E+01   8.7859734089512143E-01   8.8604987387619262E-21   6.2641187329155270E-18   1.4534363836338518E-12   1.0391395920028054E-03   3.9924133746724641E-02   1.1368332511837169E+00   6.4267095177516845E-03
     160  2.2697948302124457E-04   4.8867492967471255E+00   2.5706672038141182E+12   3.5146117720579170E-02   6.0721826686729585E+01   8.7859409198462513E-01   1.0761005058055624E-20   1.3162362792852289E-17   1.6645757466003603E-12   1.0391395919416421E-03   3.9955422849953355E-02   1.1368374500313940E+00   6.3611716695773247E-03
     170  2.3706676884423307E-04   4.7617849678112680E+00   2.4499188417469141E+12   3.5159142072306360E-02   6.1297995982309274E+01   8.7859354705566062E-01   1.1667526603523484E-20   1.9028832922832750E-17   1.7674060959665510E-12   1.0391395921885765E-03   3.9970254182142825E-02   1.1368381543106907E+00   6.3000917822305111E-03
     180  2.6191165046666375E-04   4.4729030119747728E+00   2.1904587961523899E+12   3.5191082524032337E-02   6.2738915938482187E+01   8.7859535891224394E-01   1.3993773884762772E-20   4.9370589926240445E-17   2.0284036972681046E-12   1.0391395921867626E-03   4.0006482901459278E-02   1.1368358126368807E+00   6.1461430527798592E-03
     190  2.7724616850183530E-04   4.3126098406044386E+00   2.0392072437217798E+12   3.5210692885404522E-02   6.3642955488543201E+01   8.7859887206846943E-01   1.5594389079447247E-20   9.2379242962593049E-17   2.2007157095199953E-12   1.0391395923567710E-03   4.0028616792987227E-02   1.1368312722588676E+00   6.0709536025533540E-03
     200  2.9470316837650317E-04   4.1265476598845598E+00   1.8570647161860552E+12   3.5232912247366757E-02   6.4640451547000396E+01   8.7860661866142242E-01   1.7833570751660300E-20   2.1114643880211562E-16   2.4327969039305774E-12   1.0391395926273180E-03   4.0053523724369183E-02   1.1368212607590882E+00   5.9953760947127691E-03
     210  3.0892183014583009E-04   3.9952592910136144E+00   1.7283900013846306E+12   3.5250920348118747E-02   6.5476185657891378E+01   8.7861311190411140E-01   1.9689490110672190E-20   4.0420435814286622E-16   2.6191329969768169E-12   1.0391395934252362E-03   4.0073699905845694E-02   1.1368128692143264E+00   5.9471495582767231E-03
     220  3.3013134386559762E-04   3.8274580714308879E+00   1.5692969466395671E+12   3.5277629234312054E-02   6.6766839675342268E+01   8.7862186275613829E-01   2.2406571421062108E-20   1.0010879464943858E-15   2.8851343048016464E-12   1.0391395950876329E-03   4.0103663956801018E-02   1.1368015601720147E+00   5.8865618346512164E-03
     230  3.5300000000000002E-04   3.6223999999999994E+00   1.4124999999999995E+12   3.5306211221163494E-02   6.8176000000000002E+01   8.7863409061773534E-01   2.5783384598658992E-20   3.1887096472937406E-15   3.2217212892164285E-12   1.0391396027653263E-03   4.0135598092696463E-02   1.1367857580601077E+00   5.7729035381994644E-03
     240  3.7894954207388969E-04   3.4363665664519720E+00   1.2830771416956130E+12   3.5338365492318773E-02   6.9789701050651274E+01   8.7864411972525913E-01   2.9227668632357268E-20   1.0081271538379154E-14   3.5623019786549834E-12   1.0391396310990872E-03   4.0171692613579391E-02   1.1367727976910380E+00   5.6577348319474859E-03
     250  3.9999815842596916E-04   3.2716075978418155E+00   1.1629399738952488E+12   3.5364229787799517E-02   7.1126306131019120E+01   8.7865476070600179E-01   3.3044133383499260E-20   3.1301315182363916E-14   3.9230164296408927E-12   1.0391397290080502E-03   4.0200608154896691E-02   1.1367590468820907E+00   5.5683404564874665E-03
     260  4.2054771366075577E-04   3.1508539923628298E+00   1.0781643693617184E+12   3.5389289412313465E-02   7.2392949830530753E+01   8.7866082734659334E-01   3.6249935058629784E-20   7.6140563125868435E-14   4.2194681139105535E-12   1.0391399589574266E-03   4.0228817468909474E-02   1.1367512071883987E+00   5.5022222532402423E-03
     270  4.4228007007136074E-04   3.0265469631922408E+00   9.9731482002646643E+11   3.5415595610466949E-02   7.3767908962959652E+01   8.7866624507067070E-01   3.9832200311974424E-20   1.8905448119984702E-13   4.5485011560394013E-12   1.0391406042059282E-03   4.0258473105864535E-02   1.1367442056231523E+00   5.4266935134577206E-03
     280  4.6206286636587217E-04   2.9115230118849484E+00   9.2704060254765991E+11   3.5439367341961930E-02   7.5048897642703636E+01   8.7867050446705375E-01   4.3461829852630957E-20   4.2188461788058785E-13   4.8788609208726242E-12   1.0391421169520011E-03   4.0285300359456946E-02   1.1367386997684812E+00   5.3512784391218935E-03
     290  4.8334082115937928E-04   2.7973709672695843E+00   8.5714281868180518E+11   3.5464753382811125E-02   7.6437768635625787E+01   8.7867365685307186E-01   4.7635932938341059E-20   8.7320392734798408E-13   5.2481818236486860E-12   1.0391454712746922E-03   4.0314013037960332E-02   1.1367346219983421E+00   5.2798527499644306E-03
     300  5.0883407921923913E-04   2.6787639796243394E+00   7.8026862696564978E+11   3.5494926055577379E-02   7.8115495132350034E+01   8.7867541077988409E-01   5.3020903328966432E-20   1.6437312357219646E-12   5.7015524915104579E-12   1.0391520452849639E-03   4.0348230613905522E-02   1.1367323471782158E+00   5.2196333451261382E-03
     310  5.3140254480923315E-04   2.5594464751141888E+00   7.1820795527172998E+11   3.5521424367972794E-02   7.9606502063230366E+01   8.7867627678540083E-01   5.8297871545019275E-20   2.3481312691366651E-12   6.1586741228500849E-12   1.0391604852730421E-03   4.0378311966236390E-02   1.1367312172488777E+00   5.1290183781391111E-03
     320  5.5634387879664358E-04   2.4607919853631075E+00   6.5746120351771826E+11   3.5550481319475163E-02   8.1209119139836702E+01   8.7867490764733691E-01   6.4289882248624277E-20   3.1839094214765450E-12   6.6369977061868550E-12   1.0391714068065112E-03   4.0411404302295180E-02   1.1367329722861561E+00   5.0813818502972660E-03
     330  5.8199995676981651E-04   2.3634542503519107E+00   5.9881305141590515E+11   3.5580132635194148E-02   8.2927080148506491E+01   8.7867240211883413E-01   7.1200661333252391E-20   3.9030830885128226E-12   7.1706450015440105E-12   1.0391834445062230E-03   4.0445224569779670E-02   1.1367361942998975E+00   9.4651613109443533E-03
     340  6.0548489416166593E-04   2.2680813947172331E+00   5.6145424302753210E+11   3.5607068772085221E-02   8.4505366380486137E+01   8.7866881994850587E-01   7.6519156826450128E-20   4.0929298771742203E-12   7.6223516374030190E-12   1.0391948342568195E-03   4.0476008145047898E-02   1.1367408083592323E+00   1.1713966296258593E-02
     350  6.3265691504140224E-04   2.1729586009797242E+00   5.0874660583148584E+11   3.5637992752256681E-02   8.6329699504538070E+01   8.7866398286771796E-01   8.5051835794547285E-20   4.4572143707157540E-12   8.2557713846193319E-12   1.0392081969926793E-03   4.0511382831985382E-02   1.1367470415053167E+00   4.2109795722612940E-02
     360  6.6426273896993959E-04   2.0525935409279734E+00   4.6475633756670801E+11   3.5673646603224217E-02   8.8407023408370748E+01   8.7865681948026775E-01   9.3838168933393049E-20   4.2571929664547542E-12   8.9655222474565933E-12   1.0392238418627255E-03   4.0552241735643313E-02   1.1367562778480680E+00   4.6397742860903451E-02
     370  6.8469526016655836E-04   1.9790400388841505E+00   4.3164421059890466E+11   3.5696522287294120E-02   8.9789850243765997E+01   8.7865177425737806E-01   1.0147131749127766E-19   4.2185511991408840E-12   9.5266780299682867E-12   1.0392339821878049E-03   4.0578478070580834E-02   1.1367627842935371E+00   6.3358988548423464E-02
     380  7.0897372439309922E-04   1.9093168388278245E+00   4.0331219669360455E+11   3.5723524908597218E-02   9.1443636431722183E+01   8.7864465174835427E-01   1.0899425431512072E-19   4.2025629308103819E-12   1.0079771473970447E-11   1.0392460427615211E-03   4.0609501887801845E-02   1.1367719726988106E+00   7.5812687005584870E-02
     390  7.3291576736874244E-04   1.8305210469935613E+00   3.6929807734051703E+11   3.5749968677266195E-02   9.3065787584013009E+01   8.7863748050807677E-01   1.1945777600779007E-19   4.2110880634752913E-12   1.0811917815997251E-11   1.0392579442653131E-03   4.0639893172067176E-02   1.1367812244324353E+00   9.7845283642710751E-02
     400  7.6551020845752658E-04   1.7372530170136011E+00   3.3840687781601611E+11   3.5785672697372539E-02   9.5258696873814344E+01   8.7862629312592810E-01   1.3080412793819041E-19   4.2183370691942793E-12   1.1640591929467050E-11   1.0392741552911412E-03   4.0680997446938927E-02   1.1367956607985976E+00   1.0567235345968264E-01
     410  7.8835730192666992E-04   1.6746645423033761E+00   3.1648686138881415E+11   3.5810503079273887E-02   9.6764484966316047E+01   8.7861798079617781E-01   1.4010726108776919E-19   4.4313329697699122E-12   1.2289117097343667E-11   1.0392855206435266E-03   4.0709608673539406E-02   1.1368063882697979E+00   1.1620821024210566E-01
     420  8.1626088047500787E-04   1.5876061145424842E+00   2.8717751207685773E+11   3.5840614570246697E-02   9.8662502249246018E+01   8.7860752987751245E-01   1.5465817934027577E-19   5.0943517025942534E-12   1.3283111926354015E-11   1.0392994004740923E-03   4.0744323035775465E-02   1.1368198765131883E+00   1.3130940950638698E-01
     430  8.4894774914779595E-04   1.5052953448888917E+00   2.6282236089588605E+11   3.5875586895372222E-02   1.0090725192439571E+02   8.7859416772460619E-01   1.6909176445037483E-19   6.3861343557598861E-12   1.4273194902169951E-11   1.0393156515164565E-03   4.0784699050831361E-02   1.1368371244736439E+00   1.3901393347300528E-01
     440  8.7650043927863484E-04   1.4335568189141279E+00   2.4351120363514825E+11   3.5904821101123280E-02   1.0275474214577866E+02   8.7858239243087610E-01   1.8244562690769294E-19   8.3862872992919466E-12   1.5190508928580849E-11   1.0393293325980958E-03   4.0818479366537895E-02   1.1368523253654346E+00   1.4166731229664573E-01
     450  8.9279657154238249E-04   1.3918160897694771E+00   2.3308334824551797E+11   3.5922007825435517E-02   1.0380610255026082E+02   8.7857518637997090E-01   1.9049987699772072E-19   1.0126330505796230E-11   1.5746705435222923E-11   1.0393374085239770E-03   4.0838352315583665E-02   1.1368616283402420E+00   1.4112971887803849E-01
     460  9.2528028337052312E-04   1.3170473166668868E+00   2.1345251719957843E+11   3.5956031730626822E-02   1.0593838033323382E+02   8.7856027157411087E-01   2.0764492148790920E-19   1.5174695219554560E-11   1.6886678355528351E-11   1.0393534359852041E-03   4.0877725168315684E-02   1.1368808846492151E+00   1.4563428961054178E-01
     470  9.6142891719714187E-04   1.2366359760191294E+00   1.9313751320156161E+11   3.5993539254103708E-02   1.0839295374356429E+02   8.7854292891744212E-01   2.2875498173321300E-19   2.4787258115185669E-11   1.8265609858687632E-11   1.0393710391137115E-03   4.0921172759069528E-02   1.1369032776756873E+00   1.5045124606369986E-01
     480  9.9163467958641202E-04   1.1644874403436909E+00   1.7766332443709506E+11   3.6024600926795172E-02   1.1044154336601140E+02   8.7852788567326412E-01   2.4766032104426225E-19   3.8146721085410747E-11   1.9537965875672150E-11   1.0393852825792949E-03   4.0957186691682919E-02   1.1369227037095242E+00   1.4446070760361859E-01
     490  1.0162571009210033E-03   1.0992605882656592E+00   1.6743608857887384E+11   3.6049735602044095E-02   1.1207647668907268E+02   8.7851524092655464E-01   2.6151644786764319E-19   5.2538351289822940E-11   2.0584217041805921E-11   1.0393962009488411E-03   4.0986351589004405E-02   1.1369390343251564E+00   1.2025468203443175E-01
     500  1.0343540190330947E-03   1.0460049197717669E+00   1.6204716907654828E+11   3.6068103944409222E-02   1.1327319905692777E+02   8.7850572467519139E-01   2.6890604537977485E-19   6.3101839565385551E-11   2.1296344483887394E-11   1.0394035669751315E-03   4.1007678608865589E-02   1.1369513259174280E+00   8.3098695397044620E-02
     510  1.0502366539016524E-03   9.9393154125106997E-01   1.5521146020967108E+11   3.6084152531828034E-02   1.1431890051187105E+02   8.7849728720410558E-01   2.7918318670275928E-19   7.2785290755700727E-11   2.2161482353290643E-11   1.0394094192560893E-03   4.1026318363365330E-02   1.1369622252104465E+00   5.3291501390343853E-02
     520  1.0639991304083429E-03   9.5109786717162526E-01   1.4922764184389789E+11   3.6098003709373896E-02   1.1523201713309645E+02   8.7848985651546196E-01   2.8884676659565697E-19   7.9220391140998724E-11   2.2956472729219234E-11   1.0394140092265208E-03   4.1042413157717672E-02   1.1369718248744167E+00   2.9478899197294569E-02
     530  1.0839999999999999E-03   8.9536000000000004E-01   1.4124999999999982E+11   3.6118041961403613E-02   1.1656999999999996E+02   8.7847885102192058E-01   3.0276111295638482E-19   8.5171703565090448E-11   2.4098112591920137E-11   1.0394200715688232E-03   4.1065709654913053E-02   1.1369860440620265E+00   3.1049757077696062E-03
     540  1.1039094594546084E-03   8.4660322960019518E-01   1.3629392142320433E+11   3.6137883466421723E-02   1.1791390437050990E+02   8.7846766889712502E-01   3.1129172513965545E-19   8.6628323198432832E-11   2.4979415270014040E-11   1.0394256469355744E-03   4.1088791308238247E-02   1.1370004925845436E+00   2.9694811608273288E-03
     550  1.1328367571513376E-03   7.9328481087701441E-01   1.2652879782862439E+11   3.6166523950529772E-02   1.1971689798261032E+02   8.7845111727443559E-01   3.3201983038859411E-19   9.0264040088886683E-11   2.6536143366072599E-11   1.0394333162123625E-03   4.1122129079656393E-02   1.1370218805087893E+00   2.8512995802880731E-03
     560  1.1550006969333873E-03   7.4079941440248609E-01   1.2148179618390283E+11   3.6188323121419799E-02   1.2121610708587463E+02   8.7843836182746027E-01   3.4200300541153185E-19   8.8700149299874573E-11   2.7666016749128212E-11   1.0394390047828105E-03   4.1147511719325840E-02   1.1370383638751176E+00   2.6963001371122773E-03
     570  1.1739735685834802E-03   7.0114649669247908E-01   1.1563492256966254E+11   3.6206882576918481E-02   1.2245728599334792E+02   8.7842750131253000E-01   3.5595202223109284E-19   8.8950087875280951E-11   2.8886648371486103E-11   1.0394437942217185E-03   4.1169122698150248E-02   1.1370523989389072E+00   2.5923251322902789E-03
     580  1.1971106239356049E-03   6.5990832036226699E-01   1.0956156987210600E+11   3.6229389268836294E-02   1.2395693678286470E+02   8.7841443716375078E-01   3.7168558901047656E-19   8.9081519107502947E-11   3.0290721658141216E-11   1.0394495928007187E-03   4.1195325655485594E-02   1.1370692821739410E+00   2.4818066208929760E-03
     590  1.2256890453518092E-03   6.1907611530064832E-01   1.0425198433370645E+11   3.6256996480725751E-02   1.2582669783025840E+02   8.7839864927777589E-01   3.8608843376579866E-19   8.8368623156629312E-11   3.1713912949970032E-11   1.0394567291645298E-03   4.1227456745533533E-02   1.1370896858893387E+00   2.3642879323066222E-03
     600  1.2447060548637502E-03   6.2803942497449539E-01   9.9788635975065109E+10   3.6275250104473557E-02   1.2705346014914548E+02   8.7838831511029025E-01   4.0443578395474135E-19   9.4433539326856824E-11   3.2440006740208100E-11   1.0394614681088711E-03   4.1248697238534755E-02   1.1371030417091639E+00   2.4373404792391519E-03
     610  1.2461240691568536E-03   6.8950845447211773E-01   9.9387609717610077E+10   3.6276607997169502E-02   1.2714333296726292E+02   8.7838726430070546E-01   4.1293774648284434E-19   1.0541945209216637E-10   3.1719204302355220E-11   1.0394618175042661E-03   4.1250290574676392E-02   1.1371043999460322E+00   2.6878026276698289E-03
     620  1.2470371116298730E-03   7.0984154319215309E-01   9.9128653294593552E+10   3.6277482118425020E-02   1.2720123464417118E+02   8.7838632430454089E-01   4.1610672945279429E-19   1.0990832475536748E-10   3.1509583992041904E-11   1.0394620448702842E-03   4.1251328623399759E-02   1.1371056150688805E+00   2.8421265742788670E-03
     630  1.2491165376772861E-03   7.0721459480515281E-01   9.8540098605685654E+10   3.6279472314505290E-02   1.2733320235743231E+02   8.7838430408948143E-01   4.1832513226667671E-19   1.1035944846916712E-10   3.1651217578295977E-11   1.0394625676602557E-03   4.1253686429867660E-02   1.1371082265547563E+00   3.1913403265659956E-03
     640  1.2569636943368487E-03   6.9779541457653071E-01   9.6434518132895554E+10   3.6286973924920862E-02   1.2783244500368212E+02   8.7837812204634780E-01   4.2646845541775674E-19   1.1182259259981719E-10   3.2170484661926023E-11   1.0394645383004948E-03   4.1262506541295520E-02   1.1371162175355229E+00   4.5081186257520832E-03
     650  1.2899812818927129E-03   6.7188614504395894E-01   9.0534573998877686E+10   3.6318365611830036E-02   1.2999718554678896E+02   8.7835704019963456E-01   4.5124833606271996E-19   1.1637505630808800E-10   3.3728369459111100E-11   1.0394728077517095E-03   4.1299192194233544E-02   1.1371434670175971E+00   1.0169056450552015E-02
     660  1.3414728452807488E-03   6.3524066751161090E-01   8.2366262406865311E+10   3.6366787390783778E-02   1.3332103179133765E+02   8.7832573706814332E-01   4.9100188953752808E-19   1.2370153703350945E-10   3.6211115281056069E-11   1.0394856668212542E-03   4.1355726203344746E-02   1.1371839297477448E+00   1.9427451780548499E-02
     670  1.3920872916765648E-03   6.0191252331185063E-01   7.5150485898732285E+10   3.6413759584004682E-02   1.3650422847725687E+02   8.7829548388038670E-01   5.3279946361699696E-19   1.3151565547029791E-10   3.8806387045711249E-11   1.0394982844098830E-03   4.1410566297847146E-02   1.1372230378001655E+00   2.9057046548790239E-02
     680  1.4405879795556633E-03   5.7126869834715732E-01   6.8726146912662567E+10   3.6458194397925081E-02   1.3960135199853886E+02   8.7826692663250583E-01   5.7687420683031818E-19   1.3991637259157576E-10   4.1533454585579723E-11   1.0395103650021273E-03   4.1462444554474509E-02   1.1372599557707774E+00   3.8808007214244059E-02
     690  1.4882662157705109E-03   5.4356295024930190E-01   6.3065638497706612E+10   3.6501328375770865E-02   1.4262715456792552E+02   8.7823905426045246E-01   6.2267369177722589E-19   1.4888801292946354E-10   4.4353654332631345E-11   1.0395222361382311E-03   4.1512814417912020E-02   1.1372959905605113E+00   4.8914322422658515E-02
     700  1.5317698833873876E-03   5.1848252262908434E-01   5.8114145379202095E+10   3.6540224883846464E-02   1.4538469334161400E+02   8.7821361189547731E-01   6.6954447149168886E-19   1.5828382861444520E-10   4.7238390711195723E-11   1.0395330654287636E-03   4.1558253257007106E-02   1.1373288857167687E+00   5.8597152298462400E-02
     710  1.5969702065892809E-03   4.9226183174028548E-01   5.2853016696592621E+10   3.6597698214086039E-02   1.4948637693625622E+02   8.7817508411327661E-01   7.2872800350142290E-19   1.7082398519988970E-10   5.0807683193642733E-11   1.0395492950542652E-03   4.1625442541813974E-02   1.1373787032256943E+00   7.3757012637069339E-02
     720  1.6410417997200471E-03   4.7088723955999029E-01   4.8850677135806625E+10   3.6636017533725890E-02   1.5218762111541994E+02   8.7814878352795800E-01   7.8154517938367056E-19   1.8217338113137180E-10   5.4028201120063555E-11   1.0395602629729246E-03   4.1670272112473858E-02   1.1374127132698171E+00   8.4554776858666233E-02
     730  1.7050977093562951E-03   4.5190891125389349E-01   4.5093719987749245E+10   3.6690951421534751E-02   1.5610850524304433E+02   8.7811005859738211E-01   8.3977416103026203E-19   1.9553537689274718E-10   5.7463264515432937E-11   1.0395762054269302E-03   4.1734592108663815E-02   1.1374627935682671E+00   1.0085131041127809E-01
     740  1.7776970398154911E-03   4.2519845624965807E-01   4.0266364033565613E+10   3.6752162402429539E-02   1.6053556353954292E+02   8.7806550711298825E-01   9.2912455727238940E-19   2.1639717993246840E-10   6.2815889524309344E-11   1.0395942699935495E-03   4.1806335025174168E-02   1.1375204147539582E+00   1.2026130123116063E-01
     750  1.8523479441512696E-03   4.0379319913388623E-01   3.6395629765094368E+10   3.6813981878385089E-02   1.6508918844661102E+02   8.7801902884417271E-01   1.0174286488389318E-18   2.3821254354334312E-10   6.8009931087730348E-11   1.0396128439041964E-03   4.1878869189962212E-02   1.1375805345436625E+00   1.4123641176379229E-01
     760  1.9260376635849843E-03   3.8661592743057716E-01   3.3280636073679897E+10   3.6873930981379165E-02   1.6953466086483280E+02   8.7797257557475405E-01   1.1031051976210369E-18   2.6053409250021249E-10   7.2955719400802834E-11   1.0396311773014410E-03   4.1949282028333180E-02   1.1376406286446268E+00   1.6282063689160742E-01
     770  2.0170000000000001E-03   3.6435769089845821E-01   2.9511999999999950E+10   3.6946505737652360E-02   1.7489999999999998E+02   8.7791464130172103E-01   1.2294836985893390E-18   2.9496980704486479E-10   8.0284965530281551E-11   1.0396538028393275E-03   4.2034615369259301E-02   1.1377155843003255E+00   1.9059243889656574E-01
     780  2.0805688524520374E-03   3.5326155413059457E-01   2.7545579383971794E+10   3.6996341729254076E-02   1.7862757566081527E+02   8.7787384490889431E-01   1.3092700325529978E-18   3.1795703906398470E-10   8.4757319824687784E-11   1.0396696144560787E-03   4.2093267541080191E-02   1.1377683729658219E+00   2.1066326199923452E-01
     790  2.1307407738410909E-03   3.4348760580355397E-01   2.5929463891270588E+10   3.7035180414996489E-02   1.8168017676500807E+02   8.7784160437988734E-01   1.3832553275498908E-18   3.4005010142236882E-10   8.8951018606822715E-11   1.0396820911625091E-03   4.2139002123512306E-02   1.1378100942190426E+00   2.2700178500376644E-01
     800  2.1730000000000000E-03   3.3980278402999203E-01   2.5118999999999985E+10   3.7067540502207105E-02   1.8371999999999989E+02   8.7781428891416935E-01   1.4248868452449280E-18   3.5299736083913947E-10   9.1090580740794113E-11   1.0396926029495289E-03   4.2177132109578699E-02   1.1378454446136210E+00   2.4086530710885673E-01
     810  2.1964744957477869E-03   3.3044402662943823E-01   2.3876245411462193E+10   3.7085399705821129E-02   1.8542735571976340E+02   8.7779919660998651E-01   1.4909319712229341E-18   3.7305250768474394E-10   9.5064407538659689E-11   1.0396984348648541E-03   4.2198177498931476E-02   1.1378649772566227E+00   2.4871504727961860E-01
     820  2.2597936528327952E-03   3.2440955239284835E-01   2.2670429071832451E+10   3.7133091672660754E-02   1.8897032151135545E+02   8.7775838292559205E-01   1.5646381142985999E-18   3.9712416563771015E-10   9.8898656462749148E-11   1.0397141818392290E-03   4.2254406073392009E-02   1.1379178022598915E+00   2.7022463674844821E-01
     830  2.3152087738488617E-03   3.1291828254143822E-01   2.1014910595058605E+10   3.7174282811018471E-02   1.9207586996044961E+02   8.7772280170121797E-01   1.6762162064716838E-18   4.3392279925518528E-10   1.0523807836705738E-10   1.0397279539092997E-03   4.2302990322993700E-02   1.1379638588299859E+00   2.8953384587993020E-01
     840  2.4229999999999998E-03   3.0170707669576430E-01   1.9055000000000000E+10   3.7252992931588555E-02   1.9820000000000002E+02   8.7765373420644155E-01   1.8357776013845473E-18   4.8961718291652827E-10   1.1358572816210218E-10   1.0397547500812254E-03   4.2395890460340611E-02   1.1380532708352589E+00   3.2792479403285046E-01
     850  2.5061236368728950E-03   2.8787195573672197E-01   1.7161506779614611E+10   3.7312464104215050E-02   2.0306174961669512E+02   8.7760090357861342E-01   2.0203147331587199E-18   5.5767289510806750E-10   1.2378877723564879E-10   1.0397753991005694E-03   4.2466124057320608E-02   1.1381216724941443E+00   3.5835174563895605E-01
     860  2.6124235998758200E-03   2.7861941640516447E-01   1.5621510311181673E+10   3.7387025084895602E-02   2.0903244446987026E+02   8.7753405722084699E-01   2.2059379746142664E-18   6.3014081633073867E-10   1.3322177987175792E-10   1.0398018117926181E-03   4.2554219736945682E-02   1.1382082322450220E+00   3.9836428619678543E-01
     870  2.7639029443729687E-03   2.6580329963504912E-01   1.3631006251150591E+10   3.7490481172652475E-02   2.1718772630797375E+02   8.7744001768897106E-01   2.5061379705470442E-18   7.5493033442959222E-10   1.4828772992984049E-10   1.0398394356779690E-03   4.2676540423836576E-02   1.1383300262569880E+00   4.5671402356174512E-01
     880  2.8679344429353615E-03   2.5693231730500327E-01   1.2371294039370277E+10   3.7559776196516244E-02   2.2294747671254675E+02   8.7737630890110974E-01   2.7442356593011772E-18   8.6116605446688420E-10   1.6017552117920147E-10   1.0398652617181043E-03   4.2758520684846674E-02   1.1384125521657595E+00   4.9762236198625265E-01
     890  2.9954753153381181E-03   2.5115444378151003E-01   1.1292381316636787E+10   3.7642787160557606E-02   2.2975804491792059E+02   8.7729919846120374E-01   2.9940630572125270E-18   9.7714472161740459E-10   1.7147354364799901E-10   1.0398969293736041E-03   4.2856781975066933E-02   1.1385124535561082E+00   5.4838285309929724E-01
     900  3.1029999999999999E-03   2.4296353931208917E-01   1.0232999999999968E+10   3.7711224030522149E-02   2.3545999999999995E+02   8.7723503828370364E-01   3.2844387288082652E-18   1.1218494886910113E-09   1.8548060753142858E-10   1.0399236004237579E-03   4.2937833379068278E-02   1.1385955899520546E+00   5.9169272413205565E-01
     910  3.2164456467610588E-03   2.3678348028995377E-01   9.3446436687257900E+09   3.7781913433625594E-02   2.4171661761248410E+02   8.7716823048048609E-01   3.5802487270827850E-18   1.2756053156454257E-09   1.9895987955612781E-10   1.0399517377949190E-03   4.3021591161623525E-02   1.1386821694716152E+00   6.3801395318163101E-01
     920  3.3330000000000000E-03   2.3205453685447677E-01   8.5900999999999790E+09   3.7852999824406111E-02   2.4743999999999988E+02   8.7710050518911120E-01   3.8809272512693797E-18   1.4386619836919641E-09   2.1194093009336279E-10   1.0399806416590898E-03   4.3105858759540490E-02   1.1387699509485503E+00   6.8590046296755824E-01
     930  3.4529999999999999E-03   2.2616099929797714E-01   7.8162999999999743E+09   3.7924628663156996E-02   2.5396999999999994E+02   8.7703174427577490E-01   4.2460050947460399E-18   1.6482262566319022E-09   2.2796763059731726E-10   1.0400103761862051E-03   4.3190808019049329E-02   1.1388590880192346E+00   7.3544005022346948E-01
     940  3.5280659000895597E-03   2.2396837885565377E-01   7.4375198202671824E+09   3.7968676466136247E-02   2.5764078206698406E+02   8.7698921835452859E-01   4.4547031384872759E-18   1.7718809251291452E-09   2.3638949600978070E-10   1.0400289795708846E-03   4.3243065643398755E-02   1.1389142225092010E+00   7.6656282692243594E-01
     950  3.6103808100306843E-03   2.2032076951389071E-01   6.9822863439360209E+09   3.8016299301814667E-02   2.6208453021218600E+02   8.7694303284084152E-01   4.7317085286550701E-18   1.9423952239761807E-09   2.4814757026086727E-10   1.0400493603285833E-03   4.3299580570112302E-02   1.1389741073974413E+00   8.0075534676378202E-01
     960  3.7498316050315538E-03   2.1577513392818357E-01   6.3389500740173788E+09   3.8095406865799819E-02   2.6920317796322195E+02   8.7686585177872323E-01   5.1933036485675083E-18   2.2344048980332197E-09   2.6664655331942848E-10   1.0400838839775398E-03   4.3393494917554634E-02   1.1390741950632293E+00   8.5878289474746206E-01
     970  3.8776625399625122E-03   2.1255491019106212E-01   5.8369803356276350E+09   3.8166267746539556E-02   2.7553004664597648E+02   8.7679625364764613E-01   5.6254999112614973E-18   2.5203108698513506E-09   2.8308309406576562E-10   1.0401155192925869E-03   4.3477655933615612E-02   1.1391644636580427E+00   9.1197134489052201E-01
     980  3.9863240758521348E-03   2.0961440734569534E-01   5.4331479272087755E+09   3.8225308858905765E-02   2.8089822976758796E+02   8.7673794479058054E-01   6.0294242835500569E-18   2.7963889213204138E-09   2.9834956945128060E-10   1.0401423918199543E-03   4.3547804715468590E-02   1.1392401005809794E+00   9.5703614800796666E-01
     990  4.1330000000000004E-03   2.0630693705770983E-01   4.9544999999999952E+09   3.8303317506411784E-02   2.8822999999999996E+02   8.7666047658700585E-01   6.5942074014433810E-18   3.1962664792071621E-09   3.1883278425931055E-10   1.0401786491141003E-03   4.3640524960878134E-02   1.1393406053470385E+00   1.0176776702284893E+00
    1000  4.3829999999999997E-03   2.0168744251084081E-01   4.2657999999999909E+09   3.8431949147562136E-02   3.0051999999999998E+02   8.7653170950629478E-01   7.6299422600557975E-18   3.9700245077152630E-09   3.5440251924862418E-10   1.0402403937956701E-03   4.3793502017191552E-02   1.1395077008115873E+00   1.1202833123423201E+00
    1010  4.6430000000000004E-03   1.9847056545043254E-01   3.6982999999999933E+09   3.8560363299401115E-02   3.1266000000000003E+02   8.7640197120284169E-01   8.7773618280655309E-18   4.8692172128354230E-09   3.9055498747701043E-10   1.0403045518427567E-03   4.3946324600199885E-02   1.1396761034799452E+00   1.2254748431617515E+00
    1020  4.8929999999999998E-03   1.9535499260392059E-01   3.2284999999999938E+09   3.8679014629827528E-02   3.2462999999999994E+02   8.7628109986866731E-01   1.0028512751749265E-17   5.9109661304086250E-09   4.2846106648161988E-10   1.0403661442125282E-03   4.4087618790544271E-02   1.1398330388219871E+00   1.3248600034951468E+00
    1030  5.1430000000000000E-03   1.9261035638500765E-01   2.8314000000000072E+09   3.8793201867503999E-02   3.3634999999999997E+02   8.7616390416083922E-01   1.1408567533910339E-17   7.0978176965847523E-09   4.6809875805916051E-10   1.0404276553263544E-03   4.4223677569619174E-02   1.1399852405649582E+00   1.4223612089678448E+00
    1040  5.3930000000000002E-03   1.9076071843128245E-01   2.5061000000000067E+09   3.8903167120412419E-02   3.4794000000000011E+02   8.7605025155726612E-01   1.2869260974707385E-17   8.4109453215657193E-09   5.0689503019795979E-10   1.0404890955059069E-03   4.4354779866801468E-02   1.1401328771790848E+00   1.5176711384450736E+00
    1050  5.9951804511765754E-03   1.8319240531449404E-01   1.8336150617254074E+09   3.9151369942783162E-02   3.7202721804706204E+02   8.7579089795970710E-01   1.7475119127316799E-17   1.3148137844004896E-08   6.2850056816278182E-10   1.0406362610135573E-03   4.4650959505509340E-02   1.1404699136784617E+00   1.7405861264411653E+00
    1060  6.6354060151472957E-03   1.7746923295215161E-01   1.3524226641305182E+09   3.9392730587360841E-02   3.9763624060588972E+02   8.7553505874038429E-01   2.3574200078593776E-17   2.0140756308837318E-08   7.6999096472077278E-10   1.0407916976217151E-03   4.4939327986234387E-02   1.1408025620377131E+00   1.9678846271223780E+00
    1070  7.2756315791180160E-03   1.7359182211502319E-01   1.0258948476743784E+09   3.9613357482244302E-02   4.2324526316471736E+02   8.7529789831080318E-01   3.0970076099496802E-17   2.9344278811795517E-08   9.2013334887354383E-10   1.0409459833559298E-03   4.5203241157364245E-02   1.1411110802984918E+00   2.1830694880812360E+00
    1080  7.9158571430887354E-03   1.7079280001143105E-01   7.9656478470680952E+08   3.9815323894728138E-02   4.4885428572354499E+02   8.7507779173795353E-01   3.9786261138283334E-17   4.1055567164088941E-08   1.0784582753208314E-09   1.0410989732258398E-03   4.5445112988743971E-02   1.1413975458875096E+00   2.3852903347177103E+00
    1090  8.5560827070594488E-03   1.6860445687428394E-01   6.3079758871954095E+08   4.0000402259832812E-02   4.7446330828237240E+02   8.7487326429506207E-01   5.0142356600756556E-17   5.5599068246065092E-08   1.2451775232062258E-09   1.0412505079747556E-03   4.5667013147876183E-02   1.1416638473937646E+00   2.5744916480202393E+00
    1100  9.1963082710301604E-03   1.6673909730810405E-01   5.0801248283828974E+08   4.0170143740946573E-02   5.0007233084119969E+02   8.7468295853636058E-01   6.2156008699584836E-17   7.3336663006186516E-08   1.4207085286323702E-09   1.0414004092989782E-03   4.5870758191690196E-02   1.1419117263024865E+00   2.7510941311663646E+00
    1110  9.8720241281020377E-03   1.6492105211744798E-01   4.1067316203046083E+08   4.0334144377951249E-02   5.2710096512407358E+02   8.7449617338845009E-01   7.6760343636251004E-17   9.5978384477165811E-08   1.6162579073617732E-09   1.0415566228345282E-03   4.6067848933770257E-02   1.1421551054961270E+00   2.9245293706994011E+00
    1120  1.0630550669076635E-02   1.6291359159228258E-01   3.2888772224948806E+08   4.0501470960264623E-02   5.5744202676305611E+02   8.7430204197605510E-01   9.5671566257116473E-17   1.2683448960263690E-07   1.8493115929981113E-09   1.0417292185751219E-03   4.6269210267975210E-02   1.1424081438095111E+00   3.1044961167840288E+00
    1130  1.1390073383489031E-02   1.6085715371783474E-01   2.6738397795620033E+08   4.0653160694939697E-02   5.8782293533955055E+02   8.7412226663830039E-01   1.1745393026283810E-16   1.6429449086426613E-07   2.0981653685601435E-09   1.0418987175324530E-03   4.6452031030239559E-02   1.1426425456087750E+00   3.2705179928615413E+00
    1140  1.2150696991856955E-02   1.5870678713813813E-01   2.2024769613144404E+08   4.0790894290511963E-02   6.1824787967426619E+02   8.7395516937368278E-01   1.4230509244721444E-16   2.0930645332111086E-07   2.3641631371123561E-09   1.0420646740577956E-03   4.6618300990608465E-02   1.1428604789058727E+00   3.4239347246356466E+00
    1150  1.2922474029972975E-02   1.5642025735774054E-01   1.8309561458481687E+08   4.0917764321962757E-02   6.4911896119890559E+02   8.7379722686566386E-01   1.7081282004940347E-16   2.6366212613774307E-07   2.6524952839682453E-09   1.0422286843463802E-03   4.6771726636681221E-02   1.1430665239156008E+00   3.5678107466289219E+00
    1160  1.3904960375810268E-02   1.5335872887953708E-01   1.4696221186055756E+08   4.1062691648933225E-02   6.8841841503239539E+02   8.7361081622356396E-01   2.1219583825165649E-16   3.4728692978291924E-07   3.0482692675615387E-09   1.0424302052723534E-03   4.6947376425196495E-02   1.1433097669235099E+00   3.7356669022317726E+00
    1170  1.5064767639359652E-02   1.4962317688395699E-01   1.1556534874056411E+08   4.1213657654977413E-02   7.3481070557436885E+02   8.7340803340430795E-01   2.6887765078146629E-16   4.6952302671977917E-07   3.5597286679790962E-09   1.0426562665567102E-03   4.7130885531899640E-02   1.1435744412599669E+00   3.9150994660396199E+00
    1180  1.6222119207693401E-02   1.4588233232043793E-01   9.2553358168589264E+07   4.1346583542774609E-02   7.8110476830771665E+02   8.7322023765949852E-01   3.3451547644738945E-16   6.1987393361007853E-07   4.1183284580706032E-09   1.0428675905425496E-03   4.7293033165871336E-02   1.1438196123288411E+00   4.0774834890394418E+00
    1190  1.7377640912557665E-02   1.4224085326606306E-01   7.5290900265260845E+07   4.1465100219662668E-02   8.2732563650228508E+02   8.7304366155625279E-01   4.0974659006126577E-16   8.0070966806399179E-07   4.7248614618693261E-09   1.0430631510159457E-03   4.7438155550550011E-02   1.1440501841879307E+00   4.2261083530986729E+00
    1200  1.8739300767933623E-02   1.3819528724028921E-01   6.0041951777184471E+07   4.1590424938961798E-02   8.8179203071732104E+02   8.7284549202571404E-01   5.1174815038386210E-16   1.0554600069713664E-06   5.5006948124592436E-09   1.0432726868629645E-03   4.7592297927165968E-02   1.1443090083863316E+00   4.3875168926454595E+00
    1210  2.0252102642863951E-02   1.3418333976423380E-01   4.7566871334545352E+07   4.1716171204393832E-02   9.4230410571453149E+02   8.7263292324205211E-01   6.4335994168115792E-16   1.3910736623540840E-06   6.4315621130640881E-09   1.0434790863551239E-03   4.7747775223700883E-02   1.1445867115377217E+00   4.5539104836082069E+00
    1220  2.1777360151540782E-02   1.3078862943972891E-01   3.8255972455480509E+07   4.1832878368283116E-02   1.0033144060616019E+03   8.7242201802482877E-01   7.9718331405388447E-16   1.7817731287476478E-06   7.4293247522330915E-09   1.0436609215606792E-03   4.7892886562724966E-02   1.1448623289593247E+00   4.7120756633889069E+00
    1230  2.3311378745233854E-02   1.2812096662667968E-01   3.1189690487342454E+07   4.1943509734548301E-02   1.0646751498093220E+03   8.7220939166392497E-01   9.7511263747276665E-16   2.2212595457948827E-06   8.4722516569456715E-09   1.0438204314213058E-03   4.8031203386248951E-02   1.1451403014022472E+00   4.8648598076100402E+00
    1240  2.5045194078935226E-02   1.2606463046420399E-01   2.5150217326765783E+07   4.2063697238439265E-02   1.1340277631573738E+03   8.7196431335136093E-01   1.2066943729221868E-15   2.7641024453498253E-06   9.6675663285313089E-09   1.0439775452859789E-03   4.8182318576340546E-02   1.1454608541953806E+00   5.0332122453395165E+00
    1250  2.7242630663708311E-02   1.2495453156395626E-01   1.9541946448091906E+07   4.2212874270408658E-02   1.2219252265482933E+03   8.7164049532199062E-01   1.5512094290867637E-15   3.5033672313745529E-06   1.1147797673483713E-08   1.0441508756365351E-03   4.8371086226191698E-02   1.1458846869636312E+00   5.2439890419843493E+00
    1260  2.9841078337206884E-02   1.2575721148773739E-01   1.4868645542376798E+07   4.2389804311144273E-02   1.3258631334882316E+03   8.7123012986064774E-01   2.0404871329033176E-15   4.4210581524409397E-06   1.2755264464643284E-08   1.0443338559588721E-03   4.8596617929399247E-02   1.1464223228221213E+00   5.4935248987886194E+00
    1270  3.2597140162092933E-02   1.2898422174398261E-01   1.1407131470366398E+07   4.2582659120940919E-02   1.4361056064836685E+03   8.7075272594537001E-01   2.6685698927456528E-15   5.4116478566786275E-06   1.4199224643730427E-08   1.0445190595063797E-03   4.8844377913326929E-02   1.1470485618928512E+00   5.7609088497620133E+00
    1280  3.5436627797964360E-02   1.3471275348504308E-01   8.8788717997153662E+06   4.2790571211577214E-02   1.5496851119185205E+03   8.7020517894562399E-01   3.4485608533367030E-15   6.4189506741437968E-06   1.5348894928670929E-08   1.0447162131050291E-03   4.9113641720321337E-02   1.1477678451723057E+00   6.0396747295081425E+00
    1290  3.8218313382633567E-02   1.4257827078506566E-01   7.0778343612144496E+06   4.3006086971370226E-02   1.6609525353052841E+03   8.6960433051764463E-01   4.3601973506930141E-15   7.3663875313653533E-06   1.6141445858535868E-08   1.0449287147868557E-03   4.9395002471198338E-02   1.1485584005102234E+00   6.3151606945492604E+00
    1300  4.0808955549136550E-02   1.5186435622473332E-01   5.8136449808411868E+06   4.3219432019090176E-02   1.7645782219653986E+03   8.6897942018259289E-01   5.3564179178572620E-15   8.1953044390030585E-06   1.6612179936412520E-08   1.0451530254176520E-03   4.9675636088700792E-02   1.1493819738204909E+00   6.5727845828068308E+00
    1310  4.3252401239307757E-02   1.6236205801108772E-01   4.8829724851305094E+06   4.3433558537126285E-02   1.8623160495722425E+03   8.6832549661785352E-01   6.4406451102057944E-15   8.9183382062446770E-06   1.6857827513743100E-08   1.0453936605897541E-03   4.9959243663632795E-02   1.1502452329271882E+00   6.8158072036842423E+00
    1320  4.5021801195401633E-02   1.7104372955477212E-01   4.3295857829996897E+06   4.3597265086026751E-02   1.9330920478159944E+03   8.6780962825517449E-01   7.3217829278527836E-15   9.4030752396896003E-06   1.6935977495202182E-08   1.0455871215126887E-03   5.0177281144101776E-02   1.1509272666030812E+00   6.9914135599311598E+00
    1330  4.6656627278401641E-02   1.7990121208665111E-01   3.8902268127497598E+06   4.3755681070244482E-02   1.9984850911359918E+03   8.6729839902292938E-01   8.2131605356083918E-15   9.8210148746522722E-06   1.6948922734960321E-08   1.0457806579737944E-03   5.0389219351947907E-02   1.1516040457409920E+00   7.1531769023642173E+00
    1340  4.8320450518376641E-02   1.8977895119764865E-01   3.5020474179551215E+06   4.3924619427859794E-02   2.0650380207349885E+03   8.6674117659531202E-01   9.2018353175740528E-15   1.0217491413600376E-05   1.6912667265987100E-08   1.0459918791181193E-03   5.0616214432262573E-02   1.1523426971987356E+00   7.3172113902548857E+00
    1350  4.9980454405767580E-02   2.0055088285345471E-01   3.1645673701090706E+06   4.4101570871029144E-02   2.1314381762306234E+03   8.6614541988605820E-01   1.0275619226073934E-14   1.0585993024473469E-05   1.6835786896530261E-08   1.0462159488417433E-03   5.0855001180561521E-02   1.1531335544013377E+00   7.4801931424016566E+00
    1360  5.1620303915389902E-02   2.1214784036081458E-01   2.8724552740388792E+06   4.4285298740484036E-02   2.1970321566155130E+03   8.6551526497013243E-01   1.1427814543920240E-14   1.0926394059667382E-05   1.6727289449415725E-08   1.0464489049088112E-03   5.1103965008519631E-02   1.1539713280605381E+00   7.6404753373881755E+00
    1370  5.3297633405131044E-02   2.2505540280728534E-01   2.6097035156684192E+06   4.4483165122862864E-02   2.2641253362051557E+03   8.6482558324306891E-01   1.2706538082912082E-14   1.1254118709170702E-05   1.6590508941498116E-08   1.0466971892606224E-03   5.1373149500550400E-02   1.1548897060542411E+00   7.8036090399371600E+00
    1380  5.5029787192713696E-02   2.3956006952509645E-01   2.3709448197976323E+06   4.4698852095430064E-02   2.3334114877084589E+03   8.6406389808944550E-01   1.4140318119440306E-14   1.1575799518512358E-05   1.6429548539919815E-08   1.0469617167627966E-03   5.1667659289469793E-02   1.1559057304575453E+00   7.9710935290322178E+00
    1390  5.6607192977054709E-02   2.5385742219788637E-01   2.1782117044428675E+06   4.4905874329085708E-02   2.3965077190820966E+03   8.6332643856900759E-01   1.5552373947384652E-14   1.1858811298268645E-05   1.6271742451565406E-08   1.0472073486980581E-03   5.1951210701788396E-02   1.1568911967628766E+00   8.1225926876101919E+00
    1400  5.7988942366139634E-02   2.6725962997522501E-01   2.0261863384463892E+06   4.5095902756007805E-02   2.4517776946454910E+03   8.6264657994439387E-01   1.6877010286050817E-14   1.2102611750137840E-05   1.6129884571197937E-08   1.0474243829359765E-03   5.2212091070710349E-02   1.1578012163463640E+00   8.2543334359717448E+00
    1410  5.9300284269506641E-02   2.8074615940221781E-01   1.8947181736847553E+06   4.5284001119056339E-02   2.5042313707801686E+03   8.6197283073049669E-01   1.8213558727375823E-14   1.2333348190387347E-05   1.5995130536279896E-08   1.0476305164019747E-03   5.2470775807568780E-02   1.1587044983505961E+00   8.3783550487023852E+00
    1420  6.0671346773174442E-02   2.9564183829018770E-01   1.7691474883525949E+06   4.5488926496105413E-02   2.5590738709268785E+03   8.6123975607435066E-01   1.9696879634822757E-14   1.2576746088204899E-05   1.5857820155305063E-08   1.0478447889330882E-03   5.2753005091184746E-02   1.1596889429354962E+00   8.5067766128709046E+00
    1430  6.2112058462448522E-02   3.1215237249945943E-01   1.6488728957470108E+06   4.5713417924253361E-02   2.6167023384978388E+03   8.6043958848369795E-01   2.1353625000208621E-14   1.2837863137483242E-05   1.5720868353358127E-08   1.0480670788540851E-03   5.3062554738984448E-02   1.1607654194490087E+00   8.6401102497191378E+00
    1440  6.3496531265397130E-02   3.2881854859165305E-01   1.5433518384312694E+06   4.5937911813394648E-02   2.6720812506157808E+03   8.5964374319779246E-01   2.3043393174920320E-14   1.3096567469902946E-05   1.5599461982486940E-08   1.0482766189704052E-03   5.3372415367756436E-02   1.1618380821667735E+00   8.7664533109116203E+00
    1450  6.4576396316465778E-02   3.4234076242251860E-01   1.4672142281092429E+06   4.6118823927183902E-02   2.7152758526585249E+03   8.5900604355161492E-01   2.4429927015031606E-14   1.3305009605799436E-05   1.5512576601356773E-08   1.0484366066652875E-03   5.3622311974351994E-02   1.1626990326388893E+00   8.8636580106412417E+00
    1460  6.5691966283556516E-02   3.5675990574352945E-01   1.3937284413576173E+06   4.6311048157933007E-02   2.7598986513421523E+03   8.5833231840514013E-01   2.5926632751045277E-14   1.3527575971385323E-05   1.5431351366537610E-08   1.0485981560564637E-03   5.3887999442285520E-02   1.1636100148435942E+00   8.9627076563553985E+00
    1470  6.6858939966381023E-02   3.7230012596951439E-01   1.3220153157853140E+06   4.6517800150517596E-02   2.8065775986551307E+03   8.5761220298295471E-01   2.7563520763684821E-14   1.3769126040483809E-05   1.5356439930735919E-08   1.0487626650727087E-03   5.4173946705019557E-02   1.1645853097497465E+00   9.0647249201263218E+00
    1480  6.7927616136383651E-02   3.8691123496985846E-01   1.2605957122864176E+06   4.6712055998517014E-02   2.8493246454552336E+03   8.5693986000569766E-01   2.9127392908176440E-14   1.3998705600541054E-05   1.5297367472998807E-08   1.0489090235376408E-03   5.4442779117142105E-02   1.1654973848930836E+00   9.1566422913660528E+00
    1490  6.8994254220161894E-02   4.0182137542932284E-01   1.2030292113951901E+06   4.6910504483325677E-02   2.8919901688063615E+03   8.5625722925778625E-01   3.0751039736565912E-14   1.4236273897368248E-05   1.5247674056735558E-08   1.0490507902896256E-03   5.4717579663508931E-02   1.1664248819798411E+00   9.2468709872408521E+00
    1500  7.0137947125194250E-02   4.1812792015952899E-01   1.1451326451455147E+06   4.7128190551874949E-02   2.9377378850076539E+03   8.5551335760158820E-01   3.2562297158163480E-14   1.4500693169757072E-05   1.5205077877435161E-08   1.0491978448921796E-03   5.5019206243621818E-02   1.1674372724980044E+00   9.3418614250049483E+00
    1510  7.1158369069355437E-02   4.3292059974197994E-01   1.0965715893479793E+06   4.7326479305504335E-02   2.9785547627740993E+03   8.5484026524015966E-01   3.4240251267170755E-14   1.4745142625049363E-05   1.5176563645808737E-08   1.0493246910287840E-03   5.5294121699063677E-02   1.1683548512897313E+00   9.4250405708657254E+00
    1520  7.2168888399070763E-02   4.4775572485240817E-01   1.0511504934890608E+06   4.7526456763181457E-02   3.0189755359627106E+03   8.5416568675716198E-01   3.5959965753594947E-14   1.4995216973751743E-05   1.5157063451933425E-08   1.0494462212706258E-03   5.5571540751449135E-02   1.1692759050038288E+00   9.5059011465508956E+00
    1530  7.3113591032640951E-02   4.6175997046704709E-01   1.0109288743239456E+06   4.7716492753288667E-02   3.0567636413055166E+03   8.5352830498198551E-01   3.7620090814011480E-14   1.5236143283019189E-05   1.5146772368192649E-08   1.0495561888334295E-03   5.5835335035503482E-02   1.1701475067771498E+00   9.5801105056049494E+00
    1540  7.3992129426590503E-02   4.7487249899049716E-01   9.7534523873870261E+05   4.7895756674350268E-02   3.0919051770634969E+03   8.5293017694651008E-01   3.9209605696377187E-14   1.5466306700041429E-05   1.5143992108475258E-08   1.0496553318333336E-03   5.6084331968061493E-02   1.1709666127890594E+00   9.6479041146832571E+00
    1550  7.4855861857637998E-02   4.8781939346615311E-01   9.4197093269396748E+05   4.8074259838247958E-02   3.1264544743053953E+03   8.5233758269542492E-01   4.0815287786661914E-14   1.5698244371709786E-05   1.5147631337758424E-08   1.0497499133681628E-03   5.6332421197147708E-02   1.1717792718706550E+00   9.7133925010307802E+00
    1560  7.5748458902994711E-02   5.0122500343846166E-01   9.0906207909204345E+05   4.8260943602047621E-02   3.1621583561196621E+03   8.5172103196154492E-01   4.2519364691186634E-14   1.5943701949124067E-05   1.5158039697537781E-08   1.0498447032946190E-03   5.6592036358469468E-02   1.1726259813093682E+00   9.7798384518947135E+00
    1570  7.6679173831744787E-02   5.1519242035656732E-01   8.7636025204334070E+05   4.8457823055198107E-02   3.1993869532696635E+03   8.5107446093300465E-01   4.4344497790159227E-14   1.6205713839053543E-05   1.5176160090631140E-08   1.0499404298003716E-03   5.6865993463716839E-02   1.1735152318068185E+00   9.8477641012351924E+00
    1580  7.7581968760403366E-02   5.2868623918775093E-01   8.4612116307548550E+05   4.8650765388727431E-02   3.2354987504160049E+03   8.5044471805312549E-01   4.6161749496957085E-14   1.6465574598686410E-05   1.5200927842304844E-08   1.0500303548248034E-03   5.7134613991381561E-02   1.1743826335841940E+00   9.9122948748559541E+00
    1590  7.8507320953000670E-02   5.4240180989710540E-01   8.1655317980974016E+05   4.8850321738151278E-02   3.2725128381198956E+03   8.4979792708533630E-01   4.8071804954895326E-14   1.6737561831766961E-05   1.5233959423543535E-08   1.0501196296820851E-03   5.7412554575338205E-02   1.1752748502816606E+00   9.9769884926819472E+00
    1600  7.9528948659685253E-02   5.5732432952581357E-01   7.8548739957537607E+05   4.9072451915208926E-02   3.3133779463872770E+03   8.4908400001172468E-01   5.0235435475139825E-14   1.7044213965215383E-05   1.5279917787120780E-08   1.0502149103501321E-03   5.7722023587999896E-02   1.1762612489665252E+00   1.0046611992329563E+01
    1610  8.0578679497792932E-02   5.7232812292045354E-01   7.5518700566199934E+05   4.9302308659366176E-02   3.3553671799115823E+03   8.4835226663472707E-01   5.2517460613547736E-14   1.7365900070266339E-05   1.5338005013435477E-08   1.0503093987710419E-03   5.8042324338278273E-02   1.1772739635964122E+00   1.0116100169159186E+01
    1620  8.1479210140334296E-02   5.8488446076155975E-01   7.3042312715933414E+05   4.9500520722690663E-02   3.3913884056132351E+03   8.4772716519948399E-01   5.4522365614833842E-14   1.7646872334145091E-05   1.5396495870723142E-08   1.0503878569044099E-03   5.8318567104223305E-02   1.1781404769957859E+00   1.0174048462172562E+01
    1630  8.2324136549524710E-02   5.9637577728141700E-01   7.0816326330579270E+05   4.9687155979535894E-02   3.4251854619808501E+03   8.4714375219234284E-01   5.6443027550309773E-14   1.7914503363631079E-05   1.5458432122355018E-08   1.0504593809397816E-03   5.8578689865968807E-02   1.1789503484885355E+00   1.0227048674584537E+01
    1640  8.3148703221935585E-02   6.0731468335416594E-01   6.8730342066010810E+05   4.9869741429658318E-02   3.4581681288772838E+03   8.4657799222613261E-01   5.8354504680252778E-14   1.8179247292148540E-05   1.5525090369964500E-08   1.0505273164917413E-03   5.8833167860451382E-02   1.1797367735485051E+00   1.0277553386039406E+01
    1650  8.3972618533247209E-02   6.1797594590099514E-01   6.6727039735054574E+05   5.0052465742858057E-02   3.4911247413297474E+03   8.4601712182457089E-01   6.0301383268595819E-14   1.8447124351899551E-05   1.5597408139392041E-08   1.0505934405184668E-03   5.9087808352400628E-02   1.1805174323957590E+00   1.0326890157060134E+01
    1660  8.5111649920123850E-02   6.3225845064423380E-01   6.4083750059103139E+05   5.0305252276724458E-02   3.5366859968048107E+03   8.4525202417115131E-01   6.3054009801425059E-14   1.8822726235590362E-05   1.5706275265896960E-08   1.0506820666045433E-03   5.9439881441657003E-02   1.1815840045104511E+00   1.0393333871192894E+01
    1670  8.6288491196865907E-02   6.4645361319933270E-01   6.1497338556045957E+05   5.0566226199319969E-02   3.5837596478744908E+03   8.4447820987869471E-01   6.5972726346157678E-14   1.9216699637048776E-05   1.5829212063136844E-08   1.0507704925574856E-03   5.9802889330085165E-02   1.1826646719825900E+00   1.0459986406470327E+01
    1680  8.7462662680267339E-02   6.6002200754516138E-01   5.9053665868704941E+05   5.0825913993405705E-02   3.6307265072105461E+03   8.4372307955459414E-01   6.8960909578931788E-14   1.9615309279468871E-05   1.5961956176259232E-08   1.0508557517424190E-03   6.0163708631574352E-02   1.1837211354558017E+00   1.0524531680192148E+01
    1690  8.8545508266309872E-02   6.7201515672839240E-01   5.6913506129752251E+05   5.1064425078960696E-02   3.6740403306522453E+03   8.4303402779997738E-01   7.1784637717024167E-14   1.9987428993351547E-05   1.6092696747441503E-08   1.0509319366364305E-03   6.0495349869575540E-02   1.1846867906034888E+00   1.0582365657723519E+01
    1700  8.9516576197401443E-02   6.8237008441555136E-01   5.5081347642360430E+05   5.1277392128857291E-02   3.7128830478959067E+03   8.4241459440428179E-01   7.4373395717797668E-14   2.0324549446183840E-05   1.6215925884703064E-08   1.0509983904312098E-03   6.0792231486810060E-02   1.1855562257384291E+00   1.0632899201534435E+01
    1710  9.0483736988166058E-02   6.9232895276853179E-01   5.3333902232963045E+05   5.1488696769409745E-02   3.7515694795264894E+03   8.4179326319244629E-01   7.7005671057947142E-14   2.0663317157336925E-05   1.6343743931725424E-08   1.0510629146865862E-03   6.1087714422889808E-02   1.1864296097377147E+00   1.0682050954133700E+01
    1720  9.1496964008326409E-02   7.0240447948580265E-01   5.1581610185064917E+05   5.1709370075905758E-02   3.7920985603329018E+03   8.4113836419559573E-01   7.9821893567843803E-14   2.1021224365118041E-05   1.6482635400043089E-08   1.0511288289744029E-03   6.1397201992932159E-02   1.1873515746547556E+00   1.0732386256061416E+01
    1730  9.2559152071591974E-02   7.1259388767487042E-01   4.9826094149581797E+05   5.1940104413287599E-02   3.8345860828635223E+03   8.4044987407262384E-01   8.2839426189218467E-14   2.1399493824216927E-05   1.6633314158628034E-08   1.0511961856863664E-03   6.1721588256516274E-02   1.1883223752584378E+00   1.0783999273490522E+01
    1740  9.3623979474705535E-02   7.2243862474033038E-01   4.8145273275105696E+05   5.2170862077165397E-02   3.8771791789880631E+03   8.3976053337428047E-01   8.5932290644185845E-14   2.1781619020561671E-05   1.6789274219635478E-08   1.0512620285994018E-03   6.2046595736844463E-02   1.1892959644039973E+00   1.0834657946288189E+01
    1750  9.4811666007508358E-02   7.3297957874804054E-01   4.6358525343895907E+05   5.2427518075266973E-02   3.9246866403001736E+03   8.3899633010993213E-01   8.9462856689983143E-14   2.2211031107196928E-05   1.6968866299877806E-08   1.0513335946966032E-03   6.2408519330313952E-02   1.1903771456751242E+00   1.0889963214624055E+01
    1760  9.5889756017568842E-02   7.4214311561198876E-01   4.4812410511113616E+05   5.2659643339777094E-02   3.9678102407025913E+03   8.3830989513049270E-01   9.2741678755087187E-14   2.2603487556295694E-05   1.7137155727114198E-08   1.0513969662207319E-03   6.2736064560779792E-02   1.1913499707336019E+00   1.0939133942760513E+01
    1770  9.6613257757731760E-02   7.4807441170789080E-01   4.3813179093728832E+05   5.2814848944921076E-02   3.9967503103091067E+03   8.3785432433320373E-01   9.4981970583349855E-14   2.2868169606155938E-05   1.7252818549381818E-08   1.0514387042949139E-03   6.2955114289958702E-02   1.1919964846720761E+00   1.0971606267018876E+01
    1780  9.7146424248986105E-02   7.5232918174242702E-01   4.3095754368767579E+05   5.2928869378183627E-02   4.0180769699592793E+03   8.3752160191601355E-01   9.6653449537311705E-14   2.3063859460592148E-05   1.7339477307041847E-08   1.0514690708099302E-03   6.3116041303338838E-02   1.1924691011859212E+00   1.0995266598891082E+01
    1790  9.8038617079902787E-02   7.5920715520673066E-01   4.1929860450376524E+05   5.3118846652877701E-02   4.0537646831959451E+03   8.3697112254684913E-01   9.9489596981313252E-14   2.3392537111640895E-05   1.7487222731207218E-08   1.0515191342945036E-03   6.3384161938083355E-02   1.1932518479382508E+00   1.1034314337099939E+01
    1800  9.9430730885963728E-02   7.6935170143321352E-01   4.0193243224805192E+05   5.3412948243711622E-02   4.1094492354383801E+03   8.3612683181420866E-01   1.0401214760312980E-13   2.3908162750152102E-05   1.7725152218588337E-08   1.0515955011022701E-03   6.3799328847251965E-02   1.1944543586491574E+00   1.1093934357907258E+01
    1810  1.0087054043692466E-01   7.7912833336825627E-01   3.8496558252453239E+05   5.3713854912845770E-02   4.1670416174768152E+03   8.3526836330783505E-01   1.0881668555037732E-13   2.4444683193551545E-05   1.7979841245548795E-08   1.0516724111053555E-03   6.4224557005822039E-02   1.1956795337203039E+00   1.1154004112100058E+01
    1820  1.0231038208796953E-01   7.8823740566291089E-01   3.6894007083772257E+05   5.4011385904700303E-02   4.2246352835186071E+03   8.3441841757440605E-01   1.1375298538073205E-13   2.4984188101429899E-05   1.8242473690853115E-08   1.0517473644561944E-03   6.4645958485610583E-02   1.1968950137717644E+00   1.1212562651006092E+01
    1830  1.0373204840046109E-01   7.9664565364394269E-01   3.5397784791193542E+05   5.4302075338131042E-02   4.2815019360182669E+03   8.3358267326408231E-01   1.1875895977348635E-13   2.5519524074194093E-05   1.8508671538369143E-08   1.0518195814682094E-03   6.5058914203645679E-02   1.1980925920252834E+00   1.1269036850654034E+01
    1840  1.0535657575689981E-01   8.0561831346840274E-01   3.3785473168570438E+05   5.4630970712119670E-02   4.3464830302758128E+03   8.3262877024202264E-01   1.2464327706565357E-13   2.6134167392459415E-05   1.8820250154782065E-08   1.0519000603263315E-03   6.5527796086069609E-02   1.1994624152272675E+00   1.1332111361920319E+01
    1850  1.0695431537777371E-01   8.1386852556507139E-01   3.2293863868722622E+05   5.4951670473920217E-02   4.4103926151107662E+03   8.3169012718746915E-01   1.3060483496817971E-13   2.6741383510861435E-05   1.9133502701043693E-08   1.0519772478971776E-03   6.5986701456536706E-02   1.2008133852507021E+00   1.1392844703899195E+01
    1860  1.0849649389157812E-01   8.2135656244909550E-01   3.0936261815408285E+05   5.5259164974886428E-02   4.4720797556629395E+03   8.3078286636981735E-01   1.3652653195281743E-13   2.7329762341346448E-05   1.9441478678323994E-08   1.0520500323409770E-03   6.6428262537696930E-02   1.2021220834273292E+00   1.1450413255909419E+01
    1870  1.1001527447762659E-01   8.2832374032835576E-01   2.9672626275053871E+05   5.5560470907358508E-02   4.5328309791048760E+03   8.2988757638814670E-01   1.4252213852840447E-13   2.7911177838139848E-05   1.9749650610040576E-08   1.0521201687597949E-03   6.6862377148852709E-02   1.2034163146428960E+00   1.1506230303817086E+01
    1880  1.1152889885378862E-01   8.3490301546306322E-01   2.8480834064707649E+05   5.5859604728589737E-02   4.5933759541513546E+03   8.2899310319471986E-01   1.4866180689485143E-13   2.8492359703421221E-05   2.0061188670599052E-08   1.0521886379302983E-03   6.7294744686964753E-02   1.2047121529802698E+00   1.1561096476246426E+01
    1890  1.1305084524387782E-01   8.4118082521891868E-01   2.7345980845005851E+05   5.6159500187280317E-02   4.6542538097549195E+03   8.2809114180398269E-01   1.5500330620293874E-13   2.9078307179249920E-05   2.0378591107528644E-08   1.0522561325018685E-03   6.7729574263549572E-02   1.2060216709170060E+00   1.1615582119843888E+01
    1900  1.1459398735370997E-01   8.4722225986953070E-01   2.6256053765570919E+05   5.6462871185509494E-02   4.7159794941482032E+03   8.2717381357759845E-01   1.6160768600637827E-13   2.9673852475991411E-05   2.0704462339362271E-08   1.0523232664668232E-03   6.8170810328000805E-02   1.2073564253248563E+00   1.1670195348670454E+01
    1910  1.1615347308678733E-01   8.5301219958240371E-01   2.5212641363974829E+05   5.6768876152996431E-02   4.7783589234712945E+03   8.2624398548008160E-01   1.6846297423625806E-13   3.0277015558551052E-05   2.1037816365867428E-08   1.0523898599654575E-03   6.8617243923899646E-02   1.2087123889685532E+00   1.1724794386227712E+01
    1920  1.1750554598535687E-01   8.5778484276436440E-01   2.4352292541567251E+05   5.7033774505233378E-02   4.8324418394140739E+03   8.2543594120075336E-01   1.7455552077007616E-13   3.0800903309400482E-05   2.1330074342612625E-08   1.0524466419848829E-03   6.9004777880442195E-02   1.2098932337733004E+00   1.1771685516012568E+01
    1930  1.1863696954268231E-01   8.6160485432394518E-01   2.3662183221452247E+05   5.7255165759455051E-02   4.8776987817070894E+03   8.2475888370060901E-01   1.7976130796564469E-13   3.1239904197059284E-05   2.1576936796517895E-08   1.0524935110165870E-03   6.9329389252742915E-02   1.2108844385144117E+00   1.1810621257107881E+01
    1940  1.1960706467042879E-01   8.6475440832878558E-01   2.3091090833161998E+05   5.7444782726984028E-02   4.9165025868169469E+03   8.2417812499949661E-01   1.8430343456682482E-13   3.1616713149076634E-05   2.1790292903009860E-08   1.0525332467002093E-03   6.9607908846947356E-02   1.2117359581230174E+00   1.1843791531955011E+01
    1950  1.2046361427335044E-01   8.6743856181688095E-01   2.2602021256332844E+05   5.7612037350782894E-02   4.9507645709338112E+03   8.2366546614598179E-01   1.8837466436824035E-13   3.1949706878553171E-05   2.1979999985168816E-08   1.0525679973399367E-03   6.9853939913315871E-02   1.2124886241717734E+00   1.1872918264180221E+01
    1960  1.2126571033883507E-01   8.6986934547233130E-01   2.2156486946089900E+05   5.7768503864336275E-02   4.9828484135531953E+03   8.2318575716490128E-01   1.9223903245508938E-13   3.2261761646867105E-05   2.2158784806190617E-08   1.0526002624325200E-03   7.0084388508446047E-02   1.2131937614805934E+00   1.1900057540629524E+01
    1970  1.2210560064804039E-01   8.7232829181285187E-01   2.1702421483689413E+05   5.7932166579050468E-02   5.0164440259214061E+03   8.2268405137237888E-01   1.9633957786047748E-13   3.2588746042303435E-05   2.2347216079859429E-08   1.0526337679800657E-03   7.0325717217077935E-02   1.2139321099084901E+00   1.1928335029541232E+01
    1980  1.2299159588390682E-01   8.7482615928635177E-01   2.1236778447254439E+05   5.8104598540825669E-02   5.0518838353560623E+03   8.2215574633354782E-01   2.0072555305363641E-13   3.2933915438961117E-05   2.2547353082629404E-08   1.0526688111179299E-03   7.0580270312893545E-02   1.2147105749825180E+00   1.1958009893477991E+01
    1990  1.2407213651528051E-01   8.7773805672168081E-01   2.0686745145632297E+05   5.8314558596603075E-02   5.0951054606110074E+03   8.2151311226025825E-01   2.0615890802103416E-13   3.3355184854984965E-05   2.2793369231313041E-08   1.0527111397364789E-03   7.0890609301450289E-02   1.2156588508464867E+00   1.1993984298677427E+01
    2000  1.2564526746263766E-01   8.8171131181288842E-01   1.9919413225581759E+05   5.8619479245467121E-02   5.1580306985052903E+03   8.2058161335078972E-01   2.1423614841881372E-13   3.3969064059969046E-05   2.3155374029450635E-08   1.0527719829400190E-03   7.1342016860882582E-02   1.2170360052464819E+00   1.2045928282000855E+01
    2010  1.2809652299648672E-01   8.8728495282905173E-01   1.8797622418472273E+05   5.9092533393649199E-02   5.2560809198592488E+03   8.1914125679277816E-01   2.2721992569149250E-13   3.4926802664797804E-05   2.3729074766302416E-08   1.0528650431237156E-03   7.2043939168186924E-02   1.2191716113744300E+00   1.2125864986648581E+01
    2020  1.3089641797400225E-01   8.9277712101496287E-01   1.7616988071751560E+05   5.9629357105444411E-02   5.3680767189598646E+03   8.1751345542316678E-01   2.4265367141115461E-13   3.6022288297917686E-05   2.4398280421911959E-08   1.0529689466386503E-03   7.2842874549934780E-02   1.2215941622605917E+00   1.2215744283932706E+01
    2030  1.3423283003356254E-01   8.9820915705006621E-01   1.6335736029272902E+05   6.0263773843220875E-02   5.5015332013422703E+03   8.1559373980325078E-01   2.6190235762502361E-13   3.7329513785828452E-05   2.5214547703733176E-08   1.0530897067409599E-03   7.3790793315541045E-02   1.2244635308900880E+00   1.2320981960708599E+01
    2040  1.3752532494450506E-01   9.0254544856349506E-01   1.5190319455007490E+05   6.0884443122480696E-02   5.6332329977799645E+03   8.1371190212221889E-01   2.8183453668947404E-13   3.8621166396457805E-05   2.6038670927377817E-08   1.0532059656456982E-03   7.4722830776069463E-02   1.2272893851538493E+00   1.2423091922383819E+01
    2050  1.4083933560675119E-01   9.0603645778395858E-01   1.4143048919379403E+05   6.1504351022876450E-02   5.7657934242698038E+03   8.1182221517514874E-01   3.0286113574920239E-13   3.9922635839376913E-05   2.6885277279255243E-08   1.0533203948142017E-03   7.5658973350670664E-02   1.2301401784005177E+00   1.2524371762868100E+01
    2060  1.4429069378331177E-01   9.0887433230483017E-01   1.3152247769037340E+05   6.2145565732749132E-02   5.9038477513322214E+03   8.0985413718593202E-01   3.2581295091756891E-13   4.1279265492659394E-05   2.7783957915766275E-08   1.0534371892597237E-03   7.6633148101208720E-02   1.2331233481667674E+00   1.2628497497724574E+01
    2070  1.4796499294959117E-01   9.1111691566450770E-01   1.2196578440428719E+05   6.2824001945865793E-02   6.0508197179833905E+03   8.0775758616480364E-01   3.5145758934238388E-13   4.2724650118348620E-05   2.8758772104258218E-08   1.0535593794840994E-03   7.7670395144469856E-02   1.2363172151961983E+00   1.2738060794743726E+01
    2080  1.5194323743506916E-01   9.1274363014390825E-01   1.1263434029171657E+05   6.3554225538943021E-02   6.2099494974025029E+03   8.0548784722966382E-01   3.8066502647497258E-13   4.4290654034671837E-05   2.9834557716604587E-08   1.0536899592852918E-03   7.8794123321116905E-02   1.2397936194092574E+00   1.2855388000657431E+01
    2090  1.5715461170464926E-01   9.1374602984172193E-01   1.0179666656177162E+05   6.4504211641131126E-02   6.4184044681856976E+03   8.0252178911565286E-01   4.2125321705652212E-13   4.6343383455006049E-05   3.1275280531983831E-08   1.0538601869244338E-03   8.0266853965916915E-02   1.2443660950515976E+00   1.3007240448368666E+01
    2100  1.6281482200310959E-01   9.1354321868764898E-01   9.1544684079346203E+04   6.5527133367998786E-02   6.6448128801241010E+03   7.9932082673715221E-01   4.6841469661166950E-13   4.8574202780410477E-05   3.2880143990230329E-08   1.0540478922665040E-03   8.1865580989426243E-02   1.2493386597239358E+00   1.3169980096984553E+01
    2110  1.6888286440086819E-01   9.1199792179335837E-01   8.2027256715982876E+04   6.6611961201200387E-02   6.8875345760344335E+03   7.9592660177696395E-01   5.2264543308998702E-13   5.0966934560312777E-05   3.4646951743598406E-08   1.0542597033712864E-03   8.3575029165412221E-02   1.2546549845728177E+00   1.3341953363544977E+01
    2120  1.7665127287791080E-01   9.0827589057760594E-01   7.1674493591017104E+04   6.7979490821135802E-02   7.1982709151161243E+03   7.9165546130642550E-01   5.9780995942442710E-13   5.4031625058626282E-05   3.6978377626085693E-08   1.0545664784008387E-03   8.5749961597391844E-02   1.2614092949083675E+00   1.3558286833417995E+01
    2130  1.8561179558675128E-01   9.0199123693052008E-01   6.1787159528594544E+04   6.9522764892974126E-02   7.5566918234697278E+03   7.8684605439726696E-01   6.9282449950926596E-13   5.7568343659567317E-05   3.9762503959904323E-08   1.0550176741934638E-03   8.8231485535816431E-02   1.2691020798555255E+00   1.3802528683894822E+01
    2140  1.9511773924801420E-01   8.9356122450813003E-01   5.3189349693064003E+04   7.1116853179655007E-02   7.9369295699202276E+03   7.8188567861135438E-01   8.0378805177946173E-13   6.1321961643878112E-05   4.2822309162872538E-08   1.0557035620087718E-03   9.0825802918235249E-02   1.2771347274822353E+00   1.4055858152935501E+01
    2150  2.0517893431450052E-01   8.8328319908596409E-01   4.5742156685539579E+04   7.2755451632948429E-02   8.3393773725796618E+03   7.7679100888671759E-01   9.3315943876823137E-13   6.5296016849232302E-05   4.6172376958282200E-08   1.0568214704535952E-03   9.3526442539474786E-02   1.2854905086380382E+00   1.4318512983525443E+01
    2160  2.1592430064229520E-01   8.7139473805509160E-01   3.9247353918669432E+04   7.4453646058039391E-02   8.7691920256914291E+03   7.7151774159424635E-01   1.0855157489005315E-12   6.9540633448110034E-05   4.9866318340161411E-08   1.0587153283185594E-03   9.6361906342915735E-02   1.2942536924751196E+00   1.4594578584395975E+01
    2170  2.2754300528071442E-01   8.5809361928468597E-01   3.3537020576330993E+04   7.6236497418531612E-02   9.2339402112281768E+03   7.6599969376118637E-01   1.2675562753896535E-12   7.4129062256906927E-05   5.3981469013638342E-08   1.0619746171254359E-03   9.9378092259781906E-02   1.3035500791661125E+00   1.4890578386568949E+01
    2180  2.4032601675227794E-01   8.4351429752340179E-01   2.8465091322443965E+04   7.8144153011961356E-02   9.7452606700906945E+03   7.6013628190182037E-01   1.4896850455654276E-12   7.9173674956483847E-05   5.8635958005542040E-08   1.0676413600584850E-03   1.0264794700864267E-01   1.3135716881842163E+00   1.5217081177425490E+01
    2190  2.5471224981185348E-01   8.2776370069774141E-01   2.3909222352838548E+04   8.0238156560301588E-02   1.0320709992473690E+04   7.5377572237675816E-01   1.7685760012930542E-12   8.4843296870199892E-05   6.4007400589670159E-08   1.0776381347022785E-03   1.0628439434162913E-01   1.3246116172447522E+00   1.5591349970581545E+01
    2200  2.7107418550243029E-01   8.1132938435647872E-01   1.9835833855837875E+04   8.2575559201875245E-02   1.0975187420096732E+04   7.4678989155333186E-01   2.1252772034740855E-12   9.1277102807427800E-05   7.0246802523855418E-08   1.0952717626191728E-03   1.1039859945356249E-01   1.3369403792655772E+00   1.6035167271967765E+01
    2210  2.9043851735754467E-01   7.9468524888960790E-01   1.6126952741967118E+04   8.5331410013738729E-02   1.1749760694301274E+04   7.3869582356431107E-01   2.6056584714276476E-12   9.8863932686868431E-05   7.7734312619332458E-08   1.1272370609574148E-03   1.1532487174199803E-01   1.3514938017145450E+00   1.6602781611011061E+01
    2220  3.1217029762274962E-01   7.8027787198799059E-01   1.2987938133032207E+04   8.8509253409835689E-02   1.2619031904909432E+04   7.2947678272515903E-01   3.2260777042451695E-12   1.0732977589670354E-04   8.6149260726619037E-08   1.1799705626053835E-03   1.2111876462795770E-01   1.3684305306413889E+00   1.7321726380773431E+01
    2230  3.3437505318795191E-01   7.7011911757532570E-01   1.0568499744085479E+04   9.1979414226954048E-02   1.3507222127517483E+04   7.1944076199331830E-01   3.9563079273379854E-12   1.1590880672292226E-04   9.4636759478417273E-08   1.2526924457372506E-03   1.2760572606337534E-01   1.3873291879193477E+00   1.8172739585313529E+01
    2240  3.5500879719843387E-01   7.6388978519136019E-01   8.8307502289874701E+03   9.5505233969345737E-02   1.4332571887936725E+04   7.0921376224803789E-01   4.7286296479256855E-12   1.2379837142856463E-04   1.0235640835891812E-07   1.3348269721432985E-03   1.3438712672794739E-01   1.4071179256155588E+00   1.9080104535599329E+01
    2250  3.7537999015115953E-01   7.5952866330062418E-01   7.4696730120970824E+03   9.9320592571543215E-02   1.5147419606045714E+04   6.9809411134211996E-01   5.5850423212224797E-12   1.3149224371317075E-04   1.0980187778009292E-07   1.4251710643837189E-03   1.4195736013187429E-01   1.4292842645798318E+00   2.0080827690849194E+01
    2260  3.9674430086801743E-01   7.5555013337595811E-01   6.3267817869869878E+03   1.0367716974353829E-01   1.6001992034719993E+04   6.8532459013421643E-01   6.5882777513771574E-12   1.3944252731999438E-04   1.1743525348618255E-07   1.5237058879120195E-03   1.5091557854969254E-01   1.4556298064568842E+00   2.1221748009125456E+01
    2270  4.2025824780483106E-01   7.5067051867125723E-01   5.3231194300556190E+03   1.0883560995980075E-01   1.6942549912192495E+04   6.7008891700132156E-01   7.8221404902532597E-12   1.4803441317494552E-04   1.2565349145420734E-07   1.6292190355024960E-03   1.6198998311082000E-01   1.4883913743588837E+00   2.2550295626799592E+01
    2280  4.4739315012239073E-01   7.4352771229493542E-01   4.4121163358369777E+03   1.1514223275003774E-01   1.8027946004894835E+04   6.5125443300097285E-01   9.4223081489125590E-12   1.5772254175774089E-04   1.3490961143129689E-07   1.7392696996844752E-03   1.7628715871332606E-01   1.5310382166238090E+00   2.4129628817299775E+01
    2290  4.8035579020407831E-01   7.3255654409322102E-01   3.5647235594295871E+03   1.2312773897904701E-01   1.9346451608162279E+04   6.2705133537235447E-01   1.1633200901669626E-11   1.6913801039708455E-04   1.4577895506911052E-07   1.8507385151060505E-03   1.9572936754184123E-01   1.5896447797737601E+00   2.6061616167655060E+01
    2300  5.1817637970738373E-01   7.1791903110055355E-01   2.8397630843107386E+03   1.3254029690706148E-01   2.0859275188294429E+04   5.9813368840186343E-01   1.4553228965510811E-11   1.8173041860837611E-04   1.5758590417380035E-07   1.9537304782538010E-03   2.2080138928263066E-01   1.6659189273234953E+00   2.8276124555550048E+01
    2310  5.5763159775275639E-01   7.0209050960995822E-01   2.2786248132191749E+03   1.4256896124529411E-01   2.2437483910109266E+04   5.6720120442760080E-01   1.8067841792127192E-11   1.9426733113611240E-04   1.6888352640181114E-07   2.0514082008604301E-03   2.5036386004705874E-01   1.7560895290517786E+00   3.0631463071093656E+01
    2320  5.9198437581478702E-01   6.8912481500529477E-01   1.9045141900054073E+03   1.5153380393630994E-01   2.3811595032590427E+04   5.3975615807777144E-01   2.1547000144137362E-11   2.0467060412948443E-04   1.7761576860564415E-07   2.1470996969740830E-03   2.7952691032401622E-01   1.8446505203606747E+00   3.2799090555806309E+01
    2330  6.2466097655247299E-01   6.7820550635933652E-01   1.6209955370393634E+03   1.6038652056635611E-01   2.5118659062097810E+04   5.1301400456724822E-01   2.5244625132854143E-11   2.1410529758008934E-04   1.8472386584150671E-07   2.2604197338368299E-03   3.1113488249550858E-01   1.9399066788874784E+00   3.5039815006700650E+01
    2340  6.5762775124390560E-01   6.6881075437902515E-01   1.3892312738091987E+03   1.6977389628756895E-01   2.6437330049755052E+04   4.8506666550792177E-01   2.9383355224295081E-11   2.2314728487253069E-04   1.9046752693582512E-07   2.4030474685179698E-03   3.4811629163798685E-01   2.0504700616498255E+00   3.7534940020607763E+01
    2350  6.8693730472348968E-01   6.6166665479538400E-01   1.2188875506157951E+03   1.7857917710142168E-01   2.7609712188938363E+04   4.5915161769259732E-01   3.3425572972638053E-11   2.3076629826007054E-04   1.9418755875924728E-07   2.5527242695807008E-03   3.8658915251146808E-01   2.1648053190188201E+00   3.9968062785401003E+01
    2360  7.1389116500396799E-01   6.5582882702588474E-01   1.0859727427234729E+03   1.8707703533789621E-01   2.8687866600157446E+04   4.3430985294387686E-01   3.7456918418198132E-11   2.3740544433967513E-04   1.9632783196309502E-07   2.7049449627089802E-03   4.2784678931279241E-01   2.2870086030479762E+00   4.2374649473593905E+01
    2370  7.4304146646822256E-01   6.4998070899663074E-01   9.6310978232733100E+02   1.9667740408366852E-01   2.9853878658727579E+04   4.0632454669319079E-01   4.2167000351772807E-11   2.4416619428447119E-04   1.9714133240574696E-07   2.8785124607197603E-03   4.8034837505527145E-01   2.4423160211175108E+00   4.5131689901864611E+01
    2380  7.7246538496208172E-01   6.4425771553140776E-01   8.5719151726759105E+02   2.0673996314523874E-01   3.1030835398481893E+04   3.7697874843434143E-01   4.7301387291636568E-11   2.5053055197162379E-04   1.9627191757930827E-07   3.0557328380320312E-03   5.4364450343593507E-01   2.6296053026519788E+00   4.8036703116924819E+01
    2390  7.9952600615634095E-01   6.3897302599307160E-01   7.7306704965212748E+02   2.1626024493330068E-01   3.2113260246252212E+04   3.4915223664522560E-01   5.2370022066090764E-11   2.5596211165237125E-04   1.9388338710276878E-07   3.2155535912113372E-03   6.1328859600255503E-01   2.8358822774034338E+00   5.0783534234743918E+01
    2400  8.2441128067859770E-01   6.3402727843318507E-01   7.0515269385477075E+02   2.2519086128377305E-01   3.3108671227142440E+04   3.2298966087653641E-01   5.7332287108512454E-11   2.6059005035240302E-04   1.9027359615903821E-07   3.3577242138293408E-03   6.8948325574953317E-01   3.0617728078241009E+00   5.3353775394580850E+01
    2410  8.4735197402681239E-01   6.2938626997300073E-01   6.4941663637337365E+02   2.3353940178374072E-01   3.4026298961070985E+04   2.9849858991468975E-01   6.2168857847925329E-11   2.6453833526406996E-04   1.8569348510067294E-07   3.4844480647654580E-03   7.7267537130470199E-01   3.3085439343023402E+00   5.5752030425589666E+01
    2420  8.7437915991732096E-01   6.2384497128875804E-01   5.9103820185601955E+02   2.4348652868301565E-01   3.5107386396691276E+04   2.6931394696702315E-01   6.8198063353231280E-11   2.6878739323494026E-04   1.7868659905468404E-07   3.6294080624998692E-03   8.9119893141561124E-01   3.6601570366386094E+00   5.8610249979742271E+01
    2430  8.9983097665099454E-01   6.1859311532227979E-01   5.4229066379830044E+02   2.5293979352180157E-01   3.6125459066038173E+04   2.4161699707358530E-01   7.4212112837712418E-11   2.7239086254081282E-04   1.7042165771945837E-07   3.7635023662832600E-03   1.0296626986850617E+00   4.0707817627216798E+00   6.1335844937074114E+01
    2440  9.2589450101598925E-01   6.1322966112959709E-01   4.9777196400936049E+02   2.6269156615891776E-01   3.7168000040637919E+04   2.1312071747601508E-01   8.0718276733875370E-11   2.7567606343944839E-04   1.6018570183140008E-07   3.9004644341258665E-03   1.2089055261162405E+00   4.6019959590514024E+00   6.4166566105817623E+01
    2450  9.4947447324622036E-01   6.0842251099700950E-01   4.6159922084058240E+02   2.7156840228288398E-01   3.8111198929847116E+04   1.8726338025271597E-01   8.6915441568855578E-11   2.7829558650694714E-04   1.4927667058780239E-07   4.0254762315237638E-03   1.4176135501703824E+00   5.2200975446594429E+00   6.6766427144693708E+01
    2460  9.7085963002606079E-01   6.0411758912202007E-01   4.3176319446043897E+02   2.7965958908675026E-01   3.8966605201040700E+04   1.6376482029660369E-01   9.2797277375290038E-11   2.8038049697306052E-04   1.3792689917935046E-07   4.1403792123733000E-03   1.6628022424835436E+00   5.9458080721331097E+00   6.9158465252542115E+01
    2470  9.8944055891673555E-01   6.0042387279003595E-01   4.0789259388224787E+02   2.8671754464692600E-01   3.9709842356667657E+04   1.4331887243668520E-01   9.8113734120830648E-11   2.8196729470661365E-04   1.2685577110168813E-07   4.2414161888002858E-03   1.9393460729805363E+00   6.7639602420783991E+00   7.1262846144902610E+01
    2480  1.0053498316939540E+00   5.9729266584639751E-01   3.8883318067119211E+02   2.9277665617867976E-01   4.0346213267756364E+04   1.2580424073467350E-01   1.0282020127848199E-10   2.8315973166889214E-04   1.1642065232088372E-07   4.3285265587671116E-03   2.2449435530500188E+00   7.6677682641236284E+00   7.3081792559573785E+01
    2490  1.0191148258911318E+00   5.9460014279903506E-01   3.7328933963093436E+02   2.9802534655451468E-01   4.0896813035643449E+04   1.1066264943132037E-01   1.0700848454812153E-10   2.8406760515539616E-04   1.0663993067739404E-07   4.4039380409247580E-03   2.5836443716631767E+00   8.6692101901955176E+00   7.4665349675246048E+01
    2500  1.0345117063485001E+00   5.9159417064947484E-01   3.5686891320664625E+02   3.0389280795146234E-01   4.1512688253938155E+04   9.3776927282171643E-02   1.1182177546761880E-10   2.8494539377784192E-04   9.4835451753961824E-08   4.4876649536450246E-03   3.0836523689160162E+00   1.0147171264939880E+01   7.6442153403565484E+01
    2510  1.0477303956211368E+00   5.8900133328936277E-01   3.4353130283071948E+02   3.0891398072674769E-01   4.2041435824843596E+04   7.9374072112685878E-02   1.1606241180906546E-10   2.8558501050128911E-04   8.3955637200151127E-08   4.5582227713920776E-03   3.6680295530587492E+00   1.1873951265964827E+01   7.7965316973857654E+01
    2520  1.0589934607726430E+00   5.8676714885657211E-01   3.3268644894354986E+02   3.1316674167160519E-01   4.2491958430903826E+04   6.7225036434858915E-02   1.1975403078733053E-10   2.8604758157756220E-04   7.4142477636552896E-08   4.6166593876253341E-03   4.3418302647184257E+00   1.3864276394455425E+01   7.9254816852958385E+01
    2530  1.0683703079415547E+00   5.8487724571033717E-01   3.2400336273325701E+02   3.1667788970731170E-01   4.2867032317660283E+04   5.7243675076072399E-02   1.2288151791282163E-10   2.8637555701979087E-04   6.5604267852400925E-08   4.6636344909706954E-03   5.0917959662042014E+00   1.6078785829250005E+01   8.0317320900962173E+01
    2540  1.0761941779788167E+00   5.8327101681083360E-01   3.1698815331203241E+02   3.1957834308784883E-01   4.3179987119150741E+04   4.9045361308953102E-02   1.2552763116518211E-10   2.8661004523190879E-04   5.8241318914113630E-08   4.7013820327891807E-03   5.9144579754442628E+00   1.8507067523524729E+01   8.1192540937778929E+01
    2550  1.0830931349974648E+00   5.8182629743395853E-01   3.1096931510930068E+02   3.2210685896295987E-01   4.3455945399896656E+04   4.1946985088585617E-02   1.2788738033749674E-10   2.8678765838037582E-04   5.1588895350632183E-08   4.7334337182621394E-03   6.8581150237620534E+00   2.1291428083349132E+01   8.1953138064574915E+01
    2560  1.0897325274236138E+00   5.8040525964577139E-01   3.0531996472120187E+02   3.2450769097190640E-01   4.3721521096942604E+04   3.5267004461970244E-02   1.3018015629450773E-10   2.8693318454700795E-04   4.5072849178072859E-08   4.7631423490853454E-03   8.0488797098786566E+00   2.4803355768240806E+01   8.2673012046167813E+01
    2570  1.0955108766017965E+00   5.7913955368718950E-01   3.0051410803049754E+02   3.2656537953489978E-01   4.3952655064069899E+04   2.9609665897445521E-02   1.3219097529838040E-10   2.8704013406719248E-04   3.9341910205555163E-08   4.7881316935732389E-03   9.4152093334369127E+00   2.8831008802816559E+01   8.3288207259628592E+01
    2580  1.1004086371800028E+00   5.7804193215940902E-01   2.9651930597529264E+02   3.2828156465702618E-01   4.4148565487198146E+04   2.4961346595452970E-02   1.3390422364395756E-10   2.8711684279879811E-04   3.4471987620680397E-08   4.8087585269959545E-03   1.0921873853658244E+01   3.3269836103889673E+01   8.3800179794416849E+01
    2590  1.1046306642735648E+00   5.7707442614864302E-01   2.9313229059209425E+02   3.2973660490557932E-01   4.4317446570940621E+04   2.1091054436318965E-02   1.3538499065516784E-10   2.8717301155031441E-04   3.0293997566178470E-08   4.8262138981235037E-03   1.2583218915156174E+01   3.8161425592790863E+01   8.4233631271708745E+01
    2600  1.1083239661531588E+00   5.7620936287882363E-01   2.9021160382851281E+02   3.3098788187490691E-01   4.4465178646124368E+04   1.7833003931205751E-02   1.3668026028196742E-10   2.8721484020414556E-04   2.6680122845474867E-08   4.8413097913190817E-03   1.4414872006882842E+01   4.3551056682587571E+01   8.4606107426855417E+01
    2610  1.1121732556733546E+00   5.7528612467125428E-01   2.8720870863334204E+02   3.3226703338348235E-01   4.4619150226932194E+04   1.4591105327418773E-02   1.3802528909692701E-10   2.8725140500610415E-04   2.2984811594762808E-08   4.8569517582123280E-03   1.6836151522107201E+01   5.0670544556324366E+01   8.4986833463617685E+01
    2620  1.1158661020309626E+00   5.7437676214073519E-01   2.8436667006838564E+02   3.3346678393223372E-01   4.4766864081236512E+04   1.1654086577985152E-02   1.3930258914663916E-10   2.8728009276420951E-04   1.9539198180904923E-08   4.8719529589244005E-03   1.9833465430041290E+01   5.9476584723903272E+01   8.5344120441855168E+01
    2630  1.1194962125163279E+00   5.7345694874693132E-01   2.8160934388367576E+02   3.3461607786338915E-01   4.4912068500651112E+04   8.9594014501332298E-03   1.4052980995568293E-10   2.8730253755317230E-04   1.6279934912002786E-08   4.8867732941679475E-03   2.3675397245090515E+01   7.0753914135914727E+01   8.5686809610780671E+01
    2640  1.1225078695067665E+00   5.7267192435085490E-01   2.7934876999424461E+02   3.3554416973039958E-01   4.5032534780268652E+04   6.8874612249116996E-03   1.4150233143042634E-10   2.8731714416329262E-04   1.3693871167605480E-08   4.8991726946966390E-03   2.7790719331489601E+01   8.2822834769478021E+01   8.5964011060629616E+01
    2650  1.1250393501346660E+00   5.7199455938813581E-01   2.7746729985656282E+02   3.3630438479536873E-01   4.5133794005384632E+04   5.2760019874333892E-03   1.4225308739142174E-10   2.8732679911443594E-04   1.1616854982774922E-08   4.9096909345547075E-03   3.2111465093066457E+01   9.5483337536407944E+01   8.6191442870152088E+01
    2660  1.1272179116387087E+00   5.7139683602139368E-01   2.7586163323197746E+02   3.3694253823067111E-01   4.5220936465546329E+04   3.9984080900966725E-03   1.4280012483333901E-10   2.8733332405875956E-04   9.9092286425804303E-09   4.9188185338967100E-03   3.6606005302551829E+01   1.0864168558070450E+02   8.6382573246305697E+01
    2670  1.1291568254457665E+00   5.7085114728680486E-01   2.7444299767234929E+02   3.3749669325884352E-01   4.5298493017828638E+04   2.9619187353039913E-03   1.4313108313929048E-10   2.8733784613265058E-04   8.4591591358211252E-09   4.9269946519788169E-03   4.1277637946998375E+01   1.2230531073479112E+02   8.6548560863626705E+01
    2680  1.1310687735395364E+00   5.7029715991976893E-01   2.7305360130176172E+02   3.3802892489900821E-01   4.5374970941579435E+04   2.0542388017832087E-03   1.4315697894254785E-10   2.8734121889751447E-04   7.1037482368913680E-09   4.9350839478137214E-03   4.6453785651828738E+01   1.3742547522802312E+02   8.6707693706869478E+01
    2690  1.1325227743857211E+00   5.6986286338552150E-01   2.7200326304080204E+02   3.3842325606658330E-01   4.5433130975426822E+04   1.4580079192282752E-03   1.4276500914809412E-10   2.8734314384623588E-04   6.1309967971236724E-09   4.9412216649802315E-03   5.0612316997173515E+01   1.4955330664345760E+02   8.6825052788775452E+01
    2700  1.1338832959324556E+00   5.6944343463427760E-01   2.7102532524592579E+02   3.3878297909590738E-01   4.5487551837296196E+04   9.9116945618441020E-04   1.4175537529504735E-10   2.8734449948754446E-04   5.2786126676971159E-09   4.9469108022455223E-03   5.4419207893069370E+01   1.6063146982876850E+02   8.6931283860031186E+01
    2710  1.1351165414498834E+00   5.6905009862610856E-01   2.7014291955950779E+02   3.3910044185068855E-01   4.5536881657993305E+04   6.5595498508913997E-04   1.3985872122944760E-10   2.8734540685550051E-04   4.5677497746007150E-09   4.9519709801128390E-03   5.7520705946294200E+01   1.6962733998219034E+02   8.7023945384522193E+01
