# 1:A 2:Y(A) 3:X(A)
    1     1.50849573685532E-09     1.50849573685532E-09
    2     1.31668746465873E-10     2.63337492931745E-10
    3     2.63863598667267E-12     7.91590796001800E-12
    4     3.49155586036440E-04     1.39662234414576E-03
    5     0.00000000000000E+00     0.00000000000000E+00
    6     8.93524478165327E-13     5.36114686899196E-12
    7     2.53644306883384E-10     1.77551014818369E-09
    8     0.00000000000000E+00     0.00000000000000E+00
    9     1.12933297083466E-06     1.01639967375120E-05
   10     7.35551767660018E-07     7.35551767660018E-06
   11     3.32900528771906E-10     3.66190581649096E-09
   12     4.39862578930340E-07     5.27835094716408E-06
   13     1.50188895226756E-08     1.95245563794782E-07
   14     9.86544605738505E-09     1.38116244803391E-07
   15     5.05256247541670E-06     7.57884371312505E-05
   16     1.10758911318151E-07     1.77214258109041E-06
   17     2.01983885667102E-09     3.43372605634074E-08
   18     1.28150695448348E-08     2.30671251807027E-07
   19     3.79980230661182E-07     7.21962438256245E-06
   20     7.02306934284505E-07     1.40461386856901E-05
   21     1.62790277313093E-07     3.41859582357496E-06
   22     4.88751730182104E-06     1.07525380640063E-04
   23     1.94388459855061E-09     4.47093457666640E-08
   24     1.19634629563390E-08     2.87123110952136E-07
   25     3.57981332523838E-08     8.94953331309595E-07
   26     3.54884441469657E-09     9.22699547821108E-08
   27     1.28620379505328E-09     3.47275024664385E-08
   28     7.79666841746786E-10     2.18306715689100E-08
   29     4.50106359448304E-10     1.30530844240008E-08
   30     1.11306952284708E-09     3.33920856854125E-08
   31     1.45718233417493E-09     4.51726523594228E-08
   32     5.89641397084335E-09     1.88685247066987E-07
   33     6.63508242878444E-09     2.18957720149887E-07
   34     1.15885307409566E-08     3.94010045192523E-07
   35     8.52536901668073E-09     2.98387915583825E-07
   36     2.53482259447204E-09     9.12536134009936E-08
   37     7.18485011370108E-09     2.65839454206940E-07
   38     4.45907776746584E-09     1.69444955163702E-07
   39     1.78675568886139E-09     6.96834718655941E-08
   40     2.85218936844066E-09     1.14087574737626E-07
   41     4.74608863130160E-09     1.94589633883365E-07
   42     5.38401295770137E-08     2.26128544223457E-06
   43     1.46566809153211E-08     6.30237279358805E-07
   44     1.30990406029083E-08     5.76357786527966E-07
   45     2.76752046973912E-08     1.24538421138260E-06
   46     2.01355130478701E-08     9.26233600202023E-07
   47     7.25872757649261E-09     3.41160196095153E-07
   48     7.34445938881008E-09     3.52534050662884E-07
   49     8.32211214304632E-10     4.07783495009270E-08
   50     2.90597517803488E-09     1.45298758901744E-07
   51     3.82044846303406E-09     1.94842871614737E-07
   52     6.48551740503448E-09     3.37246905061793E-07
   53     2.08602332235465E-09     1.10559236084796E-07
   54     1.76314678178678E-09     9.52099262164860E-08
   55     8.72315995638916E-10     4.79773797601404E-08
   56     1.27772426055831E-09     7.15525585912654E-08
   57     2.39396273701322E-09     1.36455876009754E-07
   58     2.11024778682928E-09     1.22394371636098E-07
   59     1.86058743501126E-09     1.09774658665664E-07
   60     1.69199428218085E-09     1.01519656930851E-07
   61     1.48981729579558E-09     9.08788550435306E-08
   62     3.76135236681055E-09     2.33203846742254E-07
   63     3.79998999335128E-09     2.39399369581131E-07
   64     2.40966774234709E-09     1.54218735510214E-07
   65     3.93860295953014E-09     2.56009192369459E-07
   66     3.28012227121858E-09     2.16488069900426E-07
   67     4.47249995222736E-09     2.99657496799233E-07
   68     3.04853487747817E-09     2.07300371668516E-07
   69     4.66120229545381E-09     3.21622958386313E-07
   70     1.76569960756027E-09     1.23598972529219E-07
   71     2.79323149134728E-09     1.98319435885657E-07
   72     3.34999222137320E-09     2.41199439938871E-07
   73     3.91384616769351E-09     2.85710770241626E-07
   74     4.33436467885619E-09     3.20742986235358E-07
   75     1.38586513215815E-08     1.03939884911861E-06
   76     1.51000127146671E-08     1.14760096631470E-06
   77     3.16101166934909E-08     2.43397898539880E-06
   78     3.37686980884810E-08     2.63395845090152E-06
   79     3.63950923812544E-08     2.87521229811909E-06
   80     6.03701064319032E-09     4.82960851455226E-07
   81     6.67042207546277E-09     5.40304188112485E-07
   82     3.93346595519061E-09     3.22544208325630E-07
   83     3.47160175615375E-09     2.88142945760761E-07
   84     5.75432397517910E-09     4.83363213915044E-07
   85     2.68513548743494E-09     2.28236516431970E-07
   86     5.64309788319772E-09     4.85306417955004E-07
   87     2.57834791050061E-09     2.24316268213553E-07
   88     2.55929464932632E-09     2.25217929140716E-07
   89     8.51143652618842E-10     7.57517850830770E-08
   90     1.09860395640888E-09     9.88743560767995E-08
   91     6.72758876443293E-10     6.12210577563397E-08
   92     1.44415236278381E-09     1.32862017376111E-07
   93     7.81753134083100E-10     7.27030414697283E-08
   94     4.52703601848286E-10     4.25541385737389E-08
   95     1.84829362595561E-09     1.75587894465783E-07
   96     9.65345617870847E-10     9.26731793156013E-08
   97     1.38460432007994E-09     1.34306619047754E-07
   98     7.65709577509658E-10     7.50395385959464E-08
   99     1.18955910921318E-09     1.17766351812105E-07
  100     8.69533114377038E-10     8.69533114377038E-08
  101     7.32486754333486E-10     7.39811621876821E-08
  102     1.33798081283306E-09     1.36474042908972E-07
  103     1.63218327337644E-09     1.68114877157773E-07
  104     1.88721692657288E-08     1.96270560363579E-06
  105     2.36261250881254E-09     2.48074313425316E-07
  106     2.66280347146518E-08     2.82257167975309E-06
  107     1.00786617699174E-09     1.07841680938116E-07
  108     1.38986191490895E-09     1.50105086810166E-07
  109     1.03205137820188E-09     1.12493600224005E-07
  110     1.29018397259697E-09     1.41920236985667E-07
  111     3.11410169646364E-09     3.45665288307464E-07
  112     4.69094516900591E-09     5.25385858928662E-07
  113     4.40732355602316E-09     4.98027561830617E-07
  114     1.13655967829283E-08     1.29567803325382E-06
  115     2.76468858402251E-08     3.17939187162588E-06
  116     2.01088503335929E-07     2.33262663869677E-05
  117     8.09354773141895E-07     9.46945084576017E-05
  118     3.00535254801908E-06     3.54631600666251E-04
  119     5.12379269040695E-06     6.09731330158427E-04
  120     8.70863835515560E-06     1.04503660261867E-03
  121     1.42286731755426E-05     1.72166945424066E-03
  122     1.12889063602920E-05     1.37724657595562E-03
  123     3.48249198097126E-06     4.28346513659465E-04
  124     5.54161165087719E-06     6.87159844708771E-04
  125     4.21401332901229E-07     5.26751666126536E-05
  126     6.54781859267341E-06     8.25025142676849E-04
  127     4.51067296955492E-05     5.72855467133475E-03
  128     1.85171019498765E-04     2.37018904958420E-02
  129     3.83282692291065E-04     4.94434673055473E-02
  130     4.41823741770504E-04     5.74370864301655E-02
  131     4.11629505503173E-04     5.39234652209156E-02
  132     4.63662203639246E-04     6.12034108803804E-02
  133     5.71140877382186E-04     7.59617366918307E-02
  134     3.68020779293443E-04     4.93147844253214E-02
  135     1.09946562944904E-04     1.48427859975620E-02
  136     1.26521873694540E-04     1.72069748224574E-02
  137     6.87510204677131E-05     9.41888980407669E-03
  138     4.52597225287536E-05     6.24584170896799E-03
  139     9.49977990612162E-06     1.32046940695091E-03
  140     1.18830897750120E-05     1.66363256850167E-03
  141     4.39412299372026E-06     6.19571342114556E-04
  142     2.07546018879023E-06     2.94715346808212E-04
  143     9.85731291432793E-07     1.40959574674889E-04
  144     5.39483576573883E-07     7.76856350266392E-05
  145     7.12365084962413E-07     1.03292937319550E-04
  146     6.07689035348930E-07     8.87225991609438E-05
  147     1.34204160930034E-06     1.97280116567149E-04
  148     1.65199601719303E-06     2.44495410544569E-04
  149     1.03181238524565E-06     1.53740045401602E-04
  150     1.52197192787699E-06     2.28295789181549E-04
  151     2.36912317789552E-06     3.57737599862224E-04
  152     2.39380366217504E-06     3.63858156650606E-04
  153     1.95995061444664E-06     2.99872444010336E-04
  154     2.72609129183859E-06     4.19818058943142E-04
  155     2.39330051575831E-06     3.70961579942538E-04
  156     3.35729493192118E-06     5.23738009379704E-04
  157     3.19841175654355E-06     5.02150645777337E-04
  158     5.92802007698132E-06     9.36627172163049E-04
  159     6.20064109117131E-06     9.85901933496239E-04
  160     1.12654264750798E-05     1.80246823601277E-03
  161     1.16770210257339E-05     1.88000038514316E-03
  162     1.71545009664490E-05     2.77902915656474E-03
  163     1.96087808562120E-05     3.19623127956256E-03
  164     2.47491761350614E-05     4.05886488615007E-03
  165     1.71382341524843E-05     2.82780863515990E-03
  166     1.07556236242542E-05     1.78543352162619E-03
  167     1.59762164039988E-05     2.66802813946780E-03
  168     1.72944940507858E-05     2.90547500053202E-03
  169     6.67818066932857E-06     1.12861253311653E-03
  170     9.89490182695973E-06     1.68213331058315E-03
  171     9.19664900585734E-06     1.57262698000160E-03
  172     8.77009697912521E-06     1.50845668040954E-03
  173     9.69893748021681E-06     1.67791618407751E-03
  174     1.41981404238673E-05     2.47047643375290E-03
  175     5.76823924423122E-06     1.00944186774046E-03
  176     1.01060021032879E-05     1.77865637017868E-03
  177     7.39122290977370E-06     1.30824645502994E-03
  178     1.18661988838158E-05     2.11218340131921E-03
  179     8.00524293857086E-06     1.43293848600418E-03
  180     8.93866346484064E-06     1.60895942367132E-03
  181     6.32021085431488E-06     1.14395816463099E-03
  182     1.01548582965732E-05     1.84818420997632E-03
  183     1.93156339679019E-06     3.53476101612606E-04
  184     4.98160021665805E-06     9.16614439865081E-04
  185     1.27978197247224E-06     2.36759664907364E-04
  186     4.00874132015274E-06     7.45625885548410E-04
  187     1.13428685629172E-06     2.12111642126552E-04
  188     3.24701378287630E-06     6.10438591180745E-04
  189     4.00890853284300E-06     7.57683712707328E-04
  190     1.42378028948127E-05     2.70518255001441E-03
  191     1.22784270351149E-05     2.34517956370695E-03
  192     3.72595753708341E-05     7.15383847120014E-03
  193     6.52875861497831E-05     1.26005041269081E-02
  194     1.97934645973473E-04     3.83993213188537E-02
  195     4.30997923976757E-04     8.40445951754676E-02
  196     4.68783844771346E-04     9.18816335751839E-02
  197     4.65072718928311E-04     9.16193256288773E-02
  198     2.11487790389281E-04     4.18745824970777E-02
  199     5.74279433480653E-05     1.14281607262650E-02
  200     3.05854952391012E-06     6.11709904782024E-04
  201     2.03106906009986E-07     4.08244881080072E-05
  202     1.65008326419295E-07     3.33316819366976E-05
  203     2.71881786364943E-07     5.51920026320834E-05
  204     5.21887434429464E-07     1.06465036623611E-04
  205     3.91162627589386E-08     8.01883386558241E-06
  206     6.31792605414430E-07     1.30149276715373E-04
  207     6.30497484500322E-06     1.30512979291567E-03
  208     1.23183535166034E-05     2.56221753145351E-03
  209     7.34028914599219E-06     1.53412043151237E-03
  210     7.46916201627469E-06     1.56852402341768E-03
  211     9.74584064942975E-12     2.05637237702968E-09
  212     5.88040334615577E-10     1.24664550938502E-07
  213     5.20013245360706E-14     1.10762821261830E-11
  214     2.96259134862523E-13     6.33994548605799E-11
  215     9.09841684099334E-18     1.95615962081357E-15
  216     2.03533544724135E-15     4.39632456604131E-13
  217     6.13065980115670E-19     1.33035317685100E-16
  218     1.96695681960106E-14     4.28796586673031E-12
  219     1.67918309317063E-14     3.67741097404368E-12
  220     7.80454624952526E-13     1.71700017489556E-10
  221     5.43696492300982E-15     1.20156924798517E-12
  222     3.49216957009291E-11     7.75261644560627E-09
  223     4.18927895017091E-09     9.34209205888112E-07
  224     4.40776310238367E-09     9.87338934933943E-07
  225     4.08785122235850E-11     9.19766525030663E-09
  226     5.34355638388362E-06     1.20764374275770E-03
  227     2.90904802315345E-06     6.60353901255833E-04
  228     6.91723124558928E-06     1.57712872399436E-03
  229     4.74458874468825E-06     1.08651082253361E-03
  230     8.65671504699269E-06     1.99104446080832E-03
  231     7.50575285098499E-06     1.73382890857753E-03
  232     1.35532615261435E-05     3.14435667406530E-03
  233     1.18726168104577E-05     2.76631971683663E-03
  234     1.77901641609978E-05     4.16289841367348E-03
  235     1.52216849491961E-05     3.57709596306108E-03
  236     2.70262874737943E-05     6.37820384381545E-03
  237     2.31757330709619E-05     5.49264873781798E-03
  238     2.61533943343105E-05     6.22450785156590E-03
  239     3.74082875930591E-05     8.94058073474112E-03
  240     4.04284332666487E-05     9.70282398399568E-03
  241     2.90244096735235E-05     6.99488273131917E-03
  242     2.71516473208582E-05     6.57069865164767E-03
  243     1.87713159352802E-05     4.56142977227309E-03
  244     2.51677152218487E-05     6.14092251413108E-03
  245     1.07446386087935E-05     2.63243645915440E-03
  246     2.56889880097733E-05     6.31949105040423E-03
  247     7.03083593002625E-06     1.73661647471648E-03
  248     2.25075094187157E-05     5.58186233584149E-03
  249     2.04251372620597E-05     5.08585917825287E-03
  250     1.51177170925357E-05     3.77942927313393E-03
  251     1.56626382960048E-05     3.93132221229719E-03
  252     1.01681738102744E-05     2.56237980018914E-03
  253     8.87523980043564E-12     2.24543566951022E-09
  254     8.46724052051744E-07     2.15067909221143E-04
  255     5.19534780525841E-10     1.32481369034089E-07
  256     0.00000000000000E+00     0.00000000000000E+00
  257     7.15800086385511E-12     1.83960622201076E-09
  258     0.00000000000000E+00     0.00000000000000E+00
  259     0.00000000000000E+00     0.00000000000000E+00
  260     0.00000000000000E+00     0.00000000000000E+00
  261     0.00000000000000E+00     0.00000000000000E+00
  262     0.00000000000000E+00     0.00000000000000E+00
  263     0.00000000000000E+00     0.00000000000000E+00
  264     0.00000000000000E+00     0.00000000000000E+00
  265     0.00000000000000E+00     0.00000000000000E+00
  266     0.00000000000000E+00     0.00000000000000E+00
  267     0.00000000000000E+00     0.00000000000000E+00
  268     0.00000000000000E+00     0.00000000000000E+00
  269     0.00000000000000E+00     0.00000000000000E+00
  270     0.00000000000000E+00     0.00000000000000E+00
  271     0.00000000000000E+00     0.00000000000000E+00
  272     0.00000000000000E+00     0.00000000000000E+00
  273     0.00000000000000E+00     0.00000000000000E+00
  274     0.00000000000000E+00     0.00000000000000E+00
  275     0.00000000000000E+00     0.00000000000000E+00
  276     0.00000000000000E+00     0.00000000000000E+00
  277     0.00000000000000E+00     0.00000000000000E+00
  278     0.00000000000000E+00     0.00000000000000E+00
  279     0.00000000000000E+00     0.00000000000000E+00
  280     0.00000000000000E+00     0.00000000000000E+00
  281     0.00000000000000E+00     0.00000000000000E+00
  282     0.00000000000000E+00     0.00000000000000E+00
  283     0.00000000000000E+00     0.00000000000000E+00
  284     0.00000000000000E+00     0.00000000000000E+00
  285     0.00000000000000E+00     0.00000000000000E+00
  286     0.00000000000000E+00     0.00000000000000E+00
  287     0.00000000000000E+00     0.00000000000000E+00
  288     0.00000000000000E+00     0.00000000000000E+00
  289     0.00000000000000E+00     0.00000000000000E+00
  290     0.00000000000000E+00     0.00000000000000E+00
  291     0.00000000000000E+00     0.00000000000000E+00
  292     0.00000000000000E+00     0.00000000000000E+00
  293     0.00000000000000E+00     0.00000000000000E+00
  294     0.00000000000000E+00     0.00000000000000E+00
  295     0.00000000000000E+00     0.00000000000000E+00
  296     0.00000000000000E+00     0.00000000000000E+00
  297     0.00000000000000E+00     0.00000000000000E+00
  298     0.00000000000000E+00     0.00000000000000E+00
  299     0.00000000000000E+00     0.00000000000000E+00
  300     0.00000000000000E+00     0.00000000000000E+00
  301     0.00000000000000E+00     0.00000000000000E+00
  302     0.00000000000000E+00     0.00000000000000E+00
  303     0.00000000000000E+00     0.00000000000000E+00
  304     0.00000000000000E+00     0.00000000000000E+00
  305     0.00000000000000E+00     0.00000000000000E+00
  306     0.00000000000000E+00     0.00000000000000E+00
  307     0.00000000000000E+00     0.00000000000000E+00
  308     0.00000000000000E+00     0.00000000000000E+00
  309     0.00000000000000E+00     0.00000000000000E+00
  310     0.00000000000000E+00     0.00000000000000E+00
  311     0.00000000000000E+00     0.00000000000000E+00
  312     0.00000000000000E+00     0.00000000000000E+00
  313     0.00000000000000E+00     0.00000000000000E+00
  314     0.00000000000000E+00     0.00000000000000E+00
  315     0.00000000000000E+00     0.00000000000000E+00
  316     0.00000000000000E+00     0.00000000000000E+00
  317     0.00000000000000E+00     0.00000000000000E+00
  318     0.00000000000000E+00     0.00000000000000E+00
  319     0.00000000000000E+00     0.00000000000000E+00
  320     0.00000000000000E+00     0.00000000000000E+00
  321     0.00000000000000E+00     0.00000000000000E+00
  322     0.00000000000000E+00     0.00000000000000E+00
  323     0.00000000000000E+00     0.00000000000000E+00
  324     0.00000000000000E+00     0.00000000000000E+00
  325     0.00000000000000E+00     0.00000000000000E+00
  326     0.00000000000000E+00     0.00000000000000E+00
  327     0.00000000000000E+00     0.00000000000000E+00
  328     0.00000000000000E+00     0.00000000000000E+00
  329     0.00000000000000E+00     0.00000000000000E+00
  330     0.00000000000000E+00     0.00000000000000E+00
  331     0.00000000000000E+00     0.00000000000000E+00
  332     0.00000000000000E+00     0.00000000000000E+00
  333     0.00000000000000E+00     0.00000000000000E+00
  334     0.00000000000000E+00     0.00000000000000E+00
  335     0.00000000000000E+00     0.00000000000000E+00
  336     0.00000000000000E+00     0.00000000000000E+00
  337     0.00000000000000E+00     0.00000000000000E+00
