               WinNet - Nuclear reaction network
              ===================================
 
 
Option                                   :      Value     Unit
--------------------------------------------------------------
Release                                  :    Unknown         
Git hash                                 :    Unknown         
Network size                             :       6757         
Amount reaclib rates                     :      72724         
Amount fission rates                     :       5833         
Total number of fission neutrons         :      27813         
Amount weak (ffn) rates                  :        212         
Total reactions after merge              :      78557         
Thermodynamic trajectory                 :  from file         
Starting index                           :          1         
Expansion velocity:                      :   4.47E+04   [km/s]
Evolution mode                           :        NSE         
Initial abundance source                 :        NSE         
Initial entropy                          :   8.46E-03 [kB/nuc]

#-- 1:it 2:time[s] 3:T9[GK] 4:rho[g/cm3] 5:entropy[kB/baryon]
       0  2.4061646E-05 10.0000000  6.8504187E+12    0.0084581
       1  2.4061648E-05  9.9999999  6.8504186E+12    0.0084581
       2  2.4061652E-05  9.9999998  6.8504184E+12    0.0084581
       3  2.4061660E-05  9.9999995  6.8504181E+12    0.0084581
       4  2.4061676E-05  9.9999988  6.8504174E+12    0.0084581
       5  2.4061708E-05  9.9999976  6.8504159E+12    0.0084581
       6  2.4061772E-05  9.9999950  6.8504131E+12    0.0084581
       7  2.4061900E-05  9.9999899  6.8504075E+12    0.0084581
       8  2.4062156E-05  9.9999798  6.8503962E+12    0.0084581
       9  2.4062668E-05  9.9999595  6.8503735E+12    0.0084581
      10  2.4063692E-05  9.9999190  6.8503283E+12    0.0084580
      11  2.4065740E-05  9.9998378  6.8502379E+12    0.0084580
      12  2.4069836E-05  9.9996756  6.8500570E+12    0.0084579
      13  2.4078028E-05  9.9993511  6.8496952E+12    0.0084578
      14  2.4094412E-05  9.9987022  6.8489717E+12    0.0084576
      15  2.4127180E-05  9.9974045  6.8475249E+12    0.0084571
      16  2.4192716E-05  9.9948096  6.8446322E+12    0.0084561
      17  2.4323788E-05  9.9896217  6.8388506E+12    0.0084541
      18  2.4585932E-05  9.9792542  6.8273019E+12    0.0084501
      19  2.5000000E-05  9.9629000  6.8091000E+12    0.0084439
      20  2.5828137E-05  9.9282699  6.7727422E+12    0.0084297
      21  2.7484411E-05  9.8587393  6.7000764E+12    0.0084011
      22  3.0796959E-05  9.7189188  6.5555511E+12    0.0083430
      23  3.7422054E-05  9.4386969  6.2742088E+12    0.0082229
      24  4.5373736E-05  9.1075022  5.9607739E+12    0.0080724
      25  5.0000000E-05  8.9204000  5.7955000E+12    0.0079818
      26  5.9252529E-05  8.5517414  5.5065100E+12    0.0077850
      27  6.9205699E-05  8.1711170  5.2314000E+12    0.0075682
      28  7.6000000E-05  7.9320000  5.0477000E+12    0.0074358
      29  8.5163987E-05  7.6408747  4.7955501E+12    0.0072877
      30  9.4269802E-05  7.3744748  4.5559773E+12    0.0071562
      31  1.0100000E-04  7.1843000  4.3963000E+12    0.0070561
 Evolution mode: switching to network
      32  1.0822708E-04  6.9817301  4.2481689E+12    0.0069370
      33  1.0822708E-04  6.9817301  4.2481689E+12    0.0069370
      34  1.0822708E-04  6.9817301  4.2481689E+12    0.0069370
      35  1.0822708E-04  6.9817301  4.2481689E+12    0.0069370
      36  1.0822708E-04  6.9817301  4.2481689E+12    0.0069370
      37  1.0822708E-04  6.9817301  4.2481689E+12    0.0069370
      38  1.0822708E-04  6.9817301  4.2481689E+12    0.0069370
      39  1.0822708E-04  6.9817301  4.2481689E+12    0.0069370
      40  1.0822708E-04  6.9817301  4.2481689E+12    0.0069370
      41  1.0822708E-04  6.9817301  4.2481689E+12    0.0069370
      42  1.0822708E-04  6.9817301  4.2481689E+12    0.0069370
      43  1.0822708E-04  6.9817301  4.2481689E+12    0.0069370
      44  1.0822708E-04  6.9817301  4.2481689E+12    0.0069370
      45  1.0822708E-04  6.9817301  4.2481689E+12    0.0069370
      46  1.0822708E-04  6.9817301  4.2481689E+12    0.0069370
      47  1.0822708E-04  6.9817301  4.2481689E+12    0.0069370
      48  1.0822708E-04  6.9817301  4.2481689E+12    0.0069370
      49  1.0822708E-04  6.9817301  4.2481689E+12    0.0069370

#-- 1:it 2:time[s] 3:T9[GK] 4:rho[g/cm3] 5:entropy[kB/baryon]
      50  1.0822708E-04  6.9817301  4.2481689E+12    0.0069370
      51  1.0822708E-04  6.9817301  4.2481689E+12    0.0069370
      52  1.0822708E-04  6.9817301  4.2481688E+12    0.0069370
      53  1.0822708E-04  6.9817301  4.2481688E+12    0.0069370
      54  1.0822708E-04  6.9817300  4.2481688E+12    0.0069370
      55  1.0822709E-04  6.9817300  4.2481688E+12    0.0069370
      56  1.0822709E-04  6.9817300  4.2481688E+12    0.0069370
      57  1.0822709E-04  6.9817299  4.2481687E+12    0.0069370
      58  1.0822709E-04  6.9817298  4.2481686E+12    0.0069370
      59  1.0822710E-04  6.9817295  4.2481684E+12    0.0069370
      60  1.0822712E-04  6.9817289  4.2481681E+12    0.0069370
      61  1.0822717E-04  6.9817278  4.2481673E+12    0.0069370
      62  1.0822725E-04  6.9817256  4.2481658E+12    0.0069370
      63  1.0822741E-04  6.9817211  4.2481627E+12    0.0069370
      64  1.0822773E-04  6.9817122  4.2481565E+12    0.0069370
      65  1.0822837E-04  6.9816943  4.2481443E+12    0.0069370
      66  1.0822966E-04  6.9816586  4.2481197E+12    0.0069370
      67  1.0823223E-04  6.9815872  4.2480706E+12    0.0069369
      68  1.0823737E-04  6.9814443  4.2479723E+12    0.0069368
      69  1.0824766E-04  6.9811586  4.2477758E+12    0.0069367
      70  1.0826824E-04  6.9805872  4.2473829E+12    0.0069363
      71  1.0830939E-04  6.9794447  4.2465975E+12    0.0069356
      72  1.0839170E-04  6.9771601  4.2450281E+12    0.0069342
      73  1.0849520E-04  6.9742882  4.2430571E+12    0.0069324
      74  1.0860907E-04  6.9711301  4.2408921E+12    0.0069305
      75  1.0873435E-04  6.9676575  4.2385141E+12    0.0069284
      76  1.0887219E-04  6.9638391  4.2359027E+12    0.0069260
      77  1.0902384E-04  6.9596408  4.2330351E+12    0.0069234
      78  1.0919069E-04  6.9550250  4.2298868E+12    0.0069206
      79  1.0937428E-04  6.9499506  4.2264306E+12    0.0069174
      80  1.0957629E-04  6.9443725  4.2226369E+12    0.0069140
      81  1.0979857E-04  6.9382412  4.2184734E+12    0.0069102
      82  1.1004316E-04  6.9315027  4.2139046E+12    0.0069060
      83  1.1031231E-04  6.9240977  4.2088916E+12    0.0069014
      84  1.1060850E-04  6.9159616  4.2033918E+12    0.0068963
      85  1.1093446E-04  6.9070238  4.1973584E+12    0.0068908
      86  1.1129319E-04  6.8972074  4.1907400E+12    0.0068846
      87  1.1168801E-04  6.8864287  4.1834799E+12    0.0068779
      88  1.1212258E-04  6.8745970  4.1755157E+12    0.0068705
      89  1.1260090E-04  6.8616138  4.1667779E+12    0.0068624
      90  1.1312742E-04  6.8473733  4.1571895E+12    0.0068535
      91  1.1370702E-04  6.8317617  4.1466642E+12    0.0068437
      92  1.1434506E-04  6.8146573  4.1351050E+12    0.0068330
      93  1.1504748E-04  6.7959314  4.1224022E+12    0.0068214
      94  1.1582076E-04  6.7754486  4.1084302E+12    0.0068086
      95  1.1667205E-04  6.7530686  4.0930447E+12    0.0067947
      96  1.1760918E-04  6.7286483  4.0760779E+12    0.0067797
      97  1.1863989E-04  6.7020660  4.0573471E+12    0.0067634
      98  1.1972659E-04  6.6743711  4.0374798E+12    0.0067467
      99  1.2086853E-04  6.6456562  4.0164251E+12    0.0067295

#-- 1:it 2:time[s] 3:T9[GK] 4:rho[g/cm3] 5:entropy[kB/baryon]
     100  1.2206532E-04  6.6160118  3.9941112E+12    0.0067121
     101  1.2331618E-04  6.5855470  3.9704600E+12    0.0066946
     102  1.2461986E-04  6.5543898  3.9453870E+12    0.0066772
     103  1.2597465E-04  6.5226865  3.9188031E+12    0.0066601
     104  1.2600000E-04  6.5221000  3.9183000E+12    0.0066598
     105  1.2605071E-04  6.5209276  3.9172931E+12    0.0066592
     106  1.2615212E-04  6.5185853  3.9152767E+12    0.0066580
     107  1.2635496E-04  6.5139103  3.9112330E+12    0.0066555
     108  1.2676062E-04  6.5045991  3.9031040E+12    0.0066507
     109  1.2757195E-04  6.4861288  3.8866888E+12    0.0066412
     110  1.2900781E-04  6.4539224  3.8571862E+12    0.0066253
     111  1.3050623E-04  6.4209405  3.8258991E+12    0.0066095
     112  1.3192247E-04  6.3903254  3.7959825E+12    0.0065955
     113  1.3336483E-04  6.3596727  3.7652897E+12    0.0065818
     114  1.3483722E-04  6.3288995  3.7338446E+12    0.0065686
     115  1.3633997E-04  6.2979988  3.7017576E+12    0.0065555
     116  1.3787361E-04  6.2669574  3.6691454E+12    0.0065427
     117  1.3943905E-04  6.2357526  3.6361283E+12    0.0065300
     118  1.4096405E-04  6.2057866  3.6043512E+12    0.0065179
     119  1.4251661E-04  6.1756847  3.5725140E+12    0.0065058
     120  1.4410071E-04  6.1453585  3.5406864E+12    0.0064934
     121  1.4571860E-04  6.1147534  3.5089896E+12    0.0064807
     122  1.4737274E-04  6.0838099  3.4775575E+12    0.0064675
     123  1.4906585E-04  6.0524611  3.4465381E+12    0.0064537
     124  1.5080106E-04  6.0206318  3.4160967E+12    0.0064390
     125  1.5100000E-04  6.0170000  3.4127000E+12    0.0064373
     126  1.5139789E-04  6.0097590  3.4059581E+12    0.0064338
     127  1.5219366E-04  5.9953901  3.3926590E+12    0.0064270
     128  1.5378521E-04  5.9670818  3.3667569E+12    0.0064132
     129  1.5567017E-04  5.9342362  3.3371700E+12    0.0063970
     130  1.5761296E-04  5.9010718  3.3077582E+12    0.0063803
     131  1.5960713E-04  5.8676639  3.2785426E+12    0.0063633
     132  1.6152170E-04  5.8361060  3.2512655E+12    0.0063470
     133  1.6347579E-04  5.8043315  3.2240526E+12    0.0063304
     134  1.6547104E-04  5.7722525  3.1967662E+12    0.0063136
     135  1.6750510E-04  5.7398370  3.1693106E+12    0.0062965
     136  1.6957498E-04  5.7070534  3.1415845E+12    0.0062792
     137  1.7167718E-04  5.6738698  3.1134814E+12    0.0062617
     138  1.7380773E-04  5.6402539  3.0848915E+12    0.0062440
     139  1.7596231E-04  5.6061738  3.0557039E+12    0.0062263
     140  1.7700000E-04  5.5897000  3.0415000E+12    0.0062178
     141  1.7884116E-04  5.5603261  3.0164097E+12    0.0062025
     142  1.8072867E-04  5.5300647  2.9910758E+12    0.0061864
     143  1.8263813E-04  5.4993895  2.9657677E+12    0.0061698
     144  1.8456805E-04  5.4684151  2.9404367E+12    0.0061528
     145  1.8651781E-04  5.4372455  2.9150192E+12    0.0061358
     146  1.8848691E-04  5.4059864  2.8894481E+12    0.0061187
     147  1.9047489E-04  5.3747461  2.8636539E+12    0.0061018
     148  1.9248134E-04  5.3436348  2.8375644E+12    0.0060853
     149  1.9450597E-04  5.3127641  2.8111051E+12    0.0060694

#-- 1:it 2:time[s] 3:T9[GK] 4:rho[g/cm3] 5:entropy[kB/baryon]
     150  1.9654856E-04  5.2822472  2.7841994E+12    0.0060542
     151  1.9860897E-04  5.2521984  2.7567687E+12    0.0060399
     152  2.0068718E-04  5.2227334  2.7287328E+12    0.0060268
     153  2.0200000E-04  5.2046000  2.7108000E+12    0.0060193
     154  2.0407541E-04  5.1767887  2.6818479E+12    0.0060089
     155  2.0619453E-04  5.1494079  2.6515189E+12    0.0060001
     156  2.0832641E-04  5.1227322  2.6204806E+12    0.0059928
     157  2.1047468E-04  5.0965675  2.5889214E+12    0.0059866
     158  2.1254646E-04  5.0718611  2.5584446E+12    0.0059815
     159  2.1463359E-04  5.0473457  2.5279158E+12    0.0059767
     160  2.1674614E-04  5.0227657  2.4974000E+12    0.0059721
     161  2.1889106E-04  4.9978985  2.4670187E+12    0.0059671
     162  2.2107643E-04  4.9724984  2.4368940E+12    0.0059615
     163  2.2331791E-04  4.9462154  2.4070751E+12    0.0059547
     164  2.2561794E-04  4.9188304  2.3778280E+12    0.0059462
     165  2.2700000E-04  4.9021000  2.3610000E+12    0.0059402
     166  2.2938982E-04  4.8727613  2.3330611E+12    0.0059285
     167  2.3188563E-04  4.8417825  2.3051226E+12    0.0059148
     168  2.3445789E-04  4.8096402  2.2774514E+12    0.0058996
     169  2.3710503E-04  4.7764927  2.2499534E+12    0.0058831
     170  2.3982538E-04  4.7425217  2.2225100E+12    0.0058655
     171  2.4261629E-04  4.7079440  2.1949870E+12    0.0058474
     172  2.4547397E-04  4.6730107  2.1672369E+12    0.0058290
     173  2.4839346E-04  4.6380057  2.1391007E+12    0.0058110
     174  2.5093999E-04  4.6081857  2.1145553E+12    0.0057962
     175  2.5200000E-04  4.5960000  2.1043000E+12    0.0057904
     176  2.5412002E-04  4.5720132  2.0839732E+12    0.0057792
     177  2.5661168E-04  4.5443801  2.0605720E+12    0.0057662
     178  2.5914733E-04  4.5167818  2.0371859E+12    0.0057534
     179  2.6165019E-04  4.4899580  2.0144117E+12    0.0057410
     180  2.6418905E-04  4.4630737  1.9915127E+12    0.0057288
     181  2.6676230E-04  4.4360596  1.9684017E+12    0.0057166
     182  2.6934151E-04  4.4091206  1.9452295E+12    0.0057047
     183  2.7190464E-04  4.3823894  1.9220924E+12    0.0056931
     184  2.7444197E-04  4.3558745  1.8989866E+12    0.0056819
     185  2.7694535E-04  4.3295763  1.8759076E+12    0.0056710
     186  2.7700000E-04  4.3290000  1.8754000E+12    0.0056707
     187  2.7710930E-04  4.3278469  1.8743840E+12    0.0056703
     188  2.7732791E-04  4.3255378  1.8723482E+12    0.0056693
     189  2.7776511E-04  4.3209087  1.8682615E+12    0.0056674
     190  2.7863953E-04  4.3116104  1.8600323E+12    0.0056637
     191  2.8038836E-04  4.2928787  1.8433825E+12    0.0056562
     192  2.8272774E-04  4.2676274  1.8208180E+12    0.0056464
     193  2.8506091E-04  4.2423473  1.7981317E+12    0.0056368
     194  2.8736524E-04  4.2174172  1.7757028E+12    0.0056274
     195  2.8965310E-04  4.1928270  1.7535553E+12    0.0056184
     196  2.9182446E-04  4.1697481  1.7327707E+12    0.0056100
     197  2.9399781E-04  4.1470034  1.7123087E+12    0.0056018
     198  2.9619009E-04  4.1245214  1.6921215E+12    0.0055938
     199  2.9841364E-04  4.1022928  1.6722161E+12    0.0055859

#-- 1:it 2:time[s] 3:T9[GK] 4:rho[g/cm3] 5:entropy[kB/baryon]
     200  3.0068186E-04  4.0803182  1.6526071E+12    0.0055782
     201  3.0266223E-04  4.0617928  1.6361421E+12    0.0055717
     202  3.0300000E-04  4.0587000  1.6334000E+12    0.0055706
     203  3.0367553E-04  4.0525850  1.6279653E+12    0.0055685
     204  3.0502660E-04  4.0406412  1.6172670E+12    0.0055645
     205  3.0709552E-04  4.0230095  1.6012935E+12    0.0055588
     206  3.0924584E-04  4.0053869  1.5851602E+12    0.0055535
     207  3.1145143E-04  3.9878866  1.5690432E+12    0.0055484
     208  3.1371349E-04  3.9703636  1.5528983E+12    0.0055434
     209  3.1602277E-04  3.9527301  1.5367483E+12    0.0055383
     210  3.1836868E-04  3.9348850  1.5206141E+12    0.0055330
     211  3.2074211E-04  3.9166998  1.5044983E+12    0.0055274
     212  3.2313299E-04  3.8980451  1.4884047E+12    0.0055211
     213  3.2553067E-04  3.8787975  1.4723388E+12    0.0055141
     214  3.2792438E-04  3.8588445  1.4563070E+12    0.0055061
     215  3.2800000E-04  3.8582000  1.4558000E+12    0.0055058
     216  3.2815124E-04  3.8569084  1.4547856E+12    0.0055053
     217  3.2845371E-04  3.8543150  1.4527554E+12    0.0055042
     218  3.2905866E-04  3.8490888  1.4486896E+12    0.0055019
     219  3.3026856E-04  3.8384902  1.4405422E+12    0.0054972
     220  3.3256070E-04  3.8179563  1.4250867E+12    0.0054878
     221  3.3489938E-04  3.7965428  1.4093598E+12    0.0054775
     222  3.3724066E-04  3.7748165  1.3937397E+12    0.0054668
     223  3.3959608E-04  3.7528456  1.3782298E+12    0.0054555
     224  3.4198031E-04  3.7306697  1.3628169E+12    0.0054440
     225  3.4440902E-04  3.7083294  1.3474906E+12    0.0054321
     226  3.4689965E-04  3.6858724  1.3322450E+12    0.0054200
     227  3.4947240E-04  3.6633599  1.3170803E+12    0.0054078
     228  3.5215177E-04  3.6408766  1.3020054E+12    0.0053956
     229  3.5300000E-04  3.6340000  1.2974000E+12    0.0053919
     230  3.5469645E-04  3.6206002  1.2885006E+12    0.0053845
     231  3.5766411E-04  3.5981234  1.2738865E+12    0.0053719
     232  3.6076840E-04  3.5756352  1.2595935E+12    0.0053588
     233  3.6401268E-04  3.5528810  1.2453589E+12    0.0053453
     234  3.6733487E-04  3.5299756  1.2311244E+12    0.0053316
     235  3.7065238E-04  3.5071024  1.2168582E+12    0.0053180
     236  3.7387508E-04  3.4845113  1.2025885E+12    0.0053050
     237  3.7691290E-04  3.4625638  1.1884649E+12    0.0052927
     238  3.7800000E-04  3.4545000  1.1832000E+12    0.0052883
     239  3.8017419E-04  3.4379578  1.1722942E+12    0.0052795
     240  3.8277370E-04  3.4175620  1.1587204E+12    0.0052689
     241  3.8519175E-04  3.3981859  1.1457465E+12    0.0052590
     242  3.8749656E-04  3.3795336  1.1332222E+12    0.0052496
     243  3.8972827E-04  3.3614568  1.1210786E+12    0.0052406
     244  3.9191617E-04  3.3438592  1.1092731E+12    0.0052319
     245  3.9408418E-04  3.3266738  1.0977780E+12    0.0052233
     246  3.9625402E-04  3.3098518  1.0865755E+12    0.0052150
     247  3.9844754E-04  3.2933568  1.0756561E+12    0.0052067
     248  4.0068892E-04  3.2771619  1.0650175E+12    0.0051986
     249  4.0300000E-04  3.2613000  1.0547000E+12    0.0051905

#-- 1:it 2:time[s] 3:T9[GK] 4:rho[g/cm3] 5:entropy[kB/baryon]
     250  4.0543548E-04  3.2455592  1.0445226E+12    0.0051824
     251  4.0801468E-04  3.2298128  1.0343498E+12    0.0051744
     252  4.1087999E-04  3.2132108  1.0236467E+12    0.0051661
     253  4.1382829E-04  3.1968524  1.0131428E+12    0.0051578
     254  4.1684535E-04  3.1805978  1.0027716E+12    0.0051496
     255  4.1989154E-04  3.1644017  9.9253036E+11    0.0051412
     256  4.2291881E-04  3.1482428  9.8242974E+11    0.0051328
     257  4.2587657E-04  3.1321331  9.7249557E+11    0.0051242
     258  4.2872020E-04  3.1161129  9.6276177E+11    0.0051154
     259  4.2900000E-04  3.1145000  9.6179000E+11    0.0051145
     260  4.2955961E-04  3.1112624  9.5984394E+11    0.0051127
     261  4.3067883E-04  3.1047613  9.5595445E+11    0.0051091
     262  4.3291727E-04  3.0916680  9.4818929E+11    0.0051016
     263  4.3547010E-04  3.0766189  9.3936385E+11    0.0050929
     264  4.3795293E-04  3.0619015  9.3082100E+11    0.0050843
     265  4.4038828E-04  3.0474252  9.2248954E+11    0.0050757
     266  4.4278274E-04  3.0331877  9.1435266E+11    0.0050672
     267  4.4514263E-04  3.0191840  9.0639390E+11    0.0050588
     268  4.4747364E-04  3.0054097  8.9859875E+11    0.0050505
     269  4.4978097E-04  2.9918611  8.9095419E+11    0.0050423
     270  4.5206942E-04  2.9785353  8.8344848E+11    0.0050343
     271  4.5400000E-04  2.9674000  8.7718000E+11    0.0050276
     272  4.5628147E-04  2.9542585  8.6983876E+11    0.0050196
     273  4.5852627E-04  2.9412676  8.6267531E+11    0.0050116
     274  4.6074328E-04  2.9284223  8.5565824E+11    0.0050035
     275  4.6293682E-04  2.9157400  8.4877155E+11    0.0049955
     276  4.6570666E-04  2.8998265  8.4015450E+11    0.0049855
     277  4.6842750E-04  2.8843758  8.3177497E+11    0.0049758
     278  4.7113735E-04  2.8692397  8.2351234E+11    0.0049665
     279  4.7384556E-04  2.8544354  8.1533669E+11    0.0049576
     280  4.7656293E-04  2.8399756  8.0721502E+11    0.0049493
     281  4.7900000E-04  2.8274000  8.0000000E+11    0.0049424
     282  4.8176807E-04  2.8137473  7.9188326E+11    0.0049356
     283  4.8454578E-04  2.8007214  7.8382093E+11    0.0049298
     284  4.8735395E-04  2.7880421  7.7575361E+11    0.0049247
     285  4.9017723E-04  2.7755936  7.6772656E+11    0.0049201
     286  4.9300016E-04  2.7632511  7.5978359E+11    0.0049155
     287  4.9580602E-04  2.7508968  7.5197012E+11    0.0049108
     288  4.9857797E-04  2.7384257  7.4433010E+11    0.0049055
     289  5.0130002E-04  2.7257514  7.3690327E+11    0.0048994
     290  5.0395801E-04  2.7128097  7.2972287E+11    0.0048924
     291  5.0400000E-04  2.7126000  7.2961000E+11    0.0048923
     292  5.0408398E-04  2.7121799  7.2938429E+11    0.0048920
     293  5.0425195E-04  2.7113373  7.2893301E+11    0.0048915
     294  5.0458788E-04  2.7096425  7.2803095E+11    0.0048905
     295  5.0525974E-04  2.7062159  7.2622895E+11    0.0048884
     296  5.0660345E-04  2.6992267  7.2263390E+11    0.0048840
     297  5.0913358E-04  2.6856544  7.1590063E+11    0.0048749
     298  5.1154728E-04  2.6723390  7.0952669E+11    0.0048655
     299  5.1389010E-04  2.6592137  7.0339218E+11    0.0048558

#-- 1:it 2:time[s] 3:T9[GK] 4:rho[g/cm3] 5:entropy[kB/baryon]
     300  5.1618320E-04  2.6463045  6.9744306E+11    0.0048462
     301  5.1844634E-04  2.6336235  6.9163009E+11    0.0048367
     302  5.2069685E-04  2.6211866  6.8591168E+11    0.0048274
     303  5.2295124E-04  2.6090132  6.8024995E+11    0.0048185
     304  5.2522638E-04  2.5971285  6.7460790E+11    0.0048101
     305  5.2754083E-04  2.5855654  6.6894667E+11    0.0048024
     306  5.2900000E-04  2.5786000  6.6542000E+11    0.0047980
     307  5.3148794E-04  2.5672330  6.5949411E+11    0.0047914
     308  5.3446120E-04  2.5542930  6.5255118E+11    0.0047844
     309  5.3750945E-04  2.5416249  6.4556567E+11    0.0047781
     310  5.4064483E-04  2.5290813  6.3849359E+11    0.0047723
     311  5.4384467E-04  2.5166366  6.3136688E+11    0.0047670
     312  5.4708150E-04  2.5042584  6.2422336E+11    0.0073507
     313  5.5032268E-04  2.4919191  6.1710933E+11    0.0110095
     314  5.5354665E-04  2.4795483  6.1004627E+11    0.0146622
     315  5.5500000E-04  2.4739000  6.0686000E+11    0.0163013
     316  5.5790671E-04  2.4626618  6.0040830E+11    0.0197851
     317  5.6088268E-04  2.4513537  5.9370268E+11    0.0236934
     318  5.6386472E-04  2.4401546  5.8696496E+11    0.0277987
     319  5.6687929E-04  2.4288986  5.8021697E+11    0.0319787
     320  5.6990260E-04  2.4176067  5.7359283E+11    0.0360364
     321  5.7290675E-04  2.4063158  5.6722833E+11    0.0397712
     322  5.7589217E-04  2.3949605  5.6118950E+11    0.0430279
     323  5.7885771E-04  2.3834851  5.5553982E+11    0.0456560
     324  5.8000000E-04  2.3790000  5.5347000E+11    0.0464736
     325  5.8228459E-04  2.3698767  5.4955743E+11    0.0476705
     326  5.8523090E-04  2.3578379  5.4492287E+11    0.0484111
     327  5.8812238E-04  2.3458246  5.4070616E+11    0.0484966
     328  5.9099211E-04  2.3338107  5.3672520E+11    0.0482034
     329  5.9384030E-04  2.3218964  5.3286117E+11    0.0477837
     330  5.9666900E-04  2.3101676  5.2900110E+11    0.0474783
     331  5.9948055E-04  2.2987038  5.2503910E+11    0.0475187
     332  6.0227763E-04  2.2875786  5.2087522E+11    0.0481290
     333  6.0500000E-04  2.2771000  5.1652000E+11    0.0494866
     334  6.0881544E-04  2.2630758  5.0982716E+11    0.0528924
     335  6.1247170E-04  2.2502062  5.0295165E+11    0.0574289
     336  6.1603823E-04  2.2379847  4.9604645E+11    0.0625381
     337  6.1947222E-04  2.2263467  4.8941572E+11    0.0676310
     338  6.2273738E-04  2.2152436  4.8329590E+11    0.0722237
     339  6.2592455E-04  2.2042332  4.7764103E+11    0.0761030
     340  6.2910355E-04  2.1929523  4.7244678E+11    0.0790244
     341  6.3000000E-04  2.1897000  4.7108000E+11    0.0796289
     342  6.3179290E-04  2.1831244  4.6848807E+11    0.0805339
     343  6.3525089E-04  2.1702644  4.6394550E+11    0.0813204
     344  6.3876791E-04  2.1569959  4.5977504E+11    0.0811556
     345  6.4236628E-04  2.1432864  4.5577468E+11    0.0803961
     346  6.4594706E-04  2.1295716  4.5186296E+11    0.0794698
     347  6.4946576E-04  2.1160835  4.4789985E+11    0.0788046
     348  6.5286836E-04  2.1030837  4.4378875E+11    0.0787725
     349  6.5600000E-04  2.0912000  4.3963000E+11    0.0795904

#-- 1:it 2:time[s] 3:T9[GK] 4:rho[g/cm3] 5:entropy[kB/baryon]
     350  6.5889174E-04  2.0801445  4.3540836E+11    0.0811176
     351  6.6152511E-04  2.0699109  4.3131272E+11    0.0829670
     352  6.6397434E-04  2.0603251  4.2736056E+11    0.0849884
     353  6.6630745E-04  2.0511934  4.2352577E+11    0.0871080
     354  6.6856783E-04  2.0423986  4.1979494E+11    0.0892749
     355  6.7078722E-04  2.0338612  4.1616121E+11    0.0914491
     356  6.7299182E-04  2.0255218  4.1262176E+11    0.0935944
     357  6.7520589E-04  2.0173326  4.0917706E+11    0.0956749
     358  6.7745441E-04  2.0092515  4.0583096E+11    0.0976504
     359  6.7976602E-04  2.0012386  4.0259173E+11    0.0994716
     360  6.8100000E-04  1.9971000  4.0096000E+11    0.1003334
     361  6.8346796E-04  1.9891723  3.9790778E+11    0.1018427
     362  6.8611140E-04  1.9811515  3.9489902E+11    0.1032204
     363  6.8984863E-04  1.9704184  3.9097289E+11    0.1048800
     364  6.9379213E-04  1.9595379  3.8705758E+11    0.1064630
     365  6.9789030E-04  1.9483190  3.8301102E+11    0.1081709
     366  7.0194063E-04  1.9369219  3.7881177E+11    0.1101745
     367  7.0573468E-04  1.9256212  3.7450874E+11    0.1125608
     368  7.0600000E-04  1.9248000  3.7419000E+11    0.1127516
     369  7.0653063E-04  1.9231468  3.7354472E+11    0.1131458
     370  7.0759190E-04  1.9198051  3.7222476E+11    0.1139857
     371  7.0971443E-04  1.9129951  3.6948245E+11    0.1158483
     372  7.1289573E-04  1.9025359  3.6518050E+11    0.1189960
     373  7.1587598E-04  1.8925522  3.6102984E+11    0.1221903
     374  7.1874547E-04  1.8828571  3.5700766E+11    0.1253492
     375  7.2155185E-04  1.8733746  3.5312288E+11    0.1283888
     376  7.2433275E-04  1.8640500  3.4938807E+11    0.1312298
     377  7.2712169E-04  1.8548407  3.4582055E+11    0.1337867
     378  7.3064582E-04  1.8435144  3.4166219E+11    0.1364103
     379  7.3100000E-04  1.8424000  3.4127000E+11    0.1366280
     380  7.3170836E-04  1.8401782  3.4049749E+11    0.1370389
     381  7.3312509E-04  1.8357473  3.3899128E+11    0.1377746
     382  7.3595855E-04  1.8269411  3.3611877E+11    0.1389405
     383  7.3975028E-04  1.8152881  3.3251650E+11    0.1399951
     384  7.4354053E-04  1.8038125  3.2912053E+11    0.1406662
     385  7.4737453E-04  1.7924047  3.2581718E+11    0.1411727
     386  7.5124094E-04  1.7811289  3.2254477E+11    0.1417313
     387  7.5513085E-04  1.7700401  3.1923810E+11    0.1425695
     388  7.5600000E-04  1.7676000  3.1849000E+11    0.1428179
     389  7.5773830E-04  1.7628125  3.1701435E+11    0.1433349
     390  7.6121489E-04  1.7536335  3.1418805E+11    0.1443446
     391  7.6534846E-04  1.7431756  3.1096185E+11    0.1455570
     392  7.6958508E-04  1.7326466  3.0769228E+11    0.1468897
     393  7.7383193E-04  1.7219424  3.0433382E+11    0.1484005
     394  7.7794463E-04  1.7111151  3.0089605E+11    0.1501096
     395  7.8180720E-04  1.7002635  2.9741185E+11    0.1520040
     396  7.8200000E-04  1.6997000  2.9723000E+11    0.1521071
     397  7.8238560E-04  1.6985661  2.9686314E+11    0.1523179
     398  7.8315680E-04  1.6962711  2.9611592E+11    0.1527612
     399  7.8469920E-04  1.6915806  2.9457232E+11    0.1537279

#-- 1:it 2:time[s] 3:T9[GK] 4:rho[g/cm3] 5:entropy[kB/baryon]
     400  7.8778400E-04  1.6818630  2.9132705E+11    0.1559237
     401  7.9085003E-04  1.6718824  2.8796343E+11    0.1583444
     402  7.9376479E-04  1.6622274  2.8471256E+11    0.1607478
     403  7.9659484E-04  1.6528133  2.8157116E+11    0.1630697
     404  7.9938509E-04  1.6435994  2.7854609E+11    0.1652476
     405  8.0217357E-04  1.6345598  2.7564849E+11    0.1672159
     406  8.0499726E-04  1.6256785  2.7289484E+11    0.1688975
     407  8.0700000E-04  1.6196000  2.7108000E+11    0.1698451
     408  8.1004590E-04  1.6105941  2.6851705E+11    0.1708641
     409  8.1312485E-04  1.6016478  2.6610146E+11    0.1714724
     410  8.1625445E-04  1.5927154  2.6378739E+11    0.1717764
     411  8.1942786E-04  1.5838226  2.6154688E+11    0.1718868
     412  8.2263855E-04  1.5749929  2.5934910E+11    0.1719262
     413  8.2587900E-04  1.5662512  2.5716194E+11    0.1720269
     414  8.2914087E-04  1.5576228  2.5495273E+11    0.1723280
     415  8.3200000E-04  1.5502000  2.5298000E+11    0.1728663
     416  8.3529768E-04  1.5419311  2.5068556E+11    0.1738439
     417  8.3863024E-04  1.5339300  2.4838840E+11    0.1751055
     418  8.4205329E-04  1.5259488  2.4605107E+11    0.1765732
     419  8.4552421E-04  1.5179629  2.4370367E+11    0.1781186
     420  8.4899769E-04  1.5099403  2.4137696E+11    0.1795997
     421  8.5242490E-04  1.5018610  2.3910287E+11    0.1808761
     422  8.5576030E-04  1.4937196  2.3691000E+11    0.1818280
     423  8.5700000E-04  1.4906000  2.3610000E+11    0.1820865
     424  8.5947940E-04  1.4842110  2.3448548E+11    0.1824593
     425  8.6249548E-04  1.4762306  2.3253076E+11    0.1827087
     426  8.6538776E-04  1.4684233  2.3066864E+11    0.1827792
     427  8.6820509E-04  1.4607310  2.2886905E+11    0.1827299
     428  8.7096917E-04  1.4531535  2.2711956E+11    0.1826065
     429  8.7369872E-04  1.4456904  2.2540976E+11    0.1824481
     430  8.7641032E-04  1.4383428  2.2373082E+11    0.1822900
     431  8.7911960E-04  1.4311134  2.2207484E+11    0.1821660
     432  8.8184212E-04  1.4240064  2.2043437E+11    0.1821109
     433  8.8200000E-04  1.4236000  2.2034000E+11    0.1821106
     434  8.8231576E-04  1.4227883  2.2015157E+11    0.1821098
     435  8.8294728E-04  1.4211665  2.1977598E+11    0.1821053
     436  8.8421032E-04  1.4179301  2.1902969E+11    0.1820856
     437  8.8673641E-04  1.4114883  2.1755500E+11    0.1820118
     438  8.8951584E-04  1.4044528  2.1595633E+11    0.1818964
     439  8.9339000E-04  1.3947492  2.1376109E+11    0.1817219
     440  8.9719401E-04  1.3853523  2.1163219E+11    0.1815943
     441  9.0097924E-04  1.3761460  2.0952866E+11    0.1815744
     442  9.0474079E-04  1.3671540  2.0744231E+11    0.1817231
     443  9.0800000E-04  1.3595000  2.0563000E+11    0.1820358
     444  9.1173269E-04  1.3509494  2.0354922E+11    0.1826671
     445  9.1543295E-04  1.3426974  2.0148985E+11    0.1835448
     446  9.1948069E-04  1.3338410  1.9924695E+11    0.1846833
     447  9.2352002E-04  1.3250913  1.9702522E+11    0.1858890
     448  9.2753705E-04  1.3163891  1.9483815E+11    0.1870385
     449  9.3150023E-04  1.3077194  1.9270791E+11    0.1880094

#-- 1:it 2:time[s] 3:T9[GK] 4:rho[g/cm3] 5:entropy[kB/baryon]
     450  9.3300000E-04  1.3044000  1.9191000E+11    0.1883111
     451  9.3599955E-04  1.2977465  1.9032529E+11    0.1888668
     452  9.3981761E-04  1.2892956  1.8832633E+11    0.1895451
     453  9.4355786E-04  1.2810112  1.8638797E+11    0.1901494
     454  9.4724999E-04  1.2728023  1.8449396E+11    0.1906577
     455  9.5088370E-04  1.2646692  1.8264883E+11    0.1910442
     456  9.5445153E-04  1.2566095  1.8085549E+11    0.1912870
     457  9.5794717E-04  1.2486215  1.7911615E+11    0.1913680
     458  9.5800000E-04  1.2485000  1.7909000E+11    0.1913679
     459  9.5810565E-04  1.2482570  1.7903771E+11    0.1913677
     460  9.5831696E-04  1.2477709  1.7893315E+11    0.1913672
     461  9.5873956E-04  1.2467987  1.7872412E+11    0.1913659
     462  9.5958478E-04  1.2448540  1.7830647E+11    0.1913624
     463  9.6127520E-04  1.2409625  1.7747298E+11    0.1913486
     464  9.6465606E-04  1.2331614  1.7581464E+11    0.1912764
     465  9.6796117E-04  1.2254951  1.7420713E+11    0.1911158
     466  9.7121165E-04  1.2178984  1.7264217E+11    0.1908336
     467  9.7440215E-04  1.2103696  1.7112405E+11    0.1904015
     468  9.7752923E-04  1.2029054  1.6965570E+11    0.1897955
     469  9.8059011E-04  1.1955034  1.6823932E+11    0.1889960
     470  9.8300000E-04  1.1896000  1.6714000E+11    0.1882029
     471  9.8595861E-04  1.1823048  1.6578969E+11    0.1871861
     472  9.8883559E-04  1.1751891  1.6446716E+11    0.1862322
     473  9.9166481E-04  1.1681499  1.6317016E+11    0.1852345
     474  9.9444349E-04  1.1611772  1.6191137E+11    0.1841088
     475  9.9717060E-04  1.1542593  1.6070109E+11    0.1827803
     476  9.9984526E-04  1.1473867  1.5954802E+11    0.1811833
     477  1.0024668E-03  1.1405514  1.5845938E+11    0.1792613
     478  1.0050348E-03  1.1337471  1.5744102E+11    0.1769662
     479  1.0075491E-03  1.1269687  1.5649754E+11    0.1742584
     480  1.0090000E-03  1.1230000  1.5598000E+11    0.1724632
     481  1.0115472E-03  1.1159642  1.5513968E+11    0.1688131
     482  1.0140023E-03  1.1091211  1.5441012E+11    0.1647225
     483  1.0164211E-03  1.1023142  1.5374888E+11    0.1602428
     484  1.0187964E-03  1.0955610  1.5313694E+11    0.1555032
     485  1.0211248E-03  1.0888705  1.5255628E+11    0.1506193
     486  1.0234033E-03  1.0822506  1.5199085E+11    0.1456953
     487  1.0256299E-03  1.0757083  1.5142664E+11    0.1408236
     488  1.0278031E-03  1.0692489  1.5085167E+11    0.1360842
     489  1.0299223E-03  1.0628766  1.5025587E+11    0.1315451
     490  1.0319873E-03  1.0565947  1.4963102E+11    0.1272633
     491  1.0339983E-03  1.0504052  1.4897057E+11    0.1232850
     492  1.0340000E-03  1.0504000  1.4897000E+11    0.1232818
     493  1.0340033E-03  1.0503897  1.4896886E+11    0.1232754
     494  1.0340100E-03  1.0503690  1.4896657E+11    0.1232626
     495  1.0340234E-03  1.0503277  1.4896199E+11    0.1232369
     496  1.0340500E-03  1.0502450  1.4895283E+11    0.1231856
     497  1.0341034E-03  1.0500796  1.4893449E+11    0.1230830
     498  1.0342102E-03  1.0497483  1.4889773E+11    0.1228778
     499  1.0344237E-03  1.0490842  1.4882386E+11    0.1224672

#-- 1:it 2:time[s] 3:T9[GK] 4:rho[g/cm3] 5:entropy[kB/baryon]
     500  1.0348508E-03  1.0477503  1.4867477E+11    0.1216458
     501  1.0357050E-03  1.0450604  1.4837142E+11    0.1200019
     502  1.0374134E-03  1.0396008  1.4774558E+11    0.1167113
     503  1.0392606E-03  1.0335970  1.4704361E+11    0.1131529
     504  1.0410458E-03  1.0277187  1.4634440E+11    0.1097181
     505  1.0427866E-03  1.0219359  1.4564673E+11    0.1063770
     506  1.0444914E-03  1.0162434  1.4495181E+11    0.1031166
     507  1.0461674E-03  1.0106366  1.4426062E+11    0.0999261
     508  1.0478211E-03  1.0051115  1.4357399E+11    0.0967965
     509  1.0494579E-03  0.9996650  1.4289266E+11    0.0937199
     510  1.0510820E-03  0.9942979  1.4221773E+11    0.0906912
     511  1.0526841E-03  0.9890539  1.4155566E+11    0.0877304
     512  1.0542851E-03  0.9838776  1.4090030E+11    0.0848014
     513  1.0564499E-03  0.9770032  1.4002844E+11    0.0808936
     514  1.0586012E-03  0.9703433  1.3918374E+11    0.0770776
     515  1.0590000E-03  0.9691300  1.3903000E+11    0.0763781
     516  1.0597976E-03  0.9667146  1.3872223E+11    0.0749939
     517  1.0613927E-03  0.9619093  1.3810011E+11    0.0722922
     518  1.0636209E-03  0.9552555  1.3722067E+11    0.0686445
     519  1.0658149E-03  0.9487747  1.3634910E+11    0.0651636
     520  1.0680072E-03  0.9423729  1.3547924E+11    0.0617587
     521  1.0701968E-03  0.9360558  1.3461779E+11    0.0583950
     522  1.0723845E-03  0.9298245  1.3377062E+11    0.0550352
     523  1.0745712E-03  0.9236799  1.3294346E+11    0.0516423
     524  1.0767576E-03  0.9176232  1.3214186E+11    0.0481793
     525  1.0789445E-03  0.9116552  1.3137127E+11    0.0446091
     526  1.0811327E-03  0.9057767  1.3063706E+11    0.0408943
     527  1.0833232E-03  0.8999885  1.2994454E+11    0.0369969
     528  1.0840000E-03  0.8982200  1.2974000E+11    0.0357510
     529  1.0853537E-03  0.8947004  1.2934838E+11    0.0331542
     530  1.0875839E-03  0.8889410  1.2875343E+11    0.0285552
     531  1.0897554E-03  0.8833902  1.2822379E+11    0.0237784
     532  1.0919166E-03  0.8779324  1.2773384E+11    0.0188261
     533  1.0940724E-03  0.8725645  1.2727100E+11    0.0137820
     534  1.0962297E-03  0.8672792  1.2682287E+11    0.0087231
     535  1.0983952E-03  0.8620703  1.2637738E+11    0.0037265
     536  1.1009283E-03  0.8561130  1.2584754E+11    0.0027990
     537  1.1034957E-03  0.8502385  1.2528450E+11    0.0027839
     538  1.1061032E-03  0.8444568  1.2466829E+11    0.0027695
     539  1.1087454E-03  0.8388033  1.2398033E+11    0.0027560
     540  1.1090000E-03  0.8382700  1.2391000E+11    0.0027547
     541  1.1095092E-03  0.8372146  1.2376713E+11    0.0027523
     542  1.1105276E-03  0.8351563  1.2347308E+11    0.0027477
     543  1.1125644E-03  0.8312273  1.2285549E+11    0.0027394
     544  1.1154118E-03  0.8260733  1.2193957E+11    0.0027292
     545  1.1184055E-03  0.8209486  1.2093259E+11    0.0027198
     546  1.1215426E-03  0.8157404  1.1985589E+11    0.0027107
     547  1.1247435E-03  0.8104247  1.1876324E+11    0.0027013
     548  1.1278978E-03  0.8050160  1.1772011E+11    0.0026912
     549  1.1309355E-03  0.7994946  1.1677192E+11    0.0026799

#-- 1:it 2:time[s] 3:T9[GK] 4:rho[g/cm3] 5:entropy[kB/baryon]
     550  1.1338000E-03  0.7938787  1.1594934E+11    0.0026674
     551  1.1350000E-03  0.7913800  1.1563000E+11    0.0026614
     552  1.1373999E-03  0.7861180  1.1504076E+11    0.0026481
     553  1.1397821E-03  0.7806089  1.1451189E+11    0.0026335
     554  1.1420106E-03  0.7752595  1.1405563E+11    0.0026188
     555  1.1441266E-03  0.7700572  1.1364676E+11    0.0026042
     556  1.1462203E-03  0.7648393  1.1325645E+11    0.0025894
     557  1.1485664E-03  0.7589633  1.1282508E+11    0.0025726
     558  1.1508966E-03  0.7531548  1.1239143E+11    0.0025561
     559  1.1532267E-03  0.7474317  1.1194092E+11    0.0025399
     560  1.1555733E-03  0.7418106  1.1145854E+11    0.0025242
     561  1.1579534E-03  0.7363121  1.1092812E+11    0.0025094
     562  1.1600000E-03  0.7317900  1.1043000E+11    0.0024976
     563  1.1624866E-03  0.7264867  1.0976473E+11    0.0024844
     564  1.1650505E-03  0.7211394  1.0902057E+11    0.0024716
     565  1.1676876E-03  0.7157599  1.0821167E+11    0.0024592
     566  1.1703976E-03  0.7103506  1.0735370E+11    0.0024470
     567  1.1731828E-03  0.7049080  1.0646396E+11    0.0024349
     568  1.1760477E-03  0.6994245  1.0556181E+11    0.0024227
     569  1.1789980E-03  0.6938896  1.0466911E+11    0.0024103
     570  1.1816067E-03  0.6890823  1.0392856E+11    0.0023992
     571  1.1842261E-03  0.6843304  1.0324716E+11    0.0023877
     572  1.1850000E-03  0.6829400  1.0306000E+11    0.0023843
     573  1.1865477E-03  0.6801769  1.0270211E+11    0.0023773
     574  1.1891672E-03  0.6755559  1.0213553E+11    0.0023654
     575  1.1918492E-03  0.6709012  1.0159844E+11    0.0023531
     576  1.1945674E-03  0.6662671  1.0108910E+11    0.0023407
     577  1.1973173E-03  0.6616693  1.0060010E+11    0.0023281
     578  1.2000996E-03  0.6571146  1.0012254E+11    0.0023156
 Evolution mode: switching on heating
     579  1.2008231E-03  0.6559468  9.9999999E+10    0.0023124
     580  1.2015466E-03  0.6866687  9.9877806E+10    0.0024241
     581  1.2017439E-03  0.6949740  9.9844509E+10    0.0024543
     582  1.2019226E-03  0.7024272  9.9814376E+10    0.0024814
     583  1.2020784E-03  0.7088807  9.9788100E+10    0.0025048
     584  1.2022144E-03  0.7144769  9.9765178E+10    0.0025252
     585  1.2023381E-03  0.7195412  9.9744323E+10    0.0025436
     586  1.2024537E-03  0.7242503  9.9724837E+10    0.0025607
     587  1.2025638E-03  0.7287164  9.9706271E+10    0.0025769
     588  1.2027619E-03  0.7353276  9.9672862E+10    0.0026060
     589  1.2029843E-03  0.7351607  9.9635354E+10    0.0026385
     590  1.2032194E-03  0.7349841  9.9595689E+10    0.0026729
     591  1.2034700E-03  0.7347957  9.9553387E+10    0.0027095
     592  1.2037397E-03  0.7345927  9.9507806E+10    0.0027489
     593  1.2040338E-03  0.7343710  9.9458064E+10    0.0027919
     594  1.2043596E-03  0.7341251  9.9402902E+10    0.0028394
     595  1.2050110E-03  0.7336316  9.9292282E+10    0.0029344
     596  1.2059075E-03  0.7329478  9.9139205E+10    0.0030651
     597  1.2069086E-03  0.7321764  9.8966793E+10    0.0032109
     598  1.2080533E-03  0.7312813  9.8767187E+10    0.0033777
     599  1.2094070E-03  0.7302010  9.8526935E+10    0.0035749

#-- 1:it 2:time[s] 3:T9[GK] 4:rho[g/cm3] 5:entropy[kB/baryon]
     600  1.2100000E-03  0.7297190  9.8420000E+10    0.0036613
     601  1.2111860E-03  0.7287604  9.8207358E+10    0.0038342
     602  1.2135486E-03  0.7269079  9.7795831E+10    0.0041793
     603  1.2167351E-03  0.7244919  9.7258508E+10    0.0046459
     604  1.2208867E-03  0.7213940  9.6570209E+10    0.0052562
     605  1.2276427E-03  0.7161545  9.5414434E+10    0.0062565
     606  1.2350000E-03  0.7096000  9.3993000E+10    0.0073564
     607  1.2401321E-03  0.7040672  9.2816095E+10    0.0081301
     608  1.2444361E-03  0.6988943  9.1728321E+10    0.0087844
     609  1.2482939E-03  0.6940927  9.0724987E+10    0.0093753
     610  1.2519716E-03  0.6895587  8.9780805E+10    0.0099428
     611  1.2556233E-03  0.6852670  8.8887847E+10    0.0105103
     612  1.2593727E-03  0.6812458  8.8049262E+10    0.0110967
     613  1.2610000E-03  0.6796643  8.7718000E+10    0.0113518
     614  1.2642545E-03  0.6767660  8.7108027E+10    0.0118644
     615  1.2687896E-03  0.6731446  8.6341135E+10    0.0125828
     616  1.2737944E-03  0.6695292  8.5570998E+10    0.0133800
     617  1.2792264E-03  0.6658092  8.4777274E+10    0.0142501
     618  1.2849207E-03  0.6618457  8.3936213E+10    0.0151677
     619  1.2860000E-03  0.6610618  8.3771000E+10    0.0153418
     620  1.2881586E-03  0.6594815  8.3438555E+10    0.0156909
     621  1.2924759E-03  0.6563333  8.2777553E+10    0.0163925
     622  1.2978175E-03  0.6524611  8.1966891E+10    0.0172658
     623  1.3032051E-03  0.6485811  8.1157241E+10    0.0181519
     624  1.3086060E-03  0.6447172  8.0353634E+10    0.0190456
     625  1.3110000E-03  0.6430125  8.0000000E+10    0.0194428
     626  1.3157880E-03  0.6396076  7.9295364E+10    0.0202414
     627  1.3211471E-03  0.6358077  7.8511645E+10    0.0211406
     628  1.3265308E-03  0.6320231  7.7733519E+10    0.0220494
     629  1.3319341E-03  0.6282793  7.6965735E+10    0.0229669
     630  1.3360000E-03  0.6255110  7.6399000E+10    0.0236603
     631  1.3414466E-03  0.6218918  7.5658716E+10    0.0245945
     632  1.3469987E-03  0.6182876  7.4922559E+10    0.0255524
     633  1.3526463E-03  0.6146619  7.4184095E+10    0.0265323
     634  1.3583534E-03  0.6109913  7.3439655E+10    0.0275284
     635  1.3620000E-03  0.6086201  7.2961000E+10    0.0281673
     636  1.3676532E-03  0.6049020  7.2213825E+10    0.0291639
     637  1.3732892E-03  0.6011740  7.1468221E+10    0.0301635
     638  1.3789061E-03  0.5974616  7.0728786E+10    0.0311658
     639  1.3845192E-03  0.5937780  6.9997627E+10    0.0321737
     640  1.3870000E-03  0.5921640  6.9678000E+10    0.0326203
     641  1.3919615E-03  0.5889572  6.9044157E+10    0.0335184
     642  1.3976113E-03  0.5853292  6.8329374E+10    0.0345473
     643  1.4033214E-03  0.5816877  6.7614437E+10    0.0355936
     644  1.4090879E-03  0.5780357  6.6899961E+10    0.0366569
     645  1.4120000E-03  0.5762007  6.6542000E+10    0.0371956
     646  1.4178228E-03  0.5725512  6.5831867E+10    0.0382794
     647  1.4237169E-03  0.5688829  6.5120657E+10    0.0393835
     648  1.4296837E-03  0.5651963  6.4408491E+10    0.0405085
     649  1.4357262E-03  0.5614909  6.3695313E+10    0.0416551

#-- 1:it 2:time[s] 3:T9[GK] 4:rho[g/cm3] 5:entropy[kB/baryon]
     650  1.4370000E-03  0.5607131  6.3546000E+10    0.0418971
     651  1.4395476E-03  0.5591584  6.3247930E+10    0.0423826
     652  1.4446428E-03  0.5560526  6.2654023E+10    0.0433588
     653  1.4508485E-03  0.5522954  6.1938033E+10    0.0445558
     654  1.4571570E-03  0.5485322  6.1223076E+10    0.0457808
     655  1.4620000E-03  0.5456996  6.0686000E+10    0.0467261
     656  1.4685192E-03  0.5419950  5.9984079E+10    0.0480070
     657  1.4752053E-03  0.5382905  5.9283419E+10    0.0493295
     658  1.4820606E-03  0.5345195  5.8573084E+10    0.0506947
     659  1.4880000E-03  0.5312183  5.7955000E+10    0.0518848
     660  1.4950485E-03  0.5272377  5.7214733E+10    0.0533075
     661  1.5020203E-03  0.5232791  5.6482957E+10    0.0547253
     662  1.5088521E-03  0.5194180  5.5772577E+10    0.0561248
     663  1.5130000E-03  0.5170975  5.5347000E+10    0.0569783
     664  1.5198899E-03  0.5130649  5.4614448E+10    0.0584070
     665  1.5262491E-03  0.5092719  5.3930627E+10    0.0597356
     666  1.5324195E-03  0.5059008  5.3319463E+10    0.0610332
     667  1.5380000E-03  0.5034018  5.2856000E+10    0.0622122
     668  1.5457972E-03  0.5012938  5.2428757E+10    0.0638646
     669  1.5543221E-03  0.4999121  5.2108259E+10    0.0656730
     670  1.5630000E-03  0.4976647  5.1652000E+10    0.0675199
     671  1.5731255E-03  0.4928186  5.0777191E+10    0.0696952
     672  1.5801516E-03  0.4888365  5.0078637E+10    0.0712170
     673  1.5860945E-03  0.4855383  4.9501669E+10    0.0725129
     674  1.5880000E-03  0.4845506  4.9328000E+10    0.0729292
     675  1.5918110E-03  0.4826459  4.8992139E+10    0.0737651
     676  1.5985073E-03  0.4793794  4.8416454E+10    0.0752435
     677  1.6051499E-03  0.4761868  4.7855455E+10    0.0767196
     678  1.6118069E-03  0.4729749  4.7294186E+10    0.0782086
     679  1.6140000E-03  0.4719036  4.7108000E+10    0.0787003
     680  1.6183862E-03  0.4696517  4.6720146E+10    0.0796882
     681  1.6245322E-03  0.4663294  4.6154064E+10    0.0810823
     682  1.6302129E-03  0.4633542  4.5647556E+10    0.0823792
     683  1.6360240E-03  0.4606898  4.5187734E+10    0.0837132
     684  1.6390000E-03  0.4595628  4.4988000E+10    0.0843978
     685  1.6449521E-03  0.4580133  4.4692943E+10    0.0857707
     686  1.6538347E-03  0.4566965  4.4399897E+10    0.0878220
     687  1.6633048E-03  0.4547106  4.4004096E+10    0.0900152
     688  1.6640000E-03  0.4544813  4.3963000E+10    0.0901762
     689  1.6653904E-03  0.4539761  4.3874093E+10    0.0904987
     690  1.6681711E-03  0.4528025  4.3672872E+10    0.0911452
     691  1.6737326E-03  0.4500106  4.3207383E+10    0.0924461
     692  1.6794418E-03  0.4469368  4.2701884E+10    0.0937907
     693  1.6846841E-03  0.4443489  4.2273458E+10    0.0950326
     694  1.6890000E-03  0.4426595  4.1985000E+10    0.0960585
     695  1.6976317E-03  0.4407978  4.1625866E+10    0.0981164
     696  1.7073729E-03  0.4396120  4.1352012E+10    0.1004406
     697  1.7150000E-03  0.4379067  4.1029000E+10    0.1022654
     698  1.7256928E-03  0.4334932  4.0295140E+10    0.1048482
     699  1.7348082E-03  0.4290181  3.9575304E+10    0.1070729

#-- 1:it 2:time[s] 3:T9[GK] 4:rho[g/cm3] 5:entropy[kB/baryon]
     700  1.7400000E-03  0.4265786  3.9183000E+10    0.1083471
     701  1.7474715E-03  0.4230549  3.8619490E+10    0.1101957
     702  1.7549411E-03  0.4195057  3.8056019E+10    0.1120594
     703  1.7622971E-03  0.4164826  3.7568602E+10    0.1139074
     704  1.7650000E-03  0.4155843  3.7419000E+10    0.1145877
     705  1.7704058E-03  0.4143163  3.7191881E+10    0.1159516
     706  1.7798961E-03  0.4130854  3.6928589E+10    0.1183488
     707  1.7899601E-03  0.4111695  3.6569011E+10    0.1208988
     708  1.7900000E-03  0.4111575  3.6567000E+10    0.1209089
     709  1.7900797E-03  0.4111333  3.6562959E+10    0.1209291
     710  1.7902392E-03  0.4110844  3.6554800E+10    0.1209695
     711  1.7905581E-03  0.4109843  3.6538187E+10    0.1210504
     712  1.7911960E-03  0.4107753  3.6503809E+10    0.1212121
     713  1.7924716E-03  0.4103250  3.6430763E+10    0.1215360
     714  1.7950230E-03  0.4093126  3.6269988E+10    0.1221851
     715  1.8001258E-03  0.4069859  3.5909306E+10    0.1234907
     716  1.8076314E-03  0.4034187  3.5362377E+10    0.1254280
     717  1.8147123E-03  0.4007039  3.4934957E+10    0.1272674
     718  1.8150000E-03  0.4006192  3.4921000E+10    0.1273421
     719  1.8155755E-03  0.4004572  3.4894064E+10    0.1274917
     720  1.8167264E-03  0.4001616  3.4843927E+10    0.1277910
     721  1.8190282E-03  0.3996711  3.4756905E+10    0.1283902
     722  1.8236319E-03  0.3989927  3.4622636E+10    0.1295896
     723  1.8328392E-03  0.3980533  3.4409323E+10    0.1319897
     724  1.8410000E-03  0.3964943  3.4127000E+10    0.1341228
     725  1.8519619E-03  0.3921234  3.3456993E+10    0.1370186
     726  1.8608467E-03  0.3881601  3.2864782E+10    0.1393893
     727  1.8660000E-03  0.3863862  3.2590000E+10    0.1407701
     728  1.8744034E-03  0.3846012  3.2283844E+10    0.1430298
     729  1.8847319E-03  0.3832531  3.2015913E+10    0.1458120
     730  1.8910000E-03  0.3823947  3.1849000E+10    0.1475023
     731  1.9021239E-03  0.3809491  3.1563827E+10    0.1505078
     732  1.9138249E-03  0.3789916  3.1211491E+10    0.1536796
     733  1.9160000E-03  0.3784393  3.1123000E+10    0.1542699
     734  1.9203502E-03  0.3770215  3.0907796E+10    0.1554546
     735  1.9290506E-03  0.3733696  3.0379366E+10    0.1578466
     736  1.9372877E-03  0.3700173  2.9895547E+10    0.1601312
     737  1.9410000E-03  0.3688725  2.9723000E+10    0.1611636
     738  1.9484245E-03  0.3673749  2.9474724E+10    0.1632350
     739  1.9575507E-03  0.3662894  2.9261819E+10    0.1657847
     740  1.9670000E-03  0.3652033  2.9047000E+10    0.1684282
     741  1.9786160E-03  0.3638099  2.8777448E+10    0.1716836
     742  1.9910857E-03  0.3617234  2.8420042E+10    0.1751919
     743  1.9920000E-03  0.3614944  2.8385000E+10    0.1754493
     744  1.9938286E-03  0.3609808  2.8308405E+10    0.1759647
     745  1.9974859E-03  0.3597430  2.8130772E+10    0.1769987
     746  2.0017330E-03  0.3580715  2.7897711E+10    0.1782049
     747  2.0053475E-03  0.3565675  2.7690547E+10    0.1792356
     748  2.0086832E-03  0.3552043  2.7502844E+10    0.1801905
     749  2.0119789E-03  0.3539581  2.7329627E+10    0.1811370

#-- 1:it 2:time[s] 3:T9[GK] 4:rho[g/cm3] 5:entropy[kB/baryon]
     750  2.0154253E-03  0.3528417  2.7170612E+10    0.1821297
     751  2.0170000E-03  0.3524173  2.7108000E+10    0.1825838
     752  2.0201495E-03  0.3517101  2.6999323E+10    0.1834935
     753  2.0252678E-03  0.3508409  2.6855384E+10    0.1849745
     754  2.0320845E-03  0.3500156  2.6702469E+10    0.1869493
     755  2.0417780E-03  0.3489235  2.6495293E+10    0.1897617
