               WinNet - Nuclear reaction network
              ===================================
 
 
Option                                   :      Value     Unit
--------------------------------------------------------------
Release                                  :    Unknown         
Git hash                                 :    Unknown         
Network size                             :       6757         
Amount reaclib rates                     :      72724         
Amount fission rates                     :       5833         
Total number of fission neutrons         :      27813         
Amount weak (ffn) rates                  :        212         
Total reactions after merge              :      78557         
Thermodynamic trajectory                 :  from file         
Starting index                           :          1         
Expansion velocity:                      :   5.00E+04   [km/s]
Evolution mode                           :        NSE         
Initial abundance source                 :        NSE         
Initial entropy                          :   7.45E-03 [kB/nuc]

#-- 1:it 2:time[s] 3:T9[GK] 4:rho[g/cm3] 5:entropy[kB/baryon]
       0  0.0000000E+00 10.0000000  1.0000000E+13    0.0074541
       1  2.0000000E-12  9.9999999  9.9999999E+12    0.0074541
       2  6.0000000E-12  9.9999998  9.9999996E+12    0.0074541
       3  1.4000000E-11  9.9999994  9.9999991E+12    0.0074541
       4  3.0000000E-11  9.9999988  9.9999981E+12    0.0074541
       5  6.2000000E-11  9.9999975  9.9999960E+12    0.0074541
       6  1.2600000E-10  9.9999950  9.9999919E+12    0.0074541
       7  2.5400000E-10  9.9999899  9.9999836E+12    0.0074541
       8  5.1000000E-10  9.9999798  9.9999671E+12    0.0074541
       9  1.0220000E-09  9.9999595  9.9999341E+12    0.0074541
      10  2.0460000E-09  9.9999190  9.9998681E+12    0.0074541
      11  4.0940000E-09  9.9998378  9.9997361E+12    0.0074540
      12  8.1900000E-09  9.9996756  9.9994720E+12    0.0074540
      13  1.6382000E-08  9.9993511  9.9989439E+12    0.0074539
      14  3.2766000E-08  9.9987022  9.9978878E+12    0.0074537
      15  6.5534000E-08  9.9974045  9.9957758E+12    0.0074532
      16  1.3107000E-07  9.9948097  9.9915533E+12    0.0074523
      17  2.6214200E-07  9.9896219  9.9831136E+12    0.0074506
      18  5.2428600E-07  9.9792546  9.9662556E+12    0.0074471
      19  1.0485740E-06  9.9585521  9.9326249E+12    0.0074401
      20  2.0971500E-06  9.9172759  9.8657036E+12    0.0074262
      21  4.1943020E-06  9.8352360  9.7332106E+12    0.0073983
      22  8.3886060E-06  9.6731867  9.4735388E+12    0.0073430
      23  1.6336696E-05  9.3733953  9.0003190E+12    0.0072393
      24  2.4288102E-05  9.0827758  8.5505546E+12    0.0071369
      25  2.5000000E-05  9.0572000  8.5114000E+12    0.0071279
      26  2.6423796E-05  9.0030181  8.4332697E+12    0.0071072
      27  2.9271388E-05  8.8940149  8.2774264E+12    0.0070654
      28  3.4966573E-05  8.6749057  7.9711067E+12    0.0069794
      29  4.2806236E-05  8.3757470  7.5729307E+12    0.0068559
      30  5.0000000E-05  8.1094000  7.2444000E+12    0.0067377
      31  5.9270997E-05  7.7736079  6.8824750E+12    0.0065712
      32  6.9223793E-05  7.4276718  6.5386213E+12    0.0063882
      33  7.6000000E-05  7.2109000  6.3096000E+12    0.0062768
 Evolution mode: switching to network
      34  8.3225889E-05  6.9999992  6.0607626E+12    0.0061764
      35  8.3225889E-05  6.9999992  6.0607626E+12    0.0061764
      36  8.3225889E-05  6.9999992  6.0607626E+12    0.0061764
      37  8.3225889E-05  6.9999992  6.0607626E+12    0.0061764
      38  8.3225889E-05  6.9999992  6.0607626E+12    0.0061764
      39  8.3225889E-05  6.9999992  6.0607626E+12    0.0061764
      40  8.3225889E-05  6.9999992  6.0607626E+12    0.0061764
      41  8.3225889E-05  6.9999992  6.0607626E+12    0.0061764
      42  8.3225890E-05  6.9999992  6.0607626E+12    0.0061764
      43  8.3225890E-05  6.9999992  6.0607626E+12    0.0061764
      44  8.3225890E-05  6.9999992  6.0607626E+12    0.0061764
      45  8.3225891E-05  6.9999992  6.0607626E+12    0.0061764
      46  8.3225892E-05  6.9999992  6.0607625E+12    0.0061764
      47  8.3225894E-05  6.9999991  6.0607624E+12    0.0061764
      48  8.3225899E-05  6.9999990  6.0607623E+12    0.0061764
      49  8.3225908E-05  6.9999987  6.0607620E+12    0.0061764

#-- 1:it 2:time[s] 3:T9[GK] 4:rho[g/cm3] 5:entropy[kB/baryon]
      50  8.3225927E-05  6.9999982  6.0607613E+12    0.0061764
      51  8.3225965E-05  6.9999971  6.0607600E+12    0.0061764
      52  8.3226041E-05  6.9999950  6.0607574E+12    0.0061764
      53  8.3226193E-05  6.9999907  6.0607522E+12    0.0061764
      54  8.3226496E-05  6.9999822  6.0607418E+12    0.0061764
      55  8.3227103E-05  6.9999652  6.0607209E+12    0.0061764
      56  8.3228317E-05  6.9999312  6.0606792E+12    0.0061764
      57  8.3230744E-05  6.9998632  6.0605958E+12    0.0061764
      58  8.3235599E-05  6.9997272  6.0604291E+12    0.0061763
      59  8.3245309E-05  6.9994553  6.0600956E+12    0.0061762
      60  8.3264729E-05  6.9989115  6.0594286E+12    0.0061759
      61  8.3298762E-05  6.9979587  6.0582598E+12    0.0061755
      62  8.3336198E-05  6.9969110  6.0569743E+12    0.0061750
      63  8.3377378E-05  6.9957590  6.0555604E+12    0.0061745
      64  8.3422676E-05  6.9944924  6.0540053E+12    0.0061739
      65  8.3472503E-05  6.9930997  6.0522950E+12    0.0061732
      66  8.3527312E-05  6.9915686  6.0504141E+12    0.0061725
      67  8.3587601E-05  6.9898854  6.0483455E+12    0.0061718
      68  8.3653918E-05  6.9880351  6.0460705E+12    0.0061709
      69  8.3726866E-05  6.9860011  6.0435688E+12    0.0061700
      70  8.3807107E-05  6.9837654  6.0408176E+12    0.0061689
      71  8.3895371E-05  6.9813083  6.0377924E+12    0.0061678
      72  8.3992458E-05  6.9786079  6.0344658E+12    0.0061666
      73  8.4099252E-05  6.9756404  6.0308082E+12    0.0061652
      74  8.4216722E-05  6.9723799  6.0267867E+12    0.0061637
      75  8.4345933E-05  6.9687976  6.0223655E+12    0.0061621
      76  8.4488061E-05  6.9648623  6.0175051E+12    0.0061603
      77  8.4644393E-05  6.9605397  6.0121624E+12    0.0061583
      78  8.4816350E-05  6.9557923  6.0062902E+12    0.0061561
      79  8.5005490E-05  6.9505792  5.9998365E+12    0.0061537
      80  8.5213530E-05  6.9448556  5.9927449E+12    0.0061511
      81  8.5442354E-05  6.9385724  5.9849534E+12    0.0061482
      82  8.5694036E-05  6.9316763  5.9763944E+12    0.0061451
      83  8.5970856E-05  6.9241088  5.9669943E+12    0.0061416
      84  8.6275318E-05  6.9158064  5.9566729E+12    0.0061379
      85  8.6610177E-05  6.9066996  5.9453431E+12    0.0061337
      86  8.6978458E-05  6.8967127  5.9329105E+12    0.0061292
      87  8.7383488E-05  6.8857632  5.9192730E+12    0.0061242
      88  8.7828921E-05  6.8737613  5.9043205E+12    0.0061187
      89  8.8318772E-05  6.8606089  5.8879350E+12    0.0061127
      90  8.8857453E-05  6.8461994  5.8699904E+12    0.0061062
      91  8.9449808E-05  6.8304164  5.8503528E+12    0.0060990
      92  9.0100893E-05  6.8131399  5.8288900E+12    0.0060911
      93  9.0794573E-05  6.7948105  5.8061721E+12    0.0060827
      94  9.1531916E-05  6.7754091  5.7822030E+12    0.0060738
      95  9.2314183E-05  6.7549109  5.7569870E+12    0.0060644
      96  9.3142533E-05  6.7332926  5.7305394E+12    0.0060544
      97  9.4018012E-05  6.7105328  5.7028872E+12    0.0060437
      98  9.4941554E-05  6.6866109  5.6740701E+12    0.0060325
      99  9.5913979E-05  6.6615072  5.6441416E+12    0.0060206

#-- 1:it 2:time[s] 3:T9[GK] 4:rho[g/cm3] 5:entropy[kB/baryon]
     100  9.6935999E-05  6.6352019  5.6131689E+12    0.0060079
     101  9.8008222E-05  6.6076745  5.5812341E+12    0.0059945
     102  9.9131164E-05  6.5789032  5.5484343E+12    0.0059803
     103  1.0030526E-04  6.5488636  5.5148819E+12    0.0059652
     104  1.0100000E-04  6.5311000  5.4954000E+12    0.0059561
     105  1.0220655E-04  6.5002448  5.4623396E+12    0.0059401
     106  1.0347625E-04  6.4677785  5.4286142E+12    0.0059228
     107  1.0478999E-04  6.4342281  5.3947483E+12    0.0059045
     108  1.0612541E-04  6.4002083  5.3612697E+12    0.0058856
     109  1.0748324E-04  6.3657468  5.3280773E+12    0.0058662
     110  1.0886460E-04  6.3308642  5.2950527E+12    0.0058464
     111  1.1027046E-04  6.2955899  5.2620745E+12    0.0058261
     112  1.1170159E-04  6.2599621  5.2290168E+12    0.0058054
     113  1.1315860E-04  6.2240283  5.1957481E+12    0.0057846
     114  1.1464190E-04  6.1878449  5.1621298E+12    0.0057636
     115  1.1615173E-04  6.1514777  5.1280159E+12    0.0057425
     116  1.1768815E-04  6.1150011  5.0932526E+12    0.0057216
     117  1.1925105E-04  6.0784984  5.0576778E+12    0.0057009
     118  1.2084013E-04  6.0420615  5.0211218E+12    0.0056807
     119  1.2245493E-04  6.0057899  4.9834074E+12    0.0056609
     120  1.2409481E-04  5.9697908  4.9443519E+12    0.0056420
     121  1.2569217E-04  5.9355888  4.9054171E+12    0.0056246
     122  1.2600000E-04  5.9291000  4.8978000E+12    0.0056214
     123  1.2661566E-04  5.9162108  4.8824444E+12    0.0056152
     124  1.2784697E-04  5.8907522  4.8512775E+12    0.0056031
     125  1.2946471E-04  5.8579261  4.8095484E+12    0.0055881
     126  1.3111657E-04  5.8250979  4.7662372E+12    0.0055738
     127  1.3279120E-04  5.7924859  4.7218386E+12    0.0055601
     128  1.3444995E-04  5.7608044  4.6776007E+12    0.0055473
     129  1.3612517E-04  5.7293944  4.6328835E+12    0.0055349
     130  1.3781975E-04  5.6981780  4.5878275E+12    0.0055229
     131  1.3953569E-04  5.6670961  4.5426055E+12    0.0055112
     132  1.4127060E-04  5.6361673  4.4975128E+12    0.0054996
     133  1.4302750E-04  5.6053116  4.4527100E+12    0.0054880
     134  1.4481002E-04  5.5744395  4.4083572E+12    0.0054762
     135  1.4662221E-04  5.5434553  4.3646233E+12    0.0054641
     136  1.4846866E-04  5.5122545  4.3216909E+12    0.0054515
     137  1.5035463E-04  5.4807215  4.2797618E+12    0.0054382
     138  1.5100000E-04  5.4700000  4.2659000E+12    0.0054335
     139  1.5229074E-04  5.4487707  4.2388435E+12    0.0054241
     140  1.5425293E-04  5.4171506  4.1991686E+12    0.0054098
     141  1.5628782E-04  5.3851079  4.1596684E+12    0.0053950
     142  1.5837416E-04  5.3529483  4.1206598E+12    0.0053799
     143  1.6037602E-04  5.3226583  4.0844204E+12    0.0053654
     144  1.6241410E-04  5.2923004  4.0484999E+12    0.0053508
     145  1.6448950E-04  5.2617927  4.0127104E+12    0.0053360
     146  1.6659871E-04  5.2311134  3.9769279E+12    0.0053209
     147  1.6873743E-04  5.2002431  3.9410243E+12    0.0053058
     148  1.7090080E-04  5.1691632  3.9048673E+12    0.0052906
     149  1.7308354E-04  5.1378555  3.8683237E+12    0.0052753

#-- 1:it 2:time[s] 3:T9[GK] 4:rho[g/cm3] 5:entropy[kB/baryon]
     150  1.7528001E-04  5.1063034  3.8312627E+12    0.0052600
     151  1.7700000E-04  5.0815000  3.8019000E+12    0.0052481
     152  1.7918514E-04  5.0497884  3.7647246E+12    0.0052327
     153  1.8106640E-04  5.0223508  3.7332311E+12    0.0052190
     154  1.8294671E-04  4.9948864  3.7021264E+12    0.0052052
     155  1.8483924E-04  4.9672819  3.6711022E+12    0.0051912
     156  1.8674576E-04  4.9395920  3.6400433E+12    0.0051771
     157  1.8866452E-04  4.9119239  3.6088913E+12    0.0051631
     158  1.9059530E-04  4.8843636  3.5775621E+12    0.0051493
     159  1.9253804E-04  4.8569958  3.5459688E+12    0.0051358
     160  1.9449280E-04  4.8299050  3.5140231E+12    0.0051228
     161  1.9645973E-04  4.8031752  3.4816347E+12    0.0051104
     162  1.9843910E-04  4.7768908  3.4487120E+12    0.0050988
     163  2.0043127E-04  4.7511361  3.4151620E+12    0.0050880
     164  2.0200000E-04  4.7314000  3.3884000E+12    0.0050804
     165  2.0399723E-04  4.7070573  3.3535911E+12    0.0050719
     166  2.0602217E-04  4.6832306  3.3174114E+12    0.0050647
     167  2.0805570E-04  4.6600357  3.2804570E+12    0.0050588
     168  2.1010138E-04  4.6373115  3.2429272E+12    0.0050537
     169  2.1216374E-04  4.6148885  3.2049993E+12    0.0050493
     170  2.1424735E-04  4.5925974  3.1668496E+12    0.0050452
     171  2.1635687E-04  4.5702656  3.1286586E+12    0.0050413
     172  2.1849711E-04  4.5477140  3.0906143E+12    0.0050372
     173  2.2059526E-04  4.5255766  3.0542457E+12    0.0050327
     174  2.2273231E-04  4.5028659  3.0183805E+12    0.0050275
     175  2.2491930E-04  4.4793176  2.9831416E+12    0.0050211
     176  2.2700000E-04  4.4565000  2.9512000E+12    0.0050137
     177  2.2931664E-04  4.4306522  2.9173229E+12    0.0050041
     178  2.3171365E-04  4.4036170  2.8837124E+12    0.0049931
     179  2.3418162E-04  4.3755917  2.8504143E+12    0.0049808
     180  2.3670718E-04  4.3468391  2.8174810E+12    0.0049675
     181  2.3929001E-04  4.3174896  2.7847580E+12    0.0049535
     182  2.4193008E-04  4.2876841  2.7520676E+12    0.0049390
     183  2.4462727E-04  4.2575791  2.7192138E+12    0.0049243
     184  2.4738136E-04  4.2273466  2.6859828E+12    0.0049097
     185  2.5019202E-04  4.1971743  2.6521436E+12    0.0048956
     186  2.5200000E-04  4.1782000  2.6303000E+12    0.0048871
     187  2.5486484E-04  4.1488236  2.5960846E+12    0.0048743
     188  2.5783600E-04  4.1190882  2.5614679E+12    0.0048614
     189  2.6089241E-04  4.0891195  2.5265285E+12    0.0048485
     190  2.6402727E-04  4.0588694  2.4911389E+12    0.0048356
     191  2.6723281E-04  4.0282753  2.4551550E+12    0.0048228
     192  2.6967774E-04  4.0050637  2.4276886E+12    0.0048133
     193  2.7206098E-04  3.9824612  2.4007834E+12    0.0048042
     194  2.7442291E-04  3.9600162  2.3738953E+12    0.0047954
     195  2.7675309E-04  3.9377664  2.3470642E+12    0.0047868
     196  2.7700000E-04  3.9354000  2.3442000E+12    0.0047859
     197  2.7749383E-04  3.9306566  2.3384509E+12    0.0047841
     198  2.7848148E-04  3.9211217  2.3268606E+12    0.0047805
     199  2.8045679E-04  3.9018926  2.3033704E+12    0.0047733

#-- 1:it 2:time[s] 3:T9[GK] 4:rho[g/cm3] 5:entropy[kB/baryon]
     200  2.8264086E-04  3.8804623  2.2770478E+12    0.0047656
     201  2.8479612E-04  3.8592366  2.2508717E+12    0.0047580
     202  2.8691978E-04  3.8383404  2.2250370E+12    0.0047508
     203  2.8902254E-04  3.8177564  2.1995561E+12    0.0047437
     204  2.9111481E-04  3.7974650  2.1744319E+12    0.0047368
     205  2.9320648E-04  3.7774514  2.1496688E+12    0.0047301
     206  2.9530724E-04  3.7577054  2.1252737E+12    0.0047235
     207  2.9742709E-04  3.7382213  2.1012564E+12    0.0047171
     208  2.9957679E-04  3.7189980  2.0776309E+12    0.0047108
     209  3.0176839E-04  3.7000391  2.0544169E+12    0.0047046
     210  3.0300000E-04  3.6897000  2.0418000E+12    0.0047012
     211  3.0525080E-04  3.6715119  2.0194374E+12    0.0046955
     212  3.0760855E-04  3.6533754  1.9967923E+12    0.0046901
     213  3.1003668E-04  3.6354707  1.9741949E+12    0.0046851
     214  3.1241212E-04  3.6185116  1.9526921E+12    0.0046806
     215  3.1483078E-04  3.6016070  1.9313079E+12    0.0046761
     216  3.1728788E-04  3.5846022  1.9100070E+12    0.0046715
     217  3.1977295E-04  3.5673655  1.8887942E+12    0.0046667
     218  3.2189700E-04  3.5524438  1.8708507E+12    0.0046622
     219  3.2400073E-04  3.5373587  1.8531865E+12    0.0046573
     220  3.2609332E-04  3.5219287  1.8356659E+12    0.0046519
     221  3.2800000E-04  3.5074000  1.8197000E+12    0.0046465
     222  3.3004125E-04  3.4913050  1.8025449E+12    0.0046400
     223  3.3206549E-04  3.4748888  1.7854884E+12    0.0046330
     224  3.3406891E-04  3.4583016  1.7686318E+12    0.0046257
     225  3.3605699E-04  3.4416093  1.7519921E+12    0.0046181
     226  3.3803881E-04  3.4248384  1.7355526E+12    0.0046103
     227  3.4002324E-04  3.4080109  1.7192972E+12    0.0046022
     228  3.4201908E-04  3.3911476  1.7032125E+12    0.0045940
     229  3.4403546E-04  3.3742691  1.6872871E+12    0.0045857
     230  3.4608211E-04  3.3573980  1.6715118E+12    0.0045772
     231  3.4816989E-04  3.3405597  1.6558800E+12    0.0045688
     232  3.5031126E-04  3.3237856  1.6403879E+12    0.0045603
     233  3.5252107E-04  3.3071158  1.6250362E+12    0.0045519
     234  3.5300000E-04  3.3036000  1.6218000E+12    0.0045501
     235  3.5395786E-04  3.2966722  1.6154538E+12    0.0045466
     236  3.5587359E-04  3.2831899  1.6032736E+12    0.0045396
     237  3.5833807E-04  3.2664735  1.5884549E+12    0.0045307
     238  3.6094933E-04  3.2493670  1.5735586E+12    0.0045214
     239  3.6368877E-04  3.2318908  1.5585365E+12    0.0045118
     240  3.6653552E-04  3.2140170  1.5432709E+12    0.0045018
     241  3.6945817E-04  3.1957314  1.5276336E+12    0.0044917
     242  3.7236648E-04  3.1773599  1.5117828E+12    0.0044817
     243  3.7515259E-04  3.1593779  1.4960368E+12    0.0044722
     244  3.7777682E-04  3.1419143  1.4804645E+12    0.0044633
     245  3.7800000E-04  3.1404000  1.4791000E+12    0.0044625
     246  3.7844636E-04  3.1373548  1.4763500E+12    0.0044610
     247  3.7933909E-04  3.1311972  1.4707690E+12    0.0044579
     248  3.8112454E-04  3.1186456  1.4593224E+12    0.0044518
     249  3.8333518E-04  3.1027587  1.4447349E+12    0.0044442

#-- 1:it 2:time[s] 3:T9[GK] 4:rho[g/cm3] 5:entropy[kB/baryon]
     250  3.8549752E-04  3.0869684  1.4301669E+12    0.0044367
     251  3.8757729E-04  3.0716632  1.4160135E+12    0.0044296
     252  3.8960277E-04  3.0567501  1.4022168E+12    0.0044227
     253  3.9159443E-04  3.0421741  1.3887473E+12    0.0044160
     254  3.9356959E-04  3.0278950  1.3755848E+12    0.0044094
     255  3.9554421E-04  3.0138823  1.3627164E+12    0.0044029
     256  3.9753418E-04  3.0001125  1.3501348E+12    0.0043966
     257  3.9955666E-04  2.9865678  1.3378386E+12    0.0043903
     258  4.0164016E-04  2.9731815  1.3257851E+12    0.0043840
     259  4.0300000E-04  2.9648000  1.3183000E+12    0.0043800
     260  4.0571968E-04  2.9488786  1.3041368E+12    0.0043725
     261  4.0861217E-04  2.9329759  1.2900077E+12    0.0043650
     262  4.1159445E-04  2.9174443  1.2762464E+12    0.0043577
     263  4.1464333E-04  2.9022108  1.2628143E+12    0.0043505
     264  4.1772632E-04  2.8871993  1.2496750E+12    0.0043434
     265  4.2079969E-04  2.8723601  1.2368156E+12    0.0043363
     266  4.2381388E-04  2.8576751  1.2242456E+12    0.0043291
     267  4.2672171E-04  2.8431565  1.2119907E+12    0.0043219
     268  4.2900000E-04  2.8314000  1.2022000E+12    0.0043159
     269  4.3163864E-04  2.8174595  1.1907466E+12    0.0043086
     270  4.3414405E-04  2.8040892  1.1799050E+12    0.0043014
     271  4.3658035E-04  2.7909984  1.1694058E+12    0.0042943
     272  4.3895616E-04  2.7781797  1.1592189E+12    0.0042873
     273  4.4128026E-04  2.7656186  1.1493125E+12    0.0042804
     274  4.4356021E-04  2.7533026  1.1396593E+12    0.0042735
     275  4.4580259E-04  2.7412208  1.1302360E+12    0.0042667
     276  4.4801326E-04  2.7293638  1.1210217E+12    0.0042601
     277  4.5019751E-04  2.7177233  1.1119983E+12    0.0042535
     278  4.5236019E-04  2.7062922  1.1031493E+12    0.0042471
     279  4.5400000E-04  2.6977000  1.0965000E+12    0.0042423
     280  4.5615842E-04  2.6863988  1.0878170E+12    0.0042359
     281  4.5826991E-04  2.6752919  1.0793879E+12    0.0042296
     282  4.6035201E-04  2.6643228  1.0711389E+12    0.0042232
     283  4.6240881E-04  2.6535023  1.0630511E+12    0.0042168
     284  4.6444454E-04  2.6428375  1.0551057E+12    0.0042106
     285  4.6646313E-04  2.6323352  1.0472854E+12    0.0042044
     286  4.6846829E-04  2.6220020  1.0395743E+12    0.0041984
     287  4.7046359E-04  2.6118443  1.0319575E+12    0.0041926
     288  4.7245251E-04  2.6018689  1.0244207E+12    0.0041870
     289  4.7443850E-04  2.5920827  1.0169503E+12    0.0041816
     290  4.7642503E-04  2.5824932  1.0095330E+12    0.0041764
     291  4.7841563E-04  2.5731087  1.0021554E+12    0.0041716
     292  4.7900000E-04  2.5704000  1.0000000E+12    0.0041703
     293  4.8016875E-04  2.5650723  9.9570328E+11    0.0041677
     294  4.8250624E-04  2.5547838  9.8716556E+11    0.0041631
     295  4.8511334E-04  2.5437771  9.7772999E+11    0.0041587
     296  4.8773844E-04  2.5330525  9.6832085E+11    0.0041548
     297  4.9037615E-04  2.5224923  9.5895797E+11    0.0041511
     298  4.9301181E-04  2.5120126  9.4969298E+11    0.0041475
     299  4.9563021E-04  2.5015328  9.4057730E+11    0.0041437

#-- 1:it 2:time[s] 3:T9[GK] 4:rho[g/cm3] 5:entropy[kB/baryon]
     300  4.9821613E-04  2.4909818  9.3166043E+11    0.0041396
     301  5.0075943E-04  2.4802838  9.2297275E+11    0.0041349
     302  5.0324378E-04  2.4694101  9.1456433E+11    0.0041296
     303  5.0400000E-04  2.4660000  9.1202000E+11    0.0041278
     304  5.0551245E-04  2.4590132  9.0694705E+11    0.0041239
     305  5.0787967E-04  2.4476735  8.9904553E+11    0.0041171
     306  5.1013149E-04  2.4365327  8.9157906E+11    0.0041099
     307  5.1230893E-04  2.4255373  8.8441179E+11    0.0041025
     308  5.1443309E-04  2.4146948  8.7747518E+11    0.0040951
     309  5.1652110E-04  2.4040124  8.7071495E+11    0.0040877
     310  5.1862564E-04  2.3933060  8.6396451E+11    0.0040802
     311  5.2071765E-04  2.3828065  8.5732188E+11    0.0040729
     312  5.2280909E-04  2.3725335  8.5075291E+11    0.0040659
     313  5.2491029E-04  2.3625181  8.4422998E+11    0.0040593
     314  5.2703235E-04  2.3527946  8.3772454E+11    0.0040532
     315  5.2900000E-04  2.3442000  8.3177000E+11    0.0040482
     316  5.3120960E-04  2.3349985  8.2518456E+11    0.0040432
     317  5.3382863E-04  2.3245565  8.1751693E+11    0.0040379
     318  5.3651768E-04  2.3142782  8.0977882E+11    0.0040330
     319  5.3925812E-04  2.3041755  8.0200995E+11    0.0040285
     320  5.4204237E-04  2.2942035  7.9421458E+11    0.0040244
     321  5.4486200E-04  2.2843102  7.8639694E+11    0.0040205
     322  5.4770739E-04  2.2744396  7.7856274E+11    0.0040168
     323  5.5056811E-04  2.2645339  7.7071894E+11    0.0040131
     324  5.5343331E-04  2.2545346  7.6287333E+11    0.0040092
     325  5.5500000E-04  2.2490000  7.5858000E+11    0.0040070
     326  5.5778281E-04  2.2392120  7.5086159E+11    0.0040035
     327  5.6056710E-04  2.2295799  7.4302292E+11    0.0040005
     328  5.6333992E-04  2.2200972  7.3518653E+11    0.0039978
     329  5.6610071E-04  2.2107150  7.2743543E+11    0.0039952
     330  5.6884819E-04  2.2013895  7.1984919E+11    0.0039925
     331  5.7158092E-04  2.1920789  7.1250212E+11    0.0039895
     332  5.7429735E-04  2.1827447  7.0546323E+11    0.0039859
     333  5.7699582E-04  2.1733511  6.9879614E+11    0.0039815
     334  5.8000000E-04  2.1627000  6.9183000E+11    0.0039755
     335  5.8288590E-04  2.1521944  6.8571542E+11    0.0039682
     336  5.8594808E-04  2.1407723  6.7980972E+11    0.0039587
     337  5.8921854E-04  2.1283862  6.7395867E+11    0.0039474
     338  5.9267881E-04  2.1152182  6.6804432E+11    0.0039347
     339  5.9628779E-04  2.1015812  6.6191394E+11    0.0039216
     340  5.9986327E-04  2.0883363  6.5561439E+11    0.0039096
     341  6.0337886E-04  2.0757308  6.4895285E+11    0.0038995
     342  6.0500000E-04  2.0701000  6.4566000E+11    0.0038957
     343  6.0824228E-04  2.0592234  6.3859716E+11    0.0038897
     344  6.1158131E-04  2.0484581  6.3082360E+11    0.0038854
     345  6.1484895E-04  2.0382114  6.2294912E+11    0.0038825
     346  6.1806855E-04  2.0282627  6.1513886E+11    0.0038801
     347  6.2125345E-04  2.0184409  6.0755174E+11    0.0038776
     348  6.2441537E-04  2.0085907  6.0033125E+11    0.0038743
     349  6.2756471E-04  1.9985670  5.9361252E+11    0.0038697

#-- 1:it 2:time[s] 3:T9[GK] 4:rho[g/cm3] 5:entropy[kB/baryon]
     350  6.3000000E-04  1.9906000  5.8884000E+11    0.0038649
     351  6.3316293E-04  1.9800067  5.8326972E+11    0.0038567
     352  6.3632070E-04  1.9692626  5.7828900E+11    0.0038470
     353  6.3951321E-04  1.9582717  5.7365731E+11    0.0038360
     354  6.4270927E-04  1.9471804  5.6924607E+11    0.0038243
     355  6.4588032E-04  1.9361294  5.6491885E+11    0.0038125
     356  6.4899898E-04  1.9252537  5.6054890E+11    0.0038011
     357  6.5204162E-04  1.9146711  5.5602851E+11    0.0037906
     358  6.5498988E-04  1.9044749  5.5127513E+11    0.0037814
     359  6.5600000E-04  1.9010000  5.4954000E+11    0.0037785
     360  6.5802025E-04  1.8940016  5.4589664E+11    0.0037731
     361  6.6074064E-04  1.8844313  5.4069205E+11    0.0037662
     362  6.6325615E-04  1.8754969  5.3566191E+11    0.0037602
     363  6.6561753E-04  1.8670940  5.3082752E+11    0.0037549
     364  6.6787691E-04  1.8590882  5.2616392E+11    0.0037500
     365  6.7007075E-04  1.8513893  5.2165522E+11    0.0037453
     366  6.7222710E-04  1.8439327  5.1729201E+11    0.0037408
     367  6.7436990E-04  1.8366689  5.1306974E+11    0.0037364
     368  6.7652167E-04  1.8295574  5.0898821E+11    0.0037320
     369  6.7870589E-04  1.8225628  5.0505197E+11    0.0037276
     370  6.8094948E-04  1.8156521  5.0127169E+11    0.0037229
     371  6.8100000E-04  1.8155000  5.0119000E+11    0.0037228
     372  6.8110104E-04  1.8151963  5.0102708E+11    0.0037226
     373  6.8130312E-04  1.8145914  5.0070307E+11    0.0037222
     374  6.8170727E-04  1.8133908  5.0006225E+11    0.0037213
     375  6.8251558E-04  1.8110255  4.9880825E+11    0.0037196
     376  6.8413220E-04  1.8064275  4.9640185E+11    0.0037163
     377  6.8673270E-04  1.7993483  4.9277112E+11    0.0037110
     378  6.8942126E-04  1.7923463  4.8925251E+11    0.0037055
     379  6.9223319E-04  1.7852489  4.8573341E+11    0.0036999
     380  6.9513318E-04  1.7780417  4.8217432E+11    0.0036942
     381  6.9805965E-04  1.7707491  4.7854996E+11    0.0036886
     382  7.0093796E-04  1.7634263  4.7485250E+11    0.0036830
     383  7.0369830E-04  1.7561453  4.7109360E+11    0.0036777
     384  7.0600000E-04  1.7498000  4.6774000E+11    0.0036733
     385  7.0842935E-04  1.7428354  4.6395028E+11    0.0036688
     386  7.1067973E-04  1.7362116  4.6025020E+11    0.0036648
     387  7.1280167E-04  1.7298482  4.5664112E+11    0.0036611
     388  7.1549321E-04  1.7216608  4.5196136E+11    0.0036565
     389  7.1805822E-04  1.7137898  4.4746495E+11    0.0036521
     390  7.2054891E-04  1.7061330  4.4313007E+11    0.0036478
     391  7.2300310E-04  1.6986212  4.3894768E+11    0.0036434
     392  7.2545100E-04  1.6912048  4.3491902E+11    0.0036388
     393  7.2792100E-04  1.6838424  4.3105231E+11    0.0036339
     394  7.3100000E-04  1.6749000  4.2659000E+11    0.0036274
     395  7.3431371E-04  1.6654854  4.2220813E+11    0.0036197
     396  7.3770785E-04  1.6559409  4.1803459E+11    0.0036111
     397  7.4113891E-04  1.6464106  4.1406651E+11    0.0036019
     398  7.4460456E-04  1.6369217  4.1024213E+11    0.0035924
     399  7.4809983E-04  1.6275086  4.0650053E+11    0.0035829

#-- 1:it 2:time[s] 3:T9[GK] 4:rho[g/cm3] 5:entropy[kB/baryon]
     400  7.5161950E-04  1.6182058  4.0277939E+11    0.0035736
     401  7.5515812E-04  1.6090481  3.9901604E+11    0.0035647
     402  7.5600000E-04  1.6069000  3.9811000E+11    0.0035627
     403  7.5768375E-04  1.6026835  3.9632207E+11    0.0035588
     404  7.6105126E-04  1.5945926  3.9289413E+11    0.0035513
     405  7.6480037E-04  1.5859525  3.8922703E+11    0.0035433
     406  7.6865304E-04  1.5772498  3.8551292E+11    0.0035354
     407  7.7253039E-04  1.5684337  3.8171749E+11    0.0035275
     408  7.7632301E-04  1.5595272  3.7784331E+11    0.0035196
     409  7.7993473E-04  1.5505860  3.7391408E+11    0.0035119
     410  7.8200000E-04  1.5452000  3.7153000E+11    0.0035073
     411  7.8522229E-04  1.5363403  3.6753628E+11    0.0034999
     412  7.8817062E-04  1.5278362  3.6362721E+11    0.0034932
     413  7.9093640E-04  1.5196231  3.5982498E+11    0.0034867
     414  7.9358846E-04  1.5116250  3.5612683E+11    0.0034805
     415  7.9617149E-04  1.5038003  3.5253682E+11    0.0034744
     416  7.9871927E-04  1.4961230  3.4906244E+11    0.0034682
     417  8.0124326E-04  1.4886273  3.4573677E+11    0.0034620
     418  8.0377236E-04  1.4812942  3.4256904E+11    0.0034557
     419  8.0635191E-04  1.4740674  3.3955654E+11    0.0034491
     420  8.0700000E-04  1.4723000  3.3884000E+11    0.0034474
     421  8.0829618E-04  1.4687997  3.3744771E+11    0.0034440
     422  8.1088854E-04  1.4618790  3.3479183E+11    0.0034370
     423  8.1368316E-04  1.4545361  3.3209275E+11    0.0034291
     424  8.1650728E-04  1.4472378  3.2950265E+11    0.0034209
     425  8.1936625E-04  1.4399726  3.2698515E+11    0.0034126
     426  8.2225487E-04  1.4327558  3.2451214E+11    0.0034043
     427  8.2516789E-04  1.4256019  3.2205396E+11    0.0033960
     428  8.2809953E-04  1.4185258  3.1958047E+11    0.0033880
     429  8.3104355E-04  1.4115426  3.1706162E+11    0.0033804
     430  8.3200000E-04  1.4093000  3.1623000E+11    0.0033780
     431  8.3391290E-04  1.4048960  3.1456302E+11    0.0033735
     432  8.3694485E-04  1.3981569  3.1193863E+11    0.0033668
     433  8.3999259E-04  1.3916029  3.0932246E+11    0.0033607
     434  8.4310075E-04  1.3850554  3.0667686E+11    0.0033546
     435  8.4623431E-04  1.3785020  3.0403247E+11    0.0033486
     436  8.4935825E-04  1.3719251  3.0141885E+11    0.0033424
     437  8.5243653E-04  1.3653149  2.9886545E+11    0.0033359
     438  8.5543632E-04  1.3586694  2.9639804E+11    0.0033290
     439  8.5700000E-04  1.3551000  2.9512000E+11    0.0033251
     440  8.6012736E-04  1.3477490  2.9257523E+11    0.0033167
     441  8.6405829E-04  1.3382170  2.8939773E+11    0.0033055
     442  8.6779216E-04  1.3289784  2.8640874E+11    0.0032942
     443  8.7141473E-04  1.3199544  2.8354297E+11    0.0032830
     444  8.7497085E-04  1.3111378  2.8076861E+11    0.0032719
     445  8.7849846E-04  1.3025265  2.7806015E+11    0.0032611
     446  8.8200000E-04  1.2942000  2.7542000E+11    0.0032507
     447  8.8557766E-04  1.2858688  2.7278166E+11    0.0032403
     448  8.8918087E-04  1.2775559  2.7018192E+11    0.0032298
     449  8.9277393E-04  1.2693572  2.6763368E+11    0.0032193

#-- 1:it 2:time[s] 3:T9[GK] 4:rho[g/cm3] 5:entropy[kB/baryon]
     450  8.9636055E-04  1.2612758  2.6512135E+11    0.0032091
     451  8.9994269E-04  1.2533190  2.6263122E+11    0.0031990
     452  9.0352257E-04  1.2454932  2.6015003E+11    0.0031893
     453  9.0710252E-04  1.2378047  2.5766490E+11    0.0031799
     454  9.0800000E-04  1.2359000  2.5704000E+11    0.0031776
     455  9.0979496E-04  1.2321307  2.5578885E+11    0.0031731
     456  9.1338487E-04  1.2247525  2.5328708E+11    0.0031646
     457  9.1701343E-04  1.2174607  2.5076451E+11    0.0031565
     458  9.2066243E-04  1.2102345  2.4824034E+11    0.0031485
     459  9.2430943E-04  1.2030586  2.4573638E+11    0.0031406
     460  9.2793109E-04  1.1959200  2.4327432E+11    0.0031326
     461  9.3150452E-04  1.1888088  2.4087444E+11    0.0031244
     462  9.3300000E-04  1.1858000  2.3988000E+11    0.0031209
     463  9.3599097E-04  1.1797701  2.3790561E+11    0.0031137
     464  9.3942904E-04  1.1728552  2.3565627E+11    0.0031054
     465  9.4281444E-04  1.1660449  2.3346226E+11    0.0030972
     466  9.4616153E-04  1.1592923  2.3131323E+11    0.0030889
     467  9.4946229E-04  1.1525972  2.2921338E+11    0.0030805
     468  9.5271051E-04  1.1459580  2.2716559E+11    0.0030721
     469  9.5590076E-04  1.1393737  2.2517216E+11    0.0030635
     470  9.5800000E-04  1.1350000  2.2387000E+11    0.0030577
     471  9.6112358E-04  1.1284610  2.2194249E+11    0.0030490
     472  9.6415271E-04  1.1221026  2.2008384E+11    0.0030404
     473  9.6714207E-04  1.1157986  2.1826276E+11    0.0030318
     474  9.7008579E-04  1.1095510  2.1648497E+11    0.0030232
     475  9.7298101E-04  1.1033568  2.1475395E+11    0.0030144
     476  9.7582529E-04  1.0972138  2.1307256E+11    0.0030056
     477  9.7861664E-04  1.0911201  2.1144304E+11    0.0029966
     478  9.8135353E-04  1.0850743  2.0986700E+11    0.0029875
     479  9.8300000E-04  1.0814000  2.0893000E+11    0.0029819
     480  9.8582812E-04  1.0750615  2.0731689E+11    0.0029721
     481  9.8855903E-04  1.0689255  2.0574792E+11    0.0029627
     482  9.9125243E-04  1.0628426  2.0420327E+11    0.0029533
     483  9.9390171E-04  1.0568138  2.0269916E+11    0.0029439
     484  9.9650358E-04  1.0508347  2.0124823E+11    0.0029343
     485  9.9905526E-04  1.0449019  1.9986119E+11    0.0029245
     486  1.0015545E-03  1.0390128  1.9854681E+11    0.0029144
     487  1.0039998E-03  1.0331651  1.9731206E+11    0.0029041
     488  1.0063898E-03  1.0273574  1.9616220E+11    0.0028934
     489  1.0087241E-03  1.0215886  1.9510105E+11    0.0028824
     490  1.0090000E-03  1.0209000  1.9498000E+11    0.0028810
     491  1.0095518E-03  1.0195202  1.9474196E+11    0.0028783
     492  1.0106554E-03  1.0167530  1.9428356E+11    0.0028727
     493  1.0128625E-03  1.0111865  1.9342948E+11    0.0028612
     494  1.0150711E-03  1.0055700  1.9264337E+11    0.0028491
     495  1.0172438E-03  0.9999953  1.9191958E+11    0.0028369
     496  1.0193791E-03  0.9944648  1.9123981E+11    0.0028245
     497  1.0214534E-03  0.9890401  1.9059452E+11    0.0028122
     498  1.0234880E-03  0.9836658  1.8996218E+11    0.0027999
     499  1.0254808E-03  0.9783479  1.8933066E+11    0.0027878

#-- 1:it 2:time[s] 3:T9[GK] 4:rho[g/cm3] 5:entropy[kB/baryon]
     500  1.0274310E-03  0.9730894  1.8868917E+11    0.0027759
     501  1.0293381E-03  0.9678927  1.8802850E+11    0.0027643
     502  1.0317838E-03  0.9611463  1.8711625E+11    0.0027494
     503  1.0340000E-03  0.9549500  1.8621000E+11    0.0027360
     504  1.0363209E-03  0.9483163  1.8518328E+11    0.0027220
     505  1.0385597E-03  0.9417526  1.8413870E+11    0.0027081
     506  1.0407157E-03  0.9353176  1.8309191E+11    0.0026947
     507  1.0428081E-03  0.9289993  1.8204604E+11    0.0026815
     508  1.0448515E-03  0.9227906  1.8100385E+11    0.0026686
     509  1.0468576E-03  0.9166864  1.7996762E+11    0.0026560
     510  1.0488364E-03  0.9106826  1.7893932E+11    0.0026435
     511  1.0507968E-03  0.9047762  1.7792068E+11    0.0026313
     512  1.0527472E-03  0.8989650  1.7691331E+11    0.0026193
     513  1.0546953E-03  0.8932475  1.7591879E+11    0.0026074
     514  1.0566489E-03  0.8876232  1.7493875E+11    0.0025957
     515  1.0586165E-03  0.8820910  1.7397474E+11    0.0025842
     516  1.0590000E-03  0.8810300  1.7379000E+11    0.0025820
     517  1.0597670E-03  0.8789175  1.7342017E+11    0.0025776
     518  1.0613011E-03  0.8747139  1.7267286E+11    0.0025689
     519  1.0634660E-03  0.8688324  1.7160577E+11    0.0025569
     520  1.0656619E-03  0.8629301  1.7051590E+11    0.0025448
     521  1.0678740E-03  0.8570522  1.6941870E+11    0.0025328
     522  1.0700915E-03  0.8512317  1.6832772E+11    0.0025209
     523  1.0723047E-03  0.8454976  1.6725586E+11    0.0025092
     524  1.0745170E-03  0.8398436  1.6620915E+11    0.0024976
     525  1.0767313E-03  0.8342655  1.6519388E+11    0.0024859
     526  1.0789507E-03  0.8287589  1.6421631E+11    0.0024743
     527  1.0811781E-03  0.8233200  1.6328279E+11    0.0024627
     528  1.0834169E-03  0.8179447  1.6239993E+11    0.0024509
     529  1.0840000E-03  0.8165600  1.6218000E+11    0.0024478
     530  1.0851662E-03  0.8138024  1.6175640E+11    0.0024416
     531  1.0874859E-03  0.8083533  1.6097788E+11    0.0024291
     532  1.0897495E-03  0.8030918  1.6028616E+11    0.0024166
     533  1.0920864E-03  0.7977295  1.5962519E+11    0.0024036
     534  1.0944173E-03  0.7924629  1.5900244E+11    0.0023907
     535  1.0967555E-03  0.7872736  1.5839723E+11    0.0023779
     536  1.0991779E-03  0.7820085  1.5777274E+11    0.0023650
     537  1.1016136E-03  0.7768402  1.5712884E+11    0.0023524
     538  1.1040679E-03  0.7717722  1.5644505E+11    0.0023403
     539  1.1065425E-03  0.7668166  1.5570121E+11    0.0023289
     540  1.1090000E-03  0.7620600  1.5489000E+11    0.0023183
     541  1.1115233E-03  0.7574565  1.5397207E+11    0.0023088
     542  1.1141281E-03  0.7530459  1.5295098E+11    0.0023004
     543  1.1168594E-03  0.7486924  1.5182323E+11    0.0022927
     544  1.1196883E-03  0.7443662  1.5061909E+11    0.0022855
     545  1.1225746E-03  0.7400266  1.4937933E+11    0.0022784
     546  1.1258379E-03  0.7350632  1.4799763E+11    0.0022701
     547  1.1291417E-03  0.7298125  1.4665721E+11    0.0022607
     548  1.1324199E-03  0.7242133  1.4542217E+11    0.0022496
     549  1.1350000E-03  0.7194300  1.4454000E+11    0.0022391

#-- 1:it 2:time[s] 3:T9[GK] 4:rho[g/cm3] 5:entropy[kB/baryon]
     550  1.1380833E-03  0.7132334  1.4360747E+11    0.0022244
     551  1.1410469E-03  0.7068957  1.4281405E+11    0.0022085
     552  1.1439055E-03  0.7005439  1.4211365E+11    0.0021919
     553  1.1466804E-03  0.6942555  1.4146759E+11    0.0021752
     554  1.1494088E-03  0.6880465  1.4083999E+11    0.0021587
     555  1.1521224E-03  0.6819309  1.4019967E+11    0.0021424
     556  1.1543688E-03  0.6769721  1.3964112E+11    0.0021294
     557  1.1566061E-03  0.6721739  1.3904559E+11    0.0021171
     558  1.1588668E-03  0.6675125  1.3839154E+11    0.0021055
     559  1.1600000E-03  0.6652600  1.3804000E+11    0.0021001
     560  1.1622664E-03  0.6608621  1.3728466E+11    0.0020898
     561  1.1646417E-03  0.6563471  1.3642935E+11    0.0020797
     562  1.1670480E-03  0.6518661  1.3551400E+11    0.0020700
     563  1.1694757E-03  0.6474343  1.3455854E+11    0.0020606
     564  1.1719239E-03  0.6430502  1.3358050E+11    0.0020515
     565  1.1743937E-03  0.6387083  1.3259694E+11    0.0020425
     566  1.1768873E-03  0.6344018  1.3162507E+11    0.0020335
     567  1.1794067E-03  0.6301235  1.3068259E+11    0.0020245
     568  1.1819544E-03  0.6258662  1.2978784E+11    0.0020152
     569  1.1845330E-03  0.6216221  1.2896013E+11    0.0020057
     570  1.1850000E-03  0.6208600  1.2882000E+11    0.0020039
     571  1.1859341E-03  0.6193416  1.2854736E+11    0.0020003
     572  1.1878022E-03  0.6163284  1.2802679E+11    0.0019931
     573  1.1904245E-03  0.6121547  1.2734501E+11    0.0019830
     574  1.1931012E-03  0.6079655  1.2669769E+11    0.0019725
     575  1.1958243E-03  0.6037817  1.2607773E+11    0.0019619
     576  1.1985924E-03  0.5996136  1.2547528E+11    0.0019512
     577  1.2014069E-03  0.5954678  1.2487893E+11    0.0019406
     578  1.2042707E-03  0.5913492  1.2427600E+11    0.0019300
     579  1.2071876E-03  0.5872625  1.2365254E+11    0.0019196
     580  1.2100000E-03  0.5834300  1.2303000E+11    0.0019101
     581  1.2130309E-03  0.5794875  1.2236093E+11    0.0019004
     582  1.2161490E-03  0.5756542  1.2169967E+11    0.0018910
     583  1.2193798E-03  0.5718446  1.2102826E+11    0.0018818
     584  1.2227266E-03  0.5679908  1.2033100E+11    0.0018725
     585  1.2261756E-03  0.5640301  1.1959281E+11    0.0018630
     586  1.2296998E-03  0.5599025  1.1879922E+11    0.0018532
     587  1.2332630E-03  0.5555526  1.1793742E+11    0.0018431
     588  1.2350000E-03  0.5533400  1.1749000E+11    0.0018379
     589  1.2384740E-03  0.5487538  1.1651737E+11    0.0018275
     590  1.2419588E-03  0.5440063  1.1545167E+11    0.0018169
     591  1.2452518E-03  0.5394304  1.1439626E+11    0.0018069
     592  1.2484188E-03  0.5349859  1.1336648E+11    0.0017971
     593  1.2515022E-03  0.5306518  1.1237592E+11    0.0017875
     594  1.2545346E-03  0.5264136  1.1143664E+11    0.0017779
     595  1.2575437E-03  0.5222603  1.1056053E+11    0.0017683
     596  1.2605553E-03  0.5181836  1.0976042E+11    0.0017584
     597  1.2610000E-03  0.5175900  1.0965000E+11    0.0017569
     598  1.2618895E-03  0.5164049  1.0943425E+11    0.0017540
     599  1.2636684E-03  0.5140343  1.0901931E+11    0.0017479

#-- 1:it 2:time[s] 3:T9[GK] 4:rho[g/cm3] 5:entropy[kB/baryon]
     600  1.2667821E-03  0.5098910  1.0833949E+11    0.0017371
     601  1.2698075E-03  0.5058842  1.0772469E+11    0.0017263
     602  1.2728133E-03  0.5019348  1.0714654E+11    0.0017156
     603  1.2758027E-03  0.4980502  1.0659239E+11    0.0017048
     604  1.2787819E-03  0.4942336  1.0604982E+11    0.0016943
     605  1.2817567E-03  0.4904880  1.0550693E+11    0.0016839
     606  1.2847335E-03  0.4868164  1.0495210E+11    0.0016739
     607  1.2860000E-03  0.4852800  1.0471000E+11    0.0016697
     608  1.2885331E-03  0.4822291  1.0422254E+11    0.0016615
     609  1.2915398E-03  0.4786319  1.0364707E+11    0.0016517
     610  1.2945002E-03  0.4751316  1.0308373E+11    0.0016423
     611  1.2974510E-03  0.4716992  1.0252537E+11    0.0016330
     612  1.3004046E-03  0.4683352  1.0196955E+11    0.0016239
     613  1.3033749E-03  0.4650396  1.0141365E+11    0.0016151
     614  1.3063765E-03  0.4618128  1.0085488E+11    0.0016065
     615  1.3094262E-03  0.4586561  1.0029022E+11    0.0015981
     616  1.3110000E-03  0.4570800  1.0000000E+11    0.0015940
 Evolution mode: switching on heating
     617  1.3110000E-03  0.4570800  9.9999998E+10    0.0015940
     618  1.3110000E-03  0.4570812  9.9999995E+10    0.0015940
     619  1.3110001E-03  0.4570835  9.9999987E+10    0.0015940
     620  1.3110001E-03  0.4570882  9.9999973E+10    0.0015940
     621  1.3110003E-03  0.4570976  9.9999944E+10    0.0015941
     622  1.3110006E-03  0.4571164  9.9999886E+10    0.0015941
     623  1.3110012E-03  0.4571539  9.9999771E+10    0.0015943
     624  1.3110025E-03  0.4572290  9.9999540E+10    0.0015945
     625  1.3110050E-03  0.4573791  9.9999078E+10    0.0015951
     626  1.3110100E-03  0.4576791  9.9998154E+10    0.0015962
     627  1.3110201E-03  0.4582784  9.9996305E+10    0.0015984
     628  1.3110401E-03  0.4594741  9.9992609E+10    0.0016028
     629  1.3110803E-03  0.4618541  9.9985217E+10    0.0016117
     630  1.3111431E-03  0.4655504  9.9973650E+10    0.0016253
     631  1.3112082E-03  0.4693523  9.9961663E+10    0.0016394
     632  1.3112753E-03  0.4732398  9.9949312E+10    0.0016537
     633  1.3113441E-03  0.4771984  9.9936636E+10    0.0016683
     634  1.3114147E-03  0.4812281  9.9923630E+10    0.0016832
     635  1.3114847E-03  0.4851883  9.9910749E+10    0.0016978
     636  1.3115536E-03  0.4890635  9.9898050E+10    0.0017121
     637  1.3116230E-03  0.4929298  9.9885286E+10    0.0017263
     638  1.3116935E-03  0.4968341  9.9872300E+10    0.0017407
     639  1.3117658E-03  0.5008060  9.9858989E+10    0.0017553
     640  1.3118402E-03  0.5048638  9.9845287E+10    0.0017703
     641  1.3119170E-03  0.5090171  9.9831153E+10    0.0017856
     642  1.3119962E-03  0.5132702  9.9816566E+10    0.0018012
     643  1.3120780E-03  0.5176234  9.9801517E+10    0.0018172
     644  1.3121623E-03  0.5220757  9.9786002E+10    0.0018336
     645  1.3122491E-03  0.5266251  9.9770018E+10    0.0018503
     646  1.3123385E-03  0.5312698  9.9753566E+10    0.0018674
     647  1.3124239E-03  0.5356737  9.9737847E+10    0.0018835
     648  1.3125112E-03  0.5401398  9.9721782E+10    0.0018999
     649  1.3126005E-03  0.5446727  9.9705351E+10    0.0019166

#-- 1:it 2:time[s] 3:T9[GK] 4:rho[g/cm3] 5:entropy[kB/baryon]
     650  1.3126919E-03  0.5492789  9.9688524E+10    0.0019335
     651  1.3127856E-03  0.5539605  9.9671289E+10    0.0019506
     652  1.3128815E-03  0.5587195  9.9653632E+10    0.0019681
     653  1.3129798E-03  0.5635578  9.9635540E+10    0.0019858
     654  1.3130806E-03  0.5684775  9.9617001E+10    0.0020039
     655  1.3131839E-03  0.5734807  9.9598001E+10    0.0020222
     656  1.3132897E-03  0.5785696  9.9578525E+10    0.0020408
     657  1.3133983E-03  0.5837465  9.9558561E+10    0.0020598
     658  1.3135096E-03  0.5890138  9.9538093E+10    0.0020791
     659  1.3136237E-03  0.5943741  9.9517108E+10    0.0020987
     660  1.3137407E-03  0.5998299  9.9495591E+10    0.0021187
     661  1.3138606E-03  0.6053841  9.9473528E+10    0.0021390
     662  1.3139843E-03  0.6110697  9.9450784E+10    0.0021599
     663  1.3141113E-03  0.6168630  9.9427451E+10    0.0021811
     664  1.3142414E-03  0.6227661  9.9403521E+10    0.0022027
     665  1.3143749E-03  0.6287823  9.9378983E+10    0.0022247
     666  1.3145118E-03  0.6349152  9.9353825E+10    0.0022471
     667  1.3146522E-03  0.6411688  9.9328037E+10    0.0022700
     668  1.3147960E-03  0.6475473  9.9301612E+10    0.0022933
     669  1.3149296E-03  0.6534485  9.9277075E+10    0.0023149
     670  1.3150499E-03  0.6587518  9.9254964E+10    0.0023343
     671  1.3151598E-03  0.6635827  9.9234784E+10    0.0023519
     672  1.3152611E-03  0.6680300  9.9216179E+10    0.0023682
     673  1.3153553E-03  0.6721595  9.9198889E+10    0.0023833
     674  1.3154434E-03  0.6760214  9.9182710E+10    0.0023974
     675  1.3155263E-03  0.6796550  9.9167486E+10    0.0024107
     676  1.3156048E-03  0.6830917  9.9153089E+10    0.0024233
     677  1.3156793E-03  0.6863570  9.9139415E+10    0.0024352
     678  1.3157503E-03  0.6894722  9.9126378E+10    0.0024466
     679  1.3158182E-03  0.6924549  9.9113905E+10    0.0024575
     680  1.3158835E-03  0.6953202  9.9101935E+10    0.0024680
     681  1.3159481E-03  0.6981610  9.9090081E+10    0.0024783
     682  1.3160095E-03  0.7008661  9.9078808E+10    0.0024882
     683  1.3160681E-03  0.7034506  9.9068053E+10    0.0024977
     684  1.3161242E-03  0.7059273  9.9057762E+10    0.0025067
     685  1.3161781E-03  0.7083073  9.9047888E+10    0.0025154
     686  1.3162298E-03  0.7106001  9.9038391E+10    0.0025238
     687  1.3162797E-03  0.7128141  9.9029236E+10    0.0025319
     688  1.3163280E-03  0.7149567  9.9020392E+10    0.0025397
     689  1.3163747E-03  0.7170345  9.9011831E+10    0.0025473
     690  1.3164199E-03  0.7190534  9.9003528E+10    0.0025547
     691  1.3164639E-03  0.7210186  9.8995460E+10    0.0025619
     692  1.3165067E-03  0.7229352  9.8987607E+10    0.0025689
     693  1.3165485E-03  0.7248076  9.8979950E+10    0.0025757
     694  1.3165893E-03  0.7266400  9.8972471E+10    0.0025824
     695  1.3166292E-03  0.7284364  9.8965153E+10    0.0025890
     696  1.3166683E-03  0.7302004  9.8957981E+10    0.0025954
     697  1.3167068E-03  0.7315901  9.8950939E+10    0.0026017
     698  1.3167448E-03  0.7315590  9.8943966E+10    0.0026080
     699  1.3167837E-03  0.7315272  9.8936840E+10    0.0026144

#-- 1:it 2:time[s] 3:T9[GK] 4:rho[g/cm3] 5:entropy[kB/baryon]
     700  1.3168235E-03  0.7314946  9.8929540E+10    0.0026209
     701  1.3168644E-03  0.7314611  9.8922039E+10    0.0026276
     702  1.3169066E-03  0.7314266  9.8914307E+10    0.0026346
     703  1.3169503E-03  0.7313909  9.8906305E+10    0.0026417
     704  1.3169957E-03  0.7313537  9.8897986E+10    0.0026491
     705  1.3170431E-03  0.7313149  9.8889292E+10    0.0026569
     706  1.3170930E-03  0.7312740  9.8880149E+10    0.0026650
     707  1.3171459E-03  0.7312308  9.8870464E+10    0.0026736
     708  1.3172024E-03  0.7311845  9.8860111E+10    0.0026828
     709  1.3172635E-03  0.7311345  9.8848924E+10    0.0026927
     710  1.3173304E-03  0.7310798  9.8836672E+10    0.0027035
     711  1.3174049E-03  0.7310188  9.8823026E+10    0.0027155
     712  1.3174897E-03  0.7309493  9.8807489E+10    0.0027292
     713  1.3175892E-03  0.7308678  9.8789281E+10    0.0027452
     714  1.3176897E-03  0.7307855  9.8770884E+10    0.0027613
     715  1.3177911E-03  0.7307024  9.8752310E+10    0.0027775
     716  1.3178937E-03  0.7306183  9.8733539E+10    0.0027938
     717  1.3179975E-03  0.7305333  9.8714550E+10    0.0028103
     718  1.3181026E-03  0.7304471  9.8695316E+10    0.0028270
     719  1.3182093E-03  0.7303597  9.8675809E+10    0.0028439
     720  1.3183176E-03  0.7302709  9.8655994E+10    0.0028610
     721  1.3184279E-03  0.7301805  9.8635832E+10    0.0028783
     722  1.3185403E-03  0.7300884  9.8615279E+10    0.0028960
     723  1.3186552E-03  0.7299942  9.8594281E+10    0.0029140
     724  1.3187729E-03  0.7298977  9.8572774E+10    0.0029324
     725  1.3188938E-03  0.7297985  9.8550683E+10    0.0029512
     726  1.3190184E-03  0.7296963  9.8527920E+10    0.0029706
     727  1.3191473E-03  0.7295906  9.8504374E+10    0.0029906
     728  1.3192813E-03  0.7294807  9.8479914E+10    0.0030113
     729  1.3194212E-03  0.7293660  9.8454372E+10    0.0030329
     730  1.3195682E-03  0.7292454  9.8427541E+10    0.0030556
     731  1.3197656E-03  0.7290835  9.8391530E+10    0.0030858
     732  1.3199673E-03  0.7289180  9.8354738E+10    0.0031167
     733  1.3201740E-03  0.7287484  9.8317063E+10    0.0031482
     734  1.3203863E-03  0.7285743  9.8278382E+10    0.0031805
     735  1.3206050E-03  0.7283949  9.8238549E+10    0.0032136
     736  1.3210424E-03  0.7280362  9.8158937E+10    0.0032796
     737  1.3216546E-03  0.7275342  9.8047622E+10    0.0033712
     738  1.3222822E-03  0.7270199  9.7933694E+10    0.0034646
     739  1.3229266E-03  0.7264922  9.7816874E+10    0.0035600
     740  1.3235898E-03  0.7259495  9.7696831E+10    0.0036577
     741  1.3242743E-03  0.7253900  9.7573173E+10    0.0037582
     742  1.3249827E-03  0.7248117  9.7445429E+10    0.0038617
     743  1.3257185E-03  0.7242118  9.7313028E+10    0.0039689
     744  1.3264857E-03  0.7235873  9.7175272E+10    0.0040804
     745  1.3272896E-03  0.7229342  9.7031294E+10    0.0041969
     746  1.3281366E-03  0.7222475  9.6880001E+10    0.0043194
     747  1.3290352E-03  0.7215207  9.6719992E+10    0.0044492
     748  1.3299962E-03  0.7207456  9.6549431E+10    0.0045878
     749  1.3310345E-03  0.7199109  9.6365849E+10    0.0047374

#-- 1:it 2:time[s] 3:T9[GK] 4:rho[g/cm3] 5:entropy[kB/baryon]
     750  1.3321708E-03  0.7190009  9.6165823E+10    0.0049010
     751  1.3334348E-03  0.7179930  9.5944418E+10    0.0050830
     752  1.3348724E-03  0.7168530  9.5694140E+10    0.0052899
     753  1.3360000E-03  0.7159637  9.5499000E+10    0.0054523
     754  1.3378240E-03  0.7145367  9.5186001E+10    0.0057152
     755  1.3397848E-03  0.7130188  9.4853201E+10    0.0059981
