# 1:A 2:Y(A) 3:X(A)
    1     1.19753988122368E-09     1.19753988122368E-09
    2     7.59696661064620E-16     1.51939332212924E-15
    3     2.67972604591970E-09     8.03917813775910E-09
    4     2.26950166334513E-04     9.07800665338053E-04
    5     0.00000000000000E+00     0.00000000000000E+00
    6     6.86497109509011E-09     4.11898265705407E-08
    7     8.39423566942947E-10     5.87596496860063E-09
    8     0.00000000000000E+00     0.00000000000000E+00
    9     6.99809888070338E-07     6.29828899263304E-06
   10     6.33401701169616E-08     6.33401701169617E-07
   11     3.81541631002717E-09     4.19695794102989E-08
   12     4.64956494691095E-07     5.57947793629314E-06
   13     4.71143048091609E-08     6.12485962519092E-07
   14     7.88482481576541E-08     1.10387547420716E-06
   15     1.08694339480547E-05     1.63041509220821E-04
   16     2.21978980513342E-07     3.55166368821347E-06
   17     2.41648505277526E-09     4.10802458971794E-08
   18     8.21803091376346E-07     1.47924556447742E-05
   19     1.11635561970195E-06     2.12107567743371E-05
   20     7.88336518403019E-08     1.57667303680604E-06
   21     1.08696065506803E-07     2.28261737564287E-06
   22     2.89845209899624E-06     6.37659461779173E-05
   23     8.99564984503327E-10     2.06899946435765E-08
   24     1.59974899192121E-08     3.83939758061090E-07
   25     6.72831551173396E-08     1.68207887793349E-06
   26     3.67639519578026E-09     9.55862750902868E-08
   27     8.23500401781742E-10     2.22345108481070E-08
   28     1.53641538020290E-09     4.30196306456813E-08
   29     9.62125836367410E-10     2.79016492546549E-08
   30     1.72148586200685E-09     5.16445758602055E-08
   31     2.80098558858022E-09     8.68305532459869E-08
   32     1.02292777659448E-08     3.27336888510234E-07
   33     9.81590786491733E-09     3.23924959542272E-07
   34     1.30238838826032E-08     4.42812052008509E-07
   35     8.03135752560298E-09     2.81097513396104E-07
   36     2.43870686778956E-09     8.77934472404241E-08
   37     1.53016367050699E-08     5.66160558087585E-07
   38     3.39613260556307E-10     1.29053039011397E-08
   39     1.79534771793838E-10     7.00185609995968E-09
   40     2.44058509565856E-09     9.76234038263422E-08
   41     6.41252617664383E-09     2.62913573242397E-07
   42     6.39805813238593E-08     2.68718441560209E-06
   43     9.41093056381912E-09     4.04670014244222E-07
   44     1.87951573227477E-08     8.26986922200898E-07
   45     3.73238275456138E-08     1.67957223955262E-06
   46     1.79957979025698E-08     8.27806703518211E-07
   47     7.52047178706356E-09     3.53462173991987E-07
   48     1.13045051392742E-08     5.42616246685162E-07
   49     1.55582690825598E-09     7.62355185045428E-08
   50     2.35566621969854E-08     1.17783310984927E-06
   51     2.53903912315572E-08     1.29490995280942E-06
   52     1.09121001063588E-08     5.67429205530657E-07
   53     2.93890170106820E-09     1.55761790156615E-07
   54     2.60058101603466E-09     1.40431374865871E-07
   55     7.62237900649951E-10     4.19230845357473E-08
   56     4.09085054193136E-09     2.29087630348156E-07
   57     5.55207431592710E-09     3.16468236007845E-07
   58     3.51005820035239E-09     2.03583375620438E-07
   59     3.09817881539049E-09     1.82792550108039E-07
   60     2.03279856309804E-09     1.21967913785883E-07
   61     4.72054250854339E-09     2.87953093021147E-07
   62     1.25978268272663E-08     7.81065263290513E-07
   63     1.22676569854093E-08     7.72862390080787E-07
   64     3.98449576103863E-09     2.55007728706472E-07
   65     5.49134506303419E-09     3.56937429097222E-07
   66     1.98130973357076E-09     1.30766442415670E-07
   67     2.67592356012722E-09     1.79286878528524E-07
   68     2.12767291550806E-09     1.44681758254548E-07
   69     4.44966569698378E-09     3.07026933091881E-07
   70     3.22559322018414E-09     2.25791525412890E-07
   71     4.06050917456978E-09     2.88296151394455E-07
   72     2.34445629772338E-09     1.68800853436084E-07
   73     2.72428786360704E-09     1.98873014043314E-07
   74     2.34116833441846E-09     1.73246456746966E-07
   75     7.15203495728864E-09     5.36402621796648E-07
   76     2.21377202648741E-08     1.68246674013043E-06
   77     5.40162464415662E-08     4.15925097600059E-06
   78     2.96256419112263E-08     2.31080006907566E-06
   79     1.56862683862257E-08     1.23921520251183E-06
   80     4.02729269186501E-09     3.22183415349201E-07
   81     6.48552740719694E-09     5.25327719982952E-07
   82     5.56178324197887E-09     4.56066225842268E-07
   83     3.02703772508108E-09     2.51244131181730E-07
   84     7.81652734886624E-09     6.56588297304764E-07
   85     3.62360342282710E-09     3.08006290940303E-07
   86     3.97375949847447E-09     3.41743316868804E-07
   87     3.30523750173185E-09     2.87555662650671E-07
   88     4.37995565800334E-09     3.85436097904294E-07
   89     2.43033902954016E-09     2.16300173629075E-07
   90     1.88254664161854E-09     1.69429197745668E-07
   91     1.35487747928758E-09     1.23293850615169E-07
   92     2.14774793686746E-09     1.97592810191807E-07
   93     1.09394325010751E-09     1.01736722259998E-07
   94     1.14381587705789E-09     1.07518692443441E-07
   95     2.37864423763594E-09     2.25971202575414E-07
   96     2.16145658625439E-09     2.07499832280421E-07
   97     1.90570632461970E-09     1.84853513488111E-07
   98     1.50554014286891E-09     1.47542934001154E-07
   99     1.47313874594805E-09     1.45840735848857E-07
  100     8.56563408575868E-10     8.56563408575868E-08
  101     7.86983035921917E-10     7.94852866281136E-08
  102     1.99890582001446E-09     2.03888393641475E-07
  103     1.92201819753020E-09     1.97967874345611E-07
  104     1.89727726717164E-08     1.97316835785851E-06
  105     2.64774839196699E-09     2.78013581156534E-07
  106     2.10682147522030E-08     2.23323076373352E-06
  107     2.08017598217579E-09     2.22578830092809E-07
  108     3.93982905374392E-09     4.25501537804343E-07
  109     3.45012313244724E-09     3.76063421436749E-07
  110     5.46564666448434E-09     6.01221133093278E-07
  111     1.66594824649952E-08     1.84920255361447E-06
  112     6.47140870182176E-09     7.24797774604037E-07
  113     2.35977255509549E-08     2.66654298725790E-06
  114     6.49868892367509E-08     7.40850537298960E-06
  115     5.11788323828701E-08     5.88556572403006E-06
  116     4.38423735540628E-07     5.08571533227129E-05
  117     2.04034726368523E-06     2.38720629851172E-04
  118     4.92808176755912E-06     5.81513648571976E-04
  119     7.47385354523011E-06     8.89388571882383E-04
  120     1.18949302380631E-05     1.42739162856757E-03
  121     1.80118164169744E-05     2.17942978645391E-03
  122     1.61204222710955E-05     1.96669151707365E-03
  123     1.50385155179198E-05     1.84973740870414E-03
  124     1.43083137497968E-05     1.77423090497480E-03
  125     5.13054188952572E-05     6.41317736190715E-03
  126     6.77428537948104E-05     8.53559957814611E-03
  127     1.51705102135039E-04     1.92665479711500E-02
  128     3.54006486494785E-04     4.53128302713325E-02
  129     6.10655744183433E-04     7.87745909996628E-02
  130     4.81753200139559E-04     6.26279160181426E-02
  131     3.64483437307212E-04     4.77473302872448E-02
  132     2.05529968350730E-04     2.71299558222964E-02
  133     2.09247216212563E-04     2.78298797562709E-02
  134     1.01123236496363E-04     1.35505136905127E-02
  135     5.55507740336320E-05     7.49935449454032E-03
  136     1.03873950104641E-04     1.41268572142312E-02
  137     4.67007486934069E-05     6.39800257099674E-03
  138     4.33012126803609E-05     5.97556734988980E-03
  139     5.83621213051061E-06     8.11233486140975E-04
  140     2.07898092667252E-05     2.91057329734152E-03
  141     1.17219398792502E-05     1.65279352297428E-03
  142     6.27629695204212E-06     8.91234167189981E-04
  143     3.50310755354540E-06     5.00944380156993E-04
  144     2.19977788605080E-06     3.16768015591315E-04
  145     2.16908630352447E-06     3.14517514011047E-04
  146     2.88035999154248E-06     4.20532558765202E-04
  147     3.52338097115152E-06     5.17937002759273E-04
  148     4.17662119261954E-06     6.18139936507692E-04
  149     4.27660324951601E-06     6.37213884177886E-04
  150     5.37684737631584E-06     8.06527106447376E-04
  151     6.97599367040250E-06     1.05337504423078E-03
  152     5.94646993217792E-06     9.03863429691044E-04
  153     6.57590658146682E-06     1.00611370696442E-03
  154     7.28782288720188E-06     1.12232472462909E-03
  155     1.07578536620012E-05     1.66746731761019E-03
  156     1.48803922480630E-05     2.32134119069782E-03
  157     1.97761276624654E-05     3.10485204300706E-03
  158     2.60357123800862E-05     4.11364255605362E-03
  159     2.81336360966607E-05     4.47324813936905E-03
  160     3.03911471491155E-05     4.86258354385849E-03
  161     3.15751024823839E-05     5.08359149966381E-03
  162     3.11774577580472E-05     5.05074815680365E-03
  163     3.03988350719209E-05     4.95501011672311E-03
  164     2.68368880291734E-05     4.40124963678444E-03
  165     1.71896669057127E-05     2.83629503944259E-03
  166     1.78670053532275E-05     2.96592288863576E-03
  167     2.15531306345961E-05     3.59937281597755E-03
  168     1.43557061400014E-05     2.41175863152023E-03
  169     1.17296768205539E-05     1.98231538267361E-03
  170     1.38276954424809E-05     2.35070822522176E-03
  171     1.18559235411405E-05     2.02736292553503E-03
  172     1.37639506725500E-05     2.36739951567859E-03
  173     1.08383142046027E-05     1.87502835739626E-03
  174     2.10401646446077E-05     3.66098864816173E-03
  175     1.29647308184895E-05     2.26882789323567E-03
  176     1.59193846009361E-05     2.80181168976475E-03
  177     1.34761022327254E-05     2.38527009519239E-03
  178     1.71657874242883E-05     3.05551016152331E-03
  179     9.20206630785931E-06     1.64716986910682E-03
  180     8.58067013925651E-06     1.54452062506617E-03
  181     6.55548449636833E-06     1.18654269384267E-03
  182     4.85377554811329E-06     8.83387149756619E-04
  183     2.34421752468696E-06     4.28991807017714E-04
  184     2.19077931432938E-06     4.03103393836605E-04
  185     2.08626325035728E-06     3.85958701316098E-04
  186     2.83160125495776E-06     5.26677833422144E-04
  187     3.80938591315721E-06     7.12355165760398E-04
  188     1.10408086725362E-05     2.07567203043680E-03
  189     3.06686589255456E-05     5.79637653692812E-03
  190     4.32519194786831E-05     8.21786470094979E-03
  191     7.41285484618289E-05     1.41585527562093E-02
  192     1.48480522474118E-04     2.85082603150307E-02
  193     3.17190017804553E-04     6.12176734362788E-02
  194     2.74936209684556E-04     5.33376246788039E-02
  195     5.13476240773680E-04     1.00127866950868E-01
  196     2.27371874137339E-04     4.45648873309184E-02
  197     2.45746312856851E-04     4.84120236327996E-02
  198     6.83365665578226E-05     1.35306401784489E-02
  199     4.16374349994865E-05     8.28584956489782E-03
  200     5.25071775058854E-06     1.05014355011771E-03
  201     3.96224270840335E-06     7.96410784389073E-04
  202     1.04643344840792E-06     2.11379556578399E-04
  203     1.01598364594202E-06     2.06244680126229E-04
  204     1.14763335274059E-06     2.34117203959080E-04
  205     1.51844932114619E-06     3.11282110834969E-04
  206     1.07938657804634E-06     2.22353635077547E-04
  207     1.13602484360609E-05     2.35157142626462E-03
  208     1.18499479127284E-05     2.46478916584750E-03
  209     1.07099082108490E-05     2.23837081606745E-03
  210     6.25922648709081E-06     1.31443756228907E-03
  211     1.58755844539378E-06     3.34974831978089E-04
  212     4.51782976213948E-10     9.57779909573571E-08
  213     1.13369603745774E-13     2.41477255978498E-11
  214     2.91588641797153E-13     6.23999693445907E-11
  215     1.69131932104387E-17     3.63633654024433E-15
  216     1.56370864656105E-15     3.37761067657187E-13
  217     1.33657433138451E-18     2.90036629910438E-16
  218     1.93595300019398E-14     4.22037754042287E-12
  219     3.12141848120627E-14     6.83590647384172E-12
  220     5.99604541700123E-13     1.31912999174027E-10
  221     1.18532565850434E-14     2.61956970529459E-12
  222     3.43711582628394E-11     7.63039713435034E-09
  223     7.78741329072909E-09     1.73659316383259E-06
  224     3.38637851638941E-09     7.58548787671228E-07
  225     8.91202187590682E-11     2.00520492207903E-08
  226     5.25931565596250E-06     1.18860533824753E-03
  227     5.40760333165965E-06     1.22752595628674E-03
  228     5.31436544906135E-06     1.21167532238599E-03
  229     1.03437903596598E-05     2.36872799236208E-03
  230     8.26743330532741E-06     1.90150966022530E-03
  231     1.39064929183687E-05     3.21239986414316E-03
  232     1.14917237227556E-05     2.66607990367930E-03
  233     2.04760203075641E-05     4.77091273166243E-03
  234     1.69950359532310E-05     3.97683841305605E-03
  235     2.56605014906919E-05     6.03021785031260E-03
  236     1.96337256425392E-05     4.63355925163926E-03
  237     4.06277570707928E-05     9.62877842577789E-03
  238     2.67114602324088E-05     6.35732753531328E-03
  239     5.27807950473205E-05     1.26146100163096E-02
  240     2.91156601233837E-05     6.98775842961210E-03
  241     4.17306008850840E-05     1.00570748133052E-02
  242     1.74311889241728E-05     4.21834771964982E-03
  243     2.60631195489806E-05     6.33333805040228E-03
  244     1.30437870155751E-05     3.18268403180032E-03
  245     2.03824160930844E-05     4.99369194280568E-03
  246     1.04225282589072E-05     2.56394195169117E-03
  247     1.51605005662089E-05     3.74464363985361E-03
  248     7.59981532179977E-06     1.88475419980634E-03
  249     1.44481598092176E-05     3.59759179249517E-03
  250     5.17306873654355E-06     1.29326718413589E-03
  251     1.25455242621104E-05     3.14892658978971E-03
  252     3.85082596120026E-06     9.70408142222467E-04
  253     7.88360934301705E-06     1.99455316378331E-03
  254     1.70783412696437E-06     4.33789868248949E-04
  255     1.80294016138568E-06     4.59749741153348E-04
  256     3.58370667964749E-07     9.17428909989758E-05
  257     2.23143142107949E-07     5.73477875217429E-05
  258     4.65480008554677E-15     1.20093842207107E-12
  259     2.10154584158136E-09     5.44300372969572E-07
  260     3.20860806791112E-10     8.34238097656891E-08
  261     0.00000000000000E+00     0.00000000000000E+00
  262     4.25384326411055E-20     1.11450693519696E-17
  263     0.00000000000000E+00     0.00000000000000E+00
  264     0.00000000000000E+00     0.00000000000000E+00
  265     0.00000000000000E+00     0.00000000000000E+00
  266     0.00000000000000E+00     0.00000000000000E+00
  267     0.00000000000000E+00     0.00000000000000E+00
  268     0.00000000000000E+00     0.00000000000000E+00
  269     0.00000000000000E+00     0.00000000000000E+00
  270     0.00000000000000E+00     0.00000000000000E+00
  271     0.00000000000000E+00     0.00000000000000E+00
  272     0.00000000000000E+00     0.00000000000000E+00
  273     0.00000000000000E+00     0.00000000000000E+00
  274     0.00000000000000E+00     0.00000000000000E+00
  275     0.00000000000000E+00     0.00000000000000E+00
  276     0.00000000000000E+00     0.00000000000000E+00
  277     0.00000000000000E+00     0.00000000000000E+00
  278     0.00000000000000E+00     0.00000000000000E+00
  279     0.00000000000000E+00     0.00000000000000E+00
  280     0.00000000000000E+00     0.00000000000000E+00
  281     0.00000000000000E+00     0.00000000000000E+00
  282     0.00000000000000E+00     0.00000000000000E+00
  283     0.00000000000000E+00     0.00000000000000E+00
  284     0.00000000000000E+00     0.00000000000000E+00
  285     0.00000000000000E+00     0.00000000000000E+00
  286     0.00000000000000E+00     0.00000000000000E+00
  287     0.00000000000000E+00     0.00000000000000E+00
  288     0.00000000000000E+00     0.00000000000000E+00
  289     0.00000000000000E+00     0.00000000000000E+00
  290     0.00000000000000E+00     0.00000000000000E+00
  291     0.00000000000000E+00     0.00000000000000E+00
  292     0.00000000000000E+00     0.00000000000000E+00
  293     0.00000000000000E+00     0.00000000000000E+00
  294     0.00000000000000E+00     0.00000000000000E+00
  295     0.00000000000000E+00     0.00000000000000E+00
  296     0.00000000000000E+00     0.00000000000000E+00
  297     0.00000000000000E+00     0.00000000000000E+00
  298     0.00000000000000E+00     0.00000000000000E+00
  299     0.00000000000000E+00     0.00000000000000E+00
  300     0.00000000000000E+00     0.00000000000000E+00
  301     0.00000000000000E+00     0.00000000000000E+00
  302     0.00000000000000E+00     0.00000000000000E+00
  303     0.00000000000000E+00     0.00000000000000E+00
  304     0.00000000000000E+00     0.00000000000000E+00
  305     0.00000000000000E+00     0.00000000000000E+00
  306     0.00000000000000E+00     0.00000000000000E+00
  307     0.00000000000000E+00     0.00000000000000E+00
  308     0.00000000000000E+00     0.00000000000000E+00
  309     0.00000000000000E+00     0.00000000000000E+00
  310     0.00000000000000E+00     0.00000000000000E+00
  311     0.00000000000000E+00     0.00000000000000E+00
  312     0.00000000000000E+00     0.00000000000000E+00
  313     0.00000000000000E+00     0.00000000000000E+00
  314     0.00000000000000E+00     0.00000000000000E+00
  315     0.00000000000000E+00     0.00000000000000E+00
  316     0.00000000000000E+00     0.00000000000000E+00
  317     0.00000000000000E+00     0.00000000000000E+00
  318     0.00000000000000E+00     0.00000000000000E+00
  319     0.00000000000000E+00     0.00000000000000E+00
  320     0.00000000000000E+00     0.00000000000000E+00
  321     0.00000000000000E+00     0.00000000000000E+00
  322     0.00000000000000E+00     0.00000000000000E+00
  323     0.00000000000000E+00     0.00000000000000E+00
  324     0.00000000000000E+00     0.00000000000000E+00
  325     0.00000000000000E+00     0.00000000000000E+00
  326     0.00000000000000E+00     0.00000000000000E+00
  327     0.00000000000000E+00     0.00000000000000E+00
  328     0.00000000000000E+00     0.00000000000000E+00
  329     0.00000000000000E+00     0.00000000000000E+00
  330     0.00000000000000E+00     0.00000000000000E+00
  331     0.00000000000000E+00     0.00000000000000E+00
  332     0.00000000000000E+00     0.00000000000000E+00
  333     0.00000000000000E+00     0.00000000000000E+00
  334     0.00000000000000E+00     0.00000000000000E+00
  335     0.00000000000000E+00     0.00000000000000E+00
  336     0.00000000000000E+00     0.00000000000000E+00
  337     0.00000000000000E+00     0.00000000000000E+00
