               WinNet - Nuclear reaction network
              ===================================
 
 
Option                                   :      Value     Unit
--------------------------------------------------------------
Release                                  :    Unknown         
Git hash                                 :    Unknown         
Network size                             :       6757         
Amount reaclib rates                     :      72724         
Amount fission rates                     :       5833         
Total number of fission neutrons         :      27813         
Amount weak (ffn) rates                  :        212         
Total reactions after merge              :      78557         
Thermodynamic trajectory                 :  from file         
Starting index                           :          2         
Expansion velocity:                      :   4.00E+04   [km/s]
Evolution mode                           :        NSE         
Initial abundance source                 :        NSE         
Initial entropy                          :   8.20E-03 [kB/nuc]

#-- 1:it 2:time[s] 3:T9[GK] 4:rho[g/cm3] 5:entropy[kB/baryon]
       0  4.3935899E-05 10.0000000  7.5186886E+12    0.0081991
       1  4.3935901E-05  9.9999999  7.5186886E+12    0.0081991
       2  4.3935905E-05  9.9999997  7.5186884E+12    0.0081991
       3  4.3935913E-05  9.9999994  7.5186880E+12    0.0081991
       4  4.3935929E-05  9.9999987  7.5186872E+12    0.0081991
       5  4.3935961E-05  9.9999972  7.5186857E+12    0.0081991
       6  4.3936025E-05  9.9999943  7.5186827E+12    0.0081991
       7  4.3936153E-05  9.9999886  7.5186766E+12    0.0081991
       8  4.3936409E-05  9.9999770  7.5186644E+12    0.0081991
       9  4.3936921E-05  9.9999540  7.5186400E+12    0.0081991
      10  4.3937945E-05  9.9999079  7.5185912E+12    0.0081991
      11  4.3939993E-05  9.9998156  7.5184937E+12    0.0081990
      12  4.3944089E-05  9.9996312  7.5182987E+12    0.0081990
      13  4.3952281E-05  9.9992623  7.5179088E+12    0.0081988
      14  4.3968665E-05  9.9985245  7.5171290E+12    0.0081985
      15  4.4001433E-05  9.9970490  7.5155700E+12    0.0081979
      16  4.4066969E-05  9.9940989  7.5124544E+12    0.0081966
      17  4.4198041E-05  9.9882013  7.5062326E+12    0.0081940
      18  4.4460185E-05  9.9764169  7.4938269E+12    0.0081889
      19  4.4984473E-05  9.9528929  7.4691690E+12    0.0081787
      20  4.6033049E-05  9.9060319  7.4204824E+12    0.0081581
      21  4.8130201E-05  9.8131234  7.3257409E+12    0.0081166
      22  5.0000000E-05  9.7313000  7.2444000E+12    0.0080793
      23  5.3739598E-05  9.5683241  7.0909807E+12    0.0080015
      24  6.1218793E-05  9.2448875  6.8129056E+12    0.0078360
      25  7.1186652E-05  8.8355724  6.4725883E+12    0.0076195
      26  7.6000000E-05  8.6531000  6.3096000E+12    0.0075266
      27  8.5168449E-05  8.3353551  5.9942810E+12    0.0073767
      28  9.4275267E-05  8.0447003  5.6948228E+12    0.0072435
      29  1.0100000E-04  7.8374000  5.4954000E+12    0.0071422
      30  1.1205655E-04  7.5014980  5.2208814E+12    0.0069555
      31  1.2281945E-04  7.1973404  4.9747979E+12    0.0067833
      32  1.2600000E-04  7.1150000  4.8978000E+12    0.0067411
 Evolution mode: switching to network
      33  1.3070188E-04  6.9999994  4.7771645E+12    0.0066882
      34  1.3070188E-04  6.9999994  4.7771645E+12    0.0066882
      35  1.3070188E-04  6.9999994  4.7771645E+12    0.0066882
      36  1.3070188E-04  6.9999994  4.7771645E+12    0.0066882
      37  1.3070188E-04  6.9999994  4.7771645E+12    0.0066882
      38  1.3070188E-04  6.9999994  4.7771645E+12    0.0066882
      39  1.3070188E-04  6.9999994  4.7771645E+12    0.0066882
      40  1.3070188E-04  6.9999994  4.7771645E+12    0.0066882
      41  1.3070188E-04  6.9999994  4.7771645E+12    0.0066882
      42  1.3070188E-04  6.9999994  4.7771645E+12    0.0066882
      43  1.3070188E-04  6.9999994  4.7771645E+12    0.0066882
      44  1.3070188E-04  6.9999994  4.7771645E+12    0.0066882
      45  1.3070188E-04  6.9999994  4.7771645E+12    0.0066882
      46  1.3070188E-04  6.9999994  4.7771645E+12    0.0066882
      47  1.3070188E-04  6.9999994  4.7771645E+12    0.0066882
      48  1.3070188E-04  6.9999994  4.7771645E+12    0.0066882
      49  1.3070188E-04  6.9999994  4.7771645E+12    0.0066882

#-- 1:it 2:time[s] 3:T9[GK] 4:rho[g/cm3] 5:entropy[kB/baryon]
      50  1.3070188E-04  6.9999994  4.7771645E+12    0.0066882
      51  1.3070188E-04  6.9999994  4.7771645E+12    0.0066882
      52  1.3070188E-04  6.9999994  4.7771645E+12    0.0066882
      53  1.3070188E-04  6.9999994  4.7771644E+12    0.0066882
      54  1.3070188E-04  6.9999993  4.7771644E+12    0.0066882
      55  1.3070188E-04  6.9999993  4.7771644E+12    0.0066882
      56  1.3070188E-04  6.9999992  4.7771643E+12    0.0066882
      57  1.3070189E-04  6.9999991  4.7771642E+12    0.0066882
      58  1.3070190E-04  6.9999988  4.7771639E+12    0.0066882
      59  1.3070192E-04  6.9999983  4.7771633E+12    0.0066882
      60  1.3070197E-04  6.9999973  4.7771621E+12    0.0066882
      61  1.3070206E-04  6.9999952  4.7771598E+12    0.0066882
      62  1.3070223E-04  6.9999909  4.7771551E+12    0.0066882
      63  1.3070259E-04  6.9999825  4.7771457E+12    0.0066882
      64  1.3070330E-04  6.9999656  4.7771270E+12    0.0066882
      65  1.3070472E-04  6.9999319  4.7770896E+12    0.0066882
      66  1.3070756E-04  6.9998645  4.7770148E+12    0.0066882
      67  1.3071325E-04  6.9997296  4.7768652E+12    0.0066881
      68  1.3072462E-04  6.9994598  4.7765660E+12    0.0066880
      69  1.3074736E-04  6.9989203  4.7759675E+12    0.0066877
      70  1.3079285E-04  6.9978419  4.7747701E+12    0.0066873
      71  1.3086379E-04  6.9961613  4.7729019E+12    0.0066866
      72  1.3094182E-04  6.9943144  4.7708459E+12    0.0066858
      73  1.3102764E-04  6.9922849  4.7685832E+12    0.0066849
      74  1.3112204E-04  6.9900552  4.7660929E+12    0.0066839
      75  1.3122587E-04  6.9876057  4.7633520E+12    0.0066829
      76  1.3134007E-04  6.9849151  4.7603352E+12    0.0066818
      77  1.3146567E-04  6.9819601  4.7570147E+12    0.0066805
      78  1.3160382E-04  6.9787151  4.7533597E+12    0.0066791
      79  1.3175575E-04  6.9751525  4.7493364E+12    0.0066776
      80  1.3192286E-04  6.9712417  4.7449077E+12    0.0066760
      81  1.3210664E-04  6.9669497  4.7400328E+12    0.0066742
      82  1.3230875E-04  6.9622404  4.7346666E+12    0.0066722
      83  1.3253101E-04  6.9570743  4.7287597E+12    0.0066701
      84  1.3277544E-04  6.9514088  4.7222580E+12    0.0066677
      85  1.3304422E-04  6.9451974  4.7151019E+12    0.0066652
      86  1.3333977E-04  6.9383895  4.7072264E+12    0.0066624
      87  1.3366473E-04  6.9309307  4.6985602E+12    0.0066594
      88  1.3402202E-04  6.9227615  4.6890259E+12    0.0066561
      89  1.3441482E-04  6.9138181  4.6785388E+12    0.0066525
      90  1.3484664E-04  6.9040313  4.6670074E+12    0.0066486
      91  1.3532130E-04  6.8933267  4.6543328E+12    0.0066444
      92  1.3584300E-04  6.8816241  4.6404090E+12    0.0066399
      93  1.3641635E-04  6.8688373  4.6251227E+12    0.0066349
      94  1.3704638E-04  6.8548739  4.6083540E+12    0.0066295
      95  1.3773860E-04  6.8396348  4.5899778E+12    0.0066237
      96  1.3849905E-04  6.8230135  4.5698647E+12    0.0066174
      97  1.3933433E-04  6.8048963  4.5478842E+12    0.0066106
      98  1.4022304E-04  6.7857742  4.5246527E+12    0.0066034
      99  1.4116075E-04  6.7657623  4.5003449E+12    0.0065959

#-- 1:it 2:time[s] 3:T9[GK] 4:rho[g/cm3] 5:entropy[kB/baryon]
     100  1.4214841E-04  6.7448585  4.4750058E+12    0.0065881
     101  1.4318706E-04  6.7230581  4.4486913E+12    0.0065799
     102  1.4427778E-04  6.7003545  4.4214714E+12    0.0065712
     103  1.4542173E-04  6.6767387  4.3934310E+12    0.0065622
     104  1.4662018E-04  6.6521976  4.3646715E+12    0.0065526
     105  1.4787459E-04  6.6267125  4.3353111E+12    0.0065423
     106  1.4918669E-04  6.6002575  4.3054863E+12    0.0065314
     107  1.5055853E-04  6.5727973  4.2753544E+12    0.0065197
     108  1.5100000E-04  6.5640000  4.2659000E+12    0.0065159
     109  1.5188294E-04  6.5465261  4.2473054E+12    0.0065081
     110  1.5336278E-04  6.5176793  4.2169607E+12    0.0064952
     111  1.5492143E-04  6.4878489  4.1860190E+12    0.0064816
     112  1.5654657E-04  6.4572945  4.1547535E+12    0.0064674
     113  1.5823807E-04  6.4260257  4.1231632E+12    0.0064527
     114  1.5999560E-04  6.3940443  4.0912276E+12    0.0064375
     115  1.6175398E-04  6.3624961  4.0600399E+12    0.0064224
     116  1.6348287E-04  6.3318470  4.0299839E+12    0.0064076
     117  1.6525709E-04  6.3007079  3.9996312E+12    0.0063924
     118  1.6707611E-04  6.2690410  3.9688883E+12    0.0063769
     119  1.6893635E-04  6.2368526  3.9376963E+12    0.0063611
     120  1.7066431E-04  6.2070646  3.9088189E+12    0.0063466
     121  1.7241777E-04  6.1768840  3.8794901E+12    0.0063318
     122  1.7419927E-04  6.1462068  3.8495477E+12    0.0063169
     123  1.7600641E-04  6.1150097  3.8189057E+12    0.0063019
     124  1.7700000E-04  6.0978000  3.8019000E+12    0.0062937
     125  1.7881158E-04  6.0662711  3.7710309E+12    0.0062784
     126  1.8067575E-04  6.0336686  3.7397370E+12    0.0062623
     127  1.8257118E-04  6.0004513  3.7083132E+12    0.0062456
     128  1.8449667E-04  5.9667362  3.6767010E+12    0.0062286
     129  1.8648399E-04  5.9320740  3.6442996E+12    0.0062109
     130  1.8850273E-04  5.8971137  3.6115162E+12    0.0061932
     131  1.9055083E-04  5.8620138  3.5782841E+12    0.0061757
     132  1.9262768E-04  5.8269148  3.5445081E+12    0.0061584
     133  1.9459247E-04  5.7942693  3.5123885E+12    0.0061428
     134  1.9657264E-04  5.7620157  3.4797663E+12    0.0061279
     135  1.9857201E-04  5.7302046  3.4464874E+12    0.0061139
     136  2.0058981E-04  5.6989655  3.4124720E+12    0.0061010
     137  2.0200000E-04  5.6777000  3.3884000E+12    0.0060928
     138  2.0402230E-04  5.6481229  3.3531481E+12    0.0060825
     139  2.0607958E-04  5.6190850  3.3163752E+12    0.0060738
     140  2.0814700E-04  5.5908063  3.2787876E+12    0.0060666
     141  2.1022775E-04  5.5630926  3.2406032E+12    0.0060604
     142  2.1203576E-04  5.5394934  3.2073507E+12    0.0060558
     143  2.1384362E-04  5.5162331  3.1742162E+12    0.0060515
     144  2.1566615E-04  5.4930201  3.1410999E+12    0.0060474
     145  2.1750698E-04  5.4697081  3.1081105E+12    0.0060433
     146  2.1936943E-04  5.4461520  3.0753691E+12    0.0060388
     147  2.2125697E-04  5.4221987  3.0430028E+12    0.0060338
     148  2.2317335E-04  5.3976848  3.0111473E+12    0.0060279
     149  2.2512257E-04  5.3724330  2.9799497E+12    0.0060208

#-- 1:it 2:time[s] 3:T9[GK] 4:rho[g/cm3] 5:entropy[kB/baryon]
     150  2.2700000E-04  5.3477000  2.9512000E+12    0.0060128
     151  2.2902234E-04  5.3206432  2.9215464E+12    0.0060028
     152  2.3109042E-04  5.2927023  2.8923221E+12    0.0059916
     153  2.3319725E-04  5.2640453  2.8635507E+12    0.0059794
     154  2.3534198E-04  5.2347673  2.8351536E+12    0.0059662
     155  2.3752383E-04  5.2049700  2.8070410E+12    0.0059522
     156  2.3974191E-04  5.1747646  2.7791147E+12    0.0059378
     157  2.4199521E-04  5.1442711  2.7512687E+12    0.0059229
     158  2.4428265E-04  5.1136176  2.7233893E+12    0.0059080
     159  2.4655776E-04  5.0835340  2.6959017E+12    0.0058934
     160  2.4886134E-04  5.0535877  2.6681710E+12    0.0058792
     161  2.5119208E-04  5.0239181  2.6400741E+12    0.0058657
     162  2.5200000E-04  5.0138000  2.6303000E+12    0.0058612
     163  2.5361585E-04  4.9938090  2.6108870E+12    0.0058525
     164  2.5597526E-04  4.9651274  2.5830567E+12    0.0058400
     165  2.5841678E-04  4.9359959  2.5547841E+12    0.0058274
     166  2.6090824E-04  4.9067411  2.5263489E+12    0.0058149
     167  2.6344477E-04  4.8773414  2.4976923E+12    0.0058024
     168  2.6602185E-04  4.8477596  2.4687410E+12    0.0057900
     169  2.6863448E-04  4.8179548  2.4394193E+12    0.0057777
     170  2.7127727E-04  4.7878825  2.4096514E+12    0.0057655
     171  2.7394461E-04  4.7574955  2.3793625E+12    0.0057535
     172  2.7663083E-04  4.7267441  2.3484808E+12    0.0057416
     173  2.7700000E-04  4.7225000  2.3442000E+12    0.0057400
     174  2.7773834E-04  4.7139837  2.3355925E+12    0.0057368
     175  2.7921501E-04  4.6968282  2.3181813E+12    0.0057304
     176  2.8185979E-04  4.6657988  2.2864934E+12    0.0057191
     177  2.8455817E-04  4.6339330  2.2537666E+12    0.0057077
     178  2.8727293E-04  4.6018901  2.2207470E+12    0.0056966
     179  2.8952176E-04  4.5755195  2.1935358E+12    0.0056876
     180  2.9173509E-04  4.5498477  2.1670461E+12    0.0056789
     181  2.9394771E-04  4.5245809  2.1410008E+12    0.0056705
     182  2.9617191E-04  4.4996963  2.1153981E+12    0.0056622
     183  2.9841932E-04  4.4751904  2.0902535E+12    0.0056542
     184  3.0071411E-04  4.4509479  2.0654670E+12    0.0056463
     185  3.0300000E-04  4.4277000  2.0418000E+12    0.0056387
     186  3.0540924E-04  4.4043780  2.0178917E+12    0.0056314
     187  3.0789591E-04  4.3815202  1.9940818E+12    0.0056247
     188  3.1044965E-04  4.3590395  1.9704166E+12    0.0056185
     189  3.1306318E-04  4.3367693  1.9468895E+12    0.0056126
     190  3.1572675E-04  4.3145211  1.9234966E+12    0.0056067
     191  3.1842795E-04  4.2920930  1.9002401E+12    0.0056006
     192  3.2115203E-04  4.2692802  1.8771286E+12    0.0055939
     193  3.2388250E-04  4.2458874  1.8541774E+12    0.0055865
     194  3.2660208E-04  4.2217421  1.8314077E+12    0.0055780
     195  3.2800000E-04  4.2089000  1.8197000E+12    0.0055731
     196  3.3059374E-04  4.1842531  1.7978909E+12    0.0055631
     197  3.3309228E-04  4.1597182  1.7768419E+12    0.0055526
     198  3.3555596E-04  4.1350038  1.7561740E+12    0.0055415
     199  3.3800297E-04  4.1101705  1.7358482E+12    0.0055299

#-- 1:it 2:time[s] 3:T9[GK] 4:rho[g/cm3] 5:entropy[kB/baryon]
     200  3.4044783E-04  4.0852927  1.7158513E+12    0.0055180
     201  3.4290456E-04  4.0604422  1.6961755E+12    0.0055059
     202  3.4500882E-04  4.0394344  1.6797323E+12    0.0054955
     203  3.4712277E-04  4.0187255  1.6636585E+12    0.0054851
     204  3.4927350E-04  3.9981956  1.6478237E+12    0.0054748
     205  3.5147491E-04  3.9778832  1.6322196E+12    0.0054645
     206  3.5300000E-04  3.9643000  1.6218000E+12    0.0054577
     207  3.5530631E-04  3.9445412  1.6068140E+12    0.0054476
     208  3.5774274E-04  3.9245286  1.5919579E+12    0.0054371
     209  3.6030229E-04  3.9042560  1.5771867E+12    0.0054261
     210  3.6297269E-04  3.8837006  1.5624197E+12    0.0054148
     211  3.6573193E-04  3.8628525  1.5475629E+12    0.0054033
     212  3.6854796E-04  3.8417236  1.5325197E+12    0.0053916
     213  3.7138091E-04  3.8203531  1.5172065E+12    0.0053799
     214  3.7418802E-04  3.7988049  1.5015674E+12    0.0053684
     215  3.7693005E-04  3.7771574  1.4855813E+12    0.0053572
     216  3.7800000E-04  3.7685000  1.4791000E+12    0.0053529
     217  3.8013991E-04  3.7507474  1.4656784E+12    0.0053441
     218  3.8261343E-04  3.7296034  1.4495392E+12    0.0053339
     219  3.8503123E-04  3.7084968  1.4333259E+12    0.0053240
     220  3.8740069E-04  3.6875928  1.4172175E+12    0.0053142
     221  3.8975100E-04  3.6668324  1.4012098E+12    0.0053046
     222  3.9210873E-04  3.6461649  1.3852973E+12    0.0052951
     223  3.9449908E-04  3.6255577  1.3694856E+12    0.0052857
     224  3.9694829E-04  3.6049952  1.3537934E+12    0.0052762
     225  3.9948621E-04  3.5844818  1.3382576E+12    0.0052667
     226  4.0214964E-04  3.5640492  1.3229434E+12    0.0052571
     227  4.0300000E-04  3.5578000  1.3183000E+12    0.0052542
     228  4.0470071E-04  3.5457027  1.3093342E+12    0.0052484
     229  4.0773642E-04  3.5252549  1.2941952E+12    0.0052388
     230  4.1091561E-04  3.5051065  1.2793173E+12    0.0052293
     231  4.1427600E-04  3.4848124  1.2644054E+12    0.0052198
     232  4.1775376E-04  3.4644468  1.2495594E+12    0.0052102
     233  4.2127486E-04  3.4440191  1.2348360E+12    0.0052004
     234  4.2476831E-04  3.4234814  1.2202449E+12    0.0051903
     235  4.2813490E-04  3.4030147  1.2059425E+12    0.0051800
     236  4.2900000E-04  3.3976000  1.2022000E+12    0.0051772
     237  4.3073019E-04  3.3866515  1.1946864E+12    0.0051715
     238  4.3375191E-04  3.3673466  1.1815992E+12    0.0051613
     239  4.3673176E-04  3.3481440  1.1687550E+12    0.0051509
     240  4.3963649E-04  3.3293359  1.1563126E+12    0.0051406
     241  4.4248132E-04  3.3108930  1.1442187E+12    0.0051304
     242  4.4527769E-04  3.2928006  1.1324351E+12    0.0051203
     243  4.4803562E-04  3.2750463  1.1209289E+12    0.0051104
     244  4.5076413E-04  3.2576201  1.1096714E+12    0.0051006
     245  4.5347152E-04  3.2405136  1.0986371E+12    0.0050910
     246  4.5400000E-04  3.2372000  1.0965000E+12    0.0050892
     247  4.5505696E-04  3.2305695  1.0922396E+12    0.0050855
     248  4.5717089E-04  3.2172503  1.0837671E+12    0.0050779
     249  4.5984582E-04  3.2003403  1.0731386E+12    0.0050681

#-- 1:it 2:time[s] 3:T9[GK] 4:rho[g/cm3] 5:entropy[kB/baryon]
     250  4.6245426E-04  3.1838635  1.0628731E+12    0.0050585
     251  4.6503138E-04  3.1676712  1.0528262E+12    0.0050490
     252  4.6782198E-04  3.1503174  1.0420536E+12    0.0050389
     253  4.7055144E-04  3.1336073  1.0316234E+12    0.0050293
     254  4.7324172E-04  3.1174713  1.0214455E+12    0.0050203
     255  4.7590252E-04  3.1019132  1.0114786E+12    0.0050119
     256  4.7854334E-04  3.0869375  1.0016839E+12    0.0050042
     257  4.7900000E-04  3.0844000  1.0000000E+12    0.0050029
     258  4.7991331E-04  3.0793915  9.9664076E+11    0.0050005
     259  4.8173993E-04  3.0696533  9.8995635E+11    0.0049961
     260  4.8442060E-04  3.0559257  9.8022827E+11    0.0049904
     261  4.8707158E-04  3.0428430  9.7070242E+11    0.0049855
     262  4.8972664E-04  3.0300497  9.6125503E+11    0.0049811
     263  4.9237125E-04  3.0174375  9.5193644E+11    0.0049768
     264  4.9499251E-04  3.0048945  9.4278929E+11    0.0049724
     265  4.9757749E-04  2.9923216  9.3385474E+11    0.0049676
     266  5.0011393E-04  2.9796365  9.2517005E+11    0.0049623
     267  5.0259124E-04  2.9667741  9.1676546E+11    0.0049562
     268  5.0400000E-04  2.9592000  9.1202000E+11    0.0049522
     269  5.0639987E-04  2.9457781  9.0397911E+11    0.0049446
     270  5.0868397E-04  2.9324717  8.9637272E+11    0.0049364
     271  5.1089834E-04  2.9192110  8.8904870E+11    0.0049277
     272  5.1305848E-04  2.9060540  8.8195757E+11    0.0049188
     273  5.1517777E-04  2.8930452  8.7505731E+11    0.0049099
     274  5.1726768E-04  2.8802235  8.6831274E+11    0.0049010
     275  5.1933851E-04  2.8676243  8.6169319E+11    0.0048922
     276  5.2139991E-04  2.8552819  8.5517088E+11    0.0048837
     277  5.2346136E-04  2.8432311  8.4871959E+11    0.0048756
     278  5.2604003E-04  2.8287066  8.4075607E+11    0.0048662
     279  5.2864385E-04  2.8148272  8.3284211E+11    0.0048579
     280  5.2900000E-04  2.8130000  8.3177000E+11    0.0048568
     281  5.2971230E-04  2.8093895  8.2963453E+11    0.0048548
     282  5.3113690E-04  2.8023151  8.2539943E+11    0.0048510
     283  5.3398611E-04  2.7886957  8.1706022E+11    0.0048441
     284  5.3684374E-04  2.7756390  8.0884872E+11    0.0048380
     285  5.3974425E-04  2.7628743  8.0064244E+11    0.0048325
     286  5.4267155E-04  2.7503598  7.9246424E+11    0.0048274
     287  5.4560980E-04  2.7380396  7.8433362E+11    0.0048226
     288  5.4854135E-04  2.7258596  7.7627375E+11    0.0048180
     289  5.5144795E-04  2.7137696  7.6830964E+11    0.0048135
     290  5.5431183E-04  2.7017261  7.6046646E+11    0.0048089
     291  5.5500000E-04  2.6988000  7.5858000E+11    0.0048077
     292  5.5637634E-04  2.6929621  7.5478262E+11    0.0048055
     293  5.5912901E-04  2.6814412  7.4708072E+11    0.0048016
     294  5.6182131E-04  2.6703258  7.3947706E+11    0.0047983
     295  5.6446988E-04  2.6594858  7.3200344E+11    0.0047953
     296  5.6708994E-04  2.6488053  7.2468546E+11    0.0047924
     297  5.6969491E-04  2.6381806  7.1754829E+11    0.0047892
     298  5.7229723E-04  2.6275146  7.1061771E+11    0.0047856
     299  5.7490899E-04  2.6167116  7.0392141E+11    0.0047812

#-- 1:it 2:time[s] 3:T9[GK] 4:rho[g/cm3] 5:entropy[kB/baryon]
     300  5.7754252E-04  2.6056729  6.9749042E+11    0.0047759
     301  5.8000000E-04  2.5952000  6.9183000E+11    0.0047699
     302  5.8277300E-04  2.5831009  6.8594354E+11    0.0047615
     303  5.8553125E-04  2.5707885  6.8058500E+11    0.0047515
     304  5.8828914E-04  2.5582990  6.7558584E+11    0.0047403
     305  5.9104021E-04  2.5457582  6.7082509E+11    0.0047284
     306  5.9423124E-04  2.5312328  6.6541823E+11    0.0047144
     307  5.9737642E-04  2.5170712  6.6003178E+11    0.0047011
     308  6.0049764E-04  2.5033023  6.5445359E+11    0.0046889
     309  6.0359489E-04  2.4900466  6.4852308E+11    0.0046785
     310  6.0500000E-04  2.4842000  6.4566000E+11    0.0046745
     311  6.0781021E-04  2.4728517  6.3957093E+11    0.0046682
     312  6.1088840E-04  2.4608615  6.3246696E+11    0.0046632
     313  6.1372923E-04  2.4500903  6.2566371E+11    0.0046598
     314  6.1650610E-04  2.4397317  6.1892307E+11    0.0046572
     315  6.1927446E-04  2.4294759  6.1224003E+11    0.0046547
     316  6.2207633E-04  2.4190722  6.0563586E+11    0.0046519
     317  6.2495348E-04  2.4082646  5.9914541E+11    0.0046481
     318  6.2792387E-04  2.3968678  5.9288335E+11    0.0046426
     319  6.3000000E-04  2.3887000  5.8884000E+11    0.0046375
     320  6.3297172E-04  2.3767682  5.8358806E+11    0.0046284
     321  6.3590147E-04  2.3648342  5.7892346E+11    0.0046178
     322  6.3884131E-04  2.3527265  5.7460739E+11    0.0046059
     323  6.4177293E-04  2.3405574  5.7052553E+11    0.0045932
     324  6.4468185E-04  2.3284240  5.6655925E+11    0.0045803
     325  6.4755449E-04  2.3164189  5.6259705E+11    0.0045676
     326  6.5037887E-04  2.3046248  5.5853881E+11    0.0045555
     327  6.5314505E-04  2.2931122  5.5429922E+11    0.0045446
     328  6.5584531E-04  2.2819377  5.4980964E+11    0.0045349
     329  6.5600000E-04  2.2813000  5.4954000E+11    0.0045344
     330  6.5630939E-04  2.2800230  5.4899648E+11    0.0045334
     331  6.5692817E-04  2.2774583  5.4789319E+11    0.0045314
     332  6.5816572E-04  2.2722902  5.4562624E+11    0.0045275
     333  6.6064084E-04  2.2618330  5.4088793E+11    0.0045200
     334  6.6394504E-04  2.2477313  5.3425962E+11    0.0045106
     335  6.6705899E-04  2.2344367  5.2785272E+11    0.0045023
     336  6.7008205E-04  2.2216637  5.2163214E+11    0.0071846
     337  6.7307256E-04  2.2092842  5.1561007E+11    0.0100977
     338  6.7608159E-04  2.1972075  5.0980792E+11    0.0128885
     339  6.7916210E-04  2.1853638  5.0426020E+11    0.0154438
     340  6.8100000E-04  2.1786000  5.0119000E+11    0.0167572
     341  6.8444871E-04  2.1666557  4.9594522E+11    0.0188049
     342  6.8807650E-04  2.1549847  4.9098802E+11    0.0205549
     343  6.9201965E-04  2.1429568  4.8599705E+11    0.0221940
     344  6.9617343E-04  2.1305808  4.8089519E+11    0.0238725
     345  7.0028871E-04  2.1181570  4.7570307E+11    0.0257480
     346  7.0414576E-04  2.1059623  4.7045894E+11    0.0279324
     347  7.0600000E-04  2.0998000  4.6774000E+11    0.0291949
     348  7.0920487E-04  2.0887137  4.6269301E+11    0.0318179
     349  7.1205694E-04  2.0785273  4.5791835E+11    0.0345605

#-- 1:it 2:time[s] 3:T9[GK] 4:rho[g/cm3] 5:entropy[kB/baryon]
     350  7.1468019E-04  2.0689734  4.5338265E+11    0.0373074
     351  7.1716227E-04  2.0598357  4.4903517E+11    0.0400110
     352  7.1955637E-04  2.0509870  4.4484987E+11    0.0426343
     353  7.2190015E-04  2.0423410  4.4081278E+11    0.0451430
     354  7.2422404E-04  2.0338316  4.3691710E+11    0.0475015
     355  7.2655581E-04  2.0254022  4.3316171E+11    0.0496688
     356  7.2892396E-04  2.0169992  4.2955106E+11    0.0515934
     357  7.3100000E-04  2.0098000  4.2659000E+11    0.0529935
     358  7.3355358E-04  2.0010870  4.2318392E+11    0.0543431
     359  7.3618903E-04  1.9921682  4.1986741E+11    0.0553921
     360  7.3888164E-04  1.9831414  4.1665232E+11    0.0561760
     361  7.4163577E-04  1.9740062  4.1350855E+11    0.0567549
     362  7.4444225E-04  1.9648082  4.1041815E+11    0.0571959
     363  7.4728704E-04  1.9556082  4.0736395E+11    0.0575766
     364  7.5015335E-04  1.9464736  4.0432823E+11    0.0579826
     365  7.5302245E-04  1.9374752  4.0129379E+11    0.0585023
     366  7.5587481E-04  1.9286823  3.9824509E+11    0.0592218
     367  7.5600000E-04  1.9283000  3.9811000E+11    0.0592594
     368  7.5625038E-04  1.9275376  3.9784038E+11    0.0593351
     369  7.5675115E-04  1.9260236  3.9730520E+11    0.0594854
     370  7.5775268E-04  1.9230366  3.9625007E+11    0.0597826
     371  7.5975575E-04  1.9172087  3.9419315E+11    0.0603676
     372  7.6355815E-04  1.9065520  3.9043096E+11    0.0614711
     373  7.6739555E-04  1.8960984  3.8672602E+11    0.0626280
     374  7.7129653E-04  1.8854934  3.8293832E+11    0.0639131
     375  7.7513334E-04  1.8748062  3.7908194E+11    0.0653482
     376  7.7879273E-04  1.8641289  3.7518693E+11    0.0669329
     377  7.8200000E-04  1.8542000  3.7153000E+11    0.0685390
     378  7.8514031E-04  1.8438508  3.6764197E+11    0.0704525
     379  7.8800265E-04  1.8339668  3.6385474E+11    0.0725184
     380  7.9067134E-04  1.8244827  3.6019291E+11    0.0746256
     381  7.9387064E-04  1.8129195  3.5573302E+11    0.0772599
     382  7.9694613E-04  1.8017581  3.5147102E+11    0.0797745
     383  7.9997732E-04  1.7908629  3.4738726E+11    0.0821077
     384  8.0301310E-04  1.7801983  3.4349989E+11    0.0841742
     385  8.0610245E-04  1.7697424  3.3983690E+11    0.0858705
     386  8.0700000E-04  1.7668000  3.3884000E+11    0.0862677
     387  8.0879510E-04  1.7609937  3.3692376E+11    0.0869265
     388  8.1221585E-04  1.7500958  3.3349078E+11    0.0877583
     389  8.1561104E-04  1.7394928  3.3031182E+11    0.0881675
     390  8.1906968E-04  1.7289069  3.2724245E+11    0.0883204
     391  8.2257670E-04  1.7183914  3.2423944E+11    0.0883725
     392  8.2612124E-04  1.7079834  3.2125128E+11    0.0884952
     393  8.2969065E-04  1.6977225  3.1822570E+11    0.0888701
     394  8.3200000E-04  1.6912000  3.1623000E+11    0.0893323
     395  8.3564146E-04  1.6812709  3.1306416E+11    0.0904361
     396  8.3928123E-04  1.6717918  3.0993113E+11    0.0918553
     397  8.4302362E-04  1.6623188  3.0674224E+11    0.0934933
     398  8.4681045E-04  1.6528203  3.0354875E+11    0.0951777
     399  8.5058307E-04  1.6432515  3.0040027E+11    0.0967235

#-- 1:it 2:time[s] 3:T9[GK] 4:rho[g/cm3] 5:entropy[kB/baryon]
     400  8.5428029E-04  1.6335892  2.9734647E+11    0.0979567
     401  8.5700000E-04  1.6262000  2.9512000E+11    0.0985978
     402  8.6046434E-04  1.6164120  2.9230181E+11    0.0990773
     403  8.6374329E-04  1.6068672  2.8965130E+11    0.0992726
     404  8.6690816E-04  1.5974877  2.8711342E+11    0.0992813
     405  8.6999311E-04  1.5882696  2.8466317E+11    0.0991732
     406  8.7302554E-04  1.5792107  2.8228115E+11    0.0990047
     407  8.7602869E-04  1.5703120  2.7995160E+11    0.0988251
     408  8.7902373E-04  1.5615771  2.7766091E+11    0.0986804
     409  8.8200000E-04  1.5531000  2.7542000E+11    0.0986169
     410  8.8504327E-04  1.5445868  2.7317181E+11    0.0985653
     411  8.8810512E-04  1.5360874  2.7095284E+11    0.0984483
     412  8.9116001E-04  1.5276826  2.6877365E+11    0.0983006
     413  8.9421057E-04  1.5193737  2.6662429E+11    0.0981560
     414  8.9725815E-04  1.5111657  2.6449605E+11    0.0980480
     415  9.0030424E-04  1.5030631  2.6238049E+11    0.0980101
     416  9.0335037E-04  1.4950701  2.6026938E+11    0.0980758
     417  9.0637160E-04  1.4872591  2.5817313E+11    0.0982764
     418  9.0800000E-04  1.4831000  2.5704000E+11    0.0984520
     419  9.1108241E-04  1.4753654  2.5489134E+11    0.0989439
     420  9.1411332E-04  1.4679324  2.5277996E+11    0.0996086
     421  9.1717384E-04  1.4605566  2.5065324E+11    0.1004102
     422  9.2024699E-04  1.4532386  2.4852688E+11    0.1012952
     423  9.2331996E-04  1.4459671  2.4641353E+11    0.1022079
     424  9.2637922E-04  1.4387325  2.4432595E+11    0.1030921
     425  9.2941132E-04  1.4315267  2.4227637E+11    0.1038935
     426  9.3240353E-04  1.4243436  2.4027589E+11    0.1045620
     427  9.3300000E-04  1.4229000  2.3988000E+11    0.1046764
     428  9.3419295E-04  1.4200110  2.3909055E+11    0.1048981
     429  9.3657884E-04  1.4142464  2.3751948E+11    0.1053372
     430  9.3949161E-04  1.4072225  2.3561553E+11    0.1058557
     431  9.4235883E-04  1.4003093  2.3375633E+11    0.1063336
     432  9.4520148E-04  1.3934420  2.3192760E+11    0.1067616
     433  9.4915848E-04  1.3838350  2.2940585E+11    0.1072552
     434  9.5299286E-04  1.3744422  2.2698845E+11    0.1075883
     435  9.5674742E-04  1.3651346  2.2464607E+11    0.1077431
     436  9.5800000E-04  1.3620000  2.2387000E+11    0.1077514
     437  9.6050516E-04  1.3557116  2.2232333E+11    0.1077376
     438  9.6413117E-04  1.3465855  2.2009701E+11    0.1076683
     439  9.6764398E-04  1.3376952  2.1795848E+11    0.1075042
     440  9.7109172E-04  1.3289000  2.1588144E+11    0.1072065
     441  9.7447156E-04  1.3201905  2.1387030E+11    0.1067426
     442  9.7791184E-04  1.3112162  2.1185245E+11    0.1060538
     443  9.8126824E-04  1.3023360  2.0991578E+11    0.1051316
     444  9.8300000E-04  1.2977000  2.0893000E+11    0.1045462
     445  9.8628963E-04  1.2888528  2.0705212E+11    0.1034220
     446  9.8944935E-04  1.2803259  2.0523638E+11    0.1023743
     447  9.9255241E-04  1.2718935  2.0346258E+11    0.1012517
     448  9.9559451E-04  1.2635429  2.0175152E+11    0.0999445
     449  9.9857468E-04  1.2552561  2.0011924E+11    0.0983559

#-- 1:it 2:time[s] 3:T9[GK] 4:rho[g/cm3] 5:entropy[kB/baryon]
     450  1.0014920E-03  1.2470189  1.9857908E+11    0.0964025
     451  1.0043460E-03  1.2388201  1.9714181E+11    0.0940139
     452  1.0071362E-03  1.2306506  1.9581592E+11    0.0911316
     453  1.0090000E-03  1.2251000  1.9498000E+11    0.0888614
     454  1.0117152E-03  1.2169183  1.9386378E+11    0.0849533
     455  1.0143547E-03  1.2088863  1.9289198E+11    0.0805043
     456  1.0169663E-03  1.2008545  1.9200988E+11    0.0755959
     457  1.0195363E-03  1.1928615  1.9119058E+11    0.0703928
     458  1.0220551E-03  1.1849350  1.9040807E+11    0.0650467
     459  1.0245147E-03  1.1770994  1.8963910E+11    0.0596955
     460  1.0269092E-03  1.1693753  1.8886371E+11    0.0544594
     461  1.0292346E-03  1.1617791  1.8806535E+11    0.0494393
     462  1.0314884E-03  1.1543227  1.8723092E+11    0.0447163
     463  1.0336697E-03  1.1470146  1.8635050E+11    0.0403536
     464  1.0340000E-03  1.1459000  1.8621000E+11    0.0397153
     465  1.0346606E-03  1.1436581  1.8592424E+11    0.0384446
     466  1.0359817E-03  1.1391156  1.8533717E+11    0.0358999
     467  1.0380224E-03  1.1319654  1.8439370E+11    0.0319641
     468  1.0399608E-03  1.1250534  1.8346240E+11    0.0282254
     469  1.0418372E-03  1.1182811  1.8253446E+11    0.0246118
     470  1.0436639E-03  1.1116380  1.8161163E+11    0.0211043
     471  1.0454513E-03  1.1051142  1.8069507E+11    0.0176868
     472  1.0472740E-03  1.0984611  1.7975149E+11    0.0142215
     473  1.0490710E-03  1.0919250  1.7881729E+11    0.0108293
     474  1.0508520E-03  1.0854911  1.7789206E+11    0.0074957
     475  1.0526236E-03  1.0791565  1.7697688E+11    0.0042124
     476  1.0543918E-03  1.0729184  1.7607273E+11    0.0031358
     477  1.0561630E-03  1.0667746  1.7518059E+11    0.0031232
     478  1.0579435E-03  1.0607234  1.7430152E+11    0.0031106
     479  1.0590000E-03  1.0572000  1.7379000E+11    0.0031033
     480  1.0608506E-03  1.0511003  1.7289328E+11    0.0030907
     481  1.0626659E-03  1.0451667  1.7200143E+11    0.0030786
     482  1.0644745E-03  1.0393065  1.7110566E+11    0.0030666
     483  1.0662766E-03  1.0335208  1.7021059E+11    0.0030549
     484  1.0680735E-03  1.0278065  1.6932003E+11    0.0030433
     485  1.0698668E-03  1.0221609  1.6843765E+11    0.0030319
     486  1.0716577E-03  1.0165813  1.6756701E+11    0.0030205
     487  1.0734475E-03  1.0110653  1.6671158E+11    0.0030092
     488  1.0752378E-03  1.0056105  1.6587477E+11    0.0029980
     489  1.0770297E-03  1.0002147  1.6505996E+11    0.0029868
     490  1.0788248E-03  0.9948756  1.6427054E+11    0.0029756
     491  1.0806072E-03  0.9896417  1.6351711E+11    0.0029645
     492  1.0823958E-03  0.9844584  1.6279522E+11    0.0029533
     493  1.0840000E-03  0.9798700  1.6218000E+11    0.0029432
     494  1.0858144E-03  0.9747286  1.6153076E+11    0.0029316
     495  1.0882179E-03  0.9679740  1.6074765E+11    0.0029160
     496  1.0905726E-03  0.9614333  1.6004809E+11    0.0029004
     497  1.0929158E-03  0.9550147  1.5940031E+11    0.0028849
     498  1.0952552E-03  0.9487102  1.5878422E+11    0.0028695
     499  1.0975997E-03  0.9425098  1.5818025E+11    0.0028543

#-- 1:it 2:time[s] 3:T9[GK] 4:rho[g/cm3] 5:entropy[kB/baryon]
     500  1.0999584E-03  0.9364045  1.5756905E+11    0.0028394
     501  1.1023410E-03  0.9303860  1.5693070E+11    0.0028249
     502  1.1047582E-03  0.9244465  1.5624385E+11    0.0028110
     503  1.1072224E-03  0.9185783  1.5548477E+11    0.0027976
     504  1.1090000E-03  0.9144700  1.5489000E+11    0.0027886
     505  1.1116278E-03  0.9087267  1.5393241E+11    0.0027768
     506  1.1143657E-03  0.9031882  1.5285485E+11    0.0027664
     507  1.1173268E-03  0.8975614  1.5162614E+11    0.0027566
     508  1.1204694E-03  0.8918282  1.5028356E+11    0.0027472
     509  1.1237116E-03  0.8859764  1.4889372E+11    0.0027377
     510  1.1269551E-03  0.8799886  1.4753588E+11    0.0027275
     511  1.1300646E-03  0.8739425  1.4629838E+11    0.0027164
     512  1.1329462E-03  0.8679250  1.4523512E+11    0.0027043
     513  1.1350000E-03  0.8633200  1.4454000E+11    0.0026942
     514  1.1377236E-03  0.8567793  1.4370995E+11    0.0026788
     515  1.1402087E-03  0.8504660  1.4303017E+11    0.0026632
     516  1.1425361E-03  0.8443337  1.4244308E+11    0.0026475
     517  1.1447550E-03  0.8383547  1.4191354E+11    0.0026319
     518  1.1468978E-03  0.8325141  1.4141763E+11    0.0026164
     519  1.1489880E-03  0.8268035  1.4093726E+11    0.0026013
     520  1.1510444E-03  0.8212176  1.4045745E+11    0.0025865
     521  1.1530832E-03  0.8157541  1.3996480E+11    0.0025722
     522  1.1551192E-03  0.8104127  1.3944635E+11    0.0025584
     523  1.1571674E-03  0.8051952  1.3888859E+11    0.0025452
     524  1.1593016E-03  0.7999673  1.3825866E+11    0.0025324
     525  1.1600000E-03  0.7983100  1.3804000E+11    0.0025284
     526  1.1613967E-03  0.7950448  1.3758239E+11    0.0025208
     527  1.1636935E-03  0.7897636  1.3677750E+11    0.0025089
     528  1.1659389E-03  0.7847019  1.3594088E+11    0.0024978
     529  1.1681808E-03  0.7797425  1.3507106E+11    0.0024873
     530  1.1704210E-03  0.7748757  1.3418162E+11    0.0024771
     531  1.1726634E-03  0.7700883  1.3328488E+11    0.0024673
     532  1.1749114E-03  0.7653677  1.3239284E+11    0.0024576
     533  1.1771689E-03  0.7607022  1.3151743E+11    0.0024480
     534  1.1794396E-03  0.7560798  1.3067060E+11    0.0024383
     535  1.1817276E-03  0.7514891  1.2986465E+11    0.0024284
     536  1.1843664E-03  0.7462714  1.2901089E+11    0.0024167
     537  1.1850000E-03  0.7450300  1.2882000E+11    0.0024139
     538  1.1862673E-03  0.7425600  1.2845215E+11    0.0024081
     539  1.1888018E-03  0.7376729  1.2776063E+11    0.0023965
     540  1.1915602E-03  0.7324387  1.2706502E+11    0.0023837
     541  1.1943800E-03  0.7271851  1.2640243E+11    0.0023706
     542  1.1972623E-03  0.7219220  1.2576204E+11    0.0023572
     543  1.2002109E-03  0.7166563  1.2513116E+11    0.0023438
     544  1.2032308E-03  0.7113937  1.2449530E+11    0.0023304
     545  1.2063284E-03  0.7061396  1.2383796E+11    0.0023172
     546  1.2095110E-03  0.7009003  1.2314028E+11    0.0023042
     547  1.2100000E-03  0.7001100  1.2303000E+11    0.0023022
     548  1.2109780E-03  0.6985506  1.2281044E+11    0.0022984
     549  1.2129340E-03  0.6955264  1.2238184E+11    0.0022911

#-- 1:it 2:time[s] 3:T9[GK] 4:rho[g/cm3] 5:entropy[kB/baryon]
     550  1.2163126E-03  0.6905450  1.2166546E+11    0.0022790
     551  1.2195458E-03  0.6859790  1.2099387E+11    0.0022680
     552  1.2228708E-03  0.6813887  1.2030066E+11    0.0022570
     553  1.2262414E-03  0.6767443  1.1957841E+11    0.0022460
     554  1.2295986E-03  0.6720282  1.1882274E+11    0.0022350
     555  1.2328824E-03  0.6672358  1.1803290E+11    0.0022239
     556  1.2350000E-03  0.6640100  1.1749000E+11    0.0022164
     557  1.2379998E-03  0.6592697  1.1665626E+11    0.0022057
     558  1.2408998E-03  0.6545564  1.1578276E+11    0.0021953
     559  1.2437035E-03  0.6499107  1.1489628E+11    0.0021852
     560  1.2464333E-03  0.6453328  1.1401227E+11    0.0021753
     561  1.2491112E-03  0.6408168  1.1314213E+11    0.0021654
     562  1.2517561E-03  0.6363568  1.1229561E+11    0.0021556
     563  1.2543846E-03  0.6319486  1.1148194E+11    0.0021457
     564  1.2570115E-03  0.6275897  1.1071049E+11    0.0021357
     565  1.2596512E-03  0.6232789  1.0999134E+11    0.0021255
     566  1.2610000E-03  0.6211100  1.0965000E+11    0.0021202
     567  1.2636644E-03  0.6168497  1.0902022E+11    0.0021096
     568  1.2663724E-03  0.6125247  1.0842593E+11    0.0020984
     569  1.2691047E-03  0.6081778  1.0786414E+11    0.0020869
     570  1.2718559E-03  0.6038292  1.0732786E+11    0.0020752
     571  1.2746270E-03  0.5994896  1.0680856E+11    0.0020634
     572  1.2774217E-03  0.5951657  1.0629702E+11    0.0020515
     573  1.2802451E-03  0.5908625  1.0578358E+11    0.0020398
     574  1.2831030E-03  0.5865846  1.0525805E+11    0.0020281
     575  1.2860000E-03  0.5823400  1.0471000E+11    0.0020167
     576  1.2889471E-03  0.5780823  1.0414309E+11    0.0020054
     577  1.2919423E-03  0.5737881  1.0357028E+11    0.0019939
     578  1.2949828E-03  0.5694835  1.0299220E+11    0.0019824
     579  1.2980726E-03  0.5651862  1.0240815E+11    0.0019709
     580  1.3012196E-03  0.5609103  1.0181672E+11    0.0019595
     581  1.3044347E-03  0.5566695  1.0121601E+11    0.0019483
     582  1.3077307E-03  0.5524783  1.0060378E+11    0.0019373
     583  1.3110000E-03  0.5485000  1.0000000E+11    0.0019270
 Evolution mode: switching on heating
     584  1.3110000E-03  0.5485000  9.9999998E+10    0.0019270
     585  1.3110000E-03  0.5485010  9.9999994E+10    0.0019270
     586  1.3110001E-03  0.5485031  9.9999987E+10    0.0019270
     587  1.3110002E-03  0.5485073  9.9999972E+10    0.0019270
     588  1.3110003E-03  0.5485158  9.9999941E+10    0.0019270
     589  1.3110006E-03  0.5485326  9.9999880E+10    0.0019271
     590  1.3110013E-03  0.5485662  9.9999759E+10    0.0019272
     591  1.3110026E-03  0.5486335  9.9999516E+10    0.0019275
     592  1.3110053E-03  0.5487681  9.9999029E+10    0.0019280
     593  1.3110106E-03  0.5490371  9.9998057E+10    0.0019289
     594  1.3110211E-03  0.5495746  9.9996112E+10    0.0019309
     595  1.3110422E-03  0.5506475  9.9992222E+10    0.0019348
     596  1.3110845E-03  0.5527855  9.9984442E+10    0.0019427
     597  1.3111690E-03  0.5570303  9.9968882E+10    0.0019582
     598  1.3112646E-03  0.5617931  9.9951282E+10    0.0019756
     599  1.3113633E-03  0.5666724  9.9933106E+10    0.0019935

#-- 1:it 2:time[s] 3:T9[GK] 4:rho[g/cm3] 5:entropy[kB/baryon]
     600  1.3114646E-03  0.5716418  9.9914442E+10    0.0020117
     601  1.3115686E-03  0.5766964  9.9895303E+10    0.0020302
     602  1.3116752E-03  0.5818378  9.9875675E+10    0.0020490
     603  1.3117845E-03  0.5870682  9.9855542E+10    0.0020681
     604  1.3118967E-03  0.5923899  9.9834890E+10    0.0020875
     605  1.3120118E-03  0.5978053  9.9813700E+10    0.0021073
     606  1.3121299E-03  0.6033172  9.9791957E+10    0.0021275
     607  1.3122515E-03  0.6089466  9.9769568E+10    0.0021480
     608  1.3123767E-03  0.6146917  9.9746533E+10    0.0021690
     609  1.3125052E-03  0.6205441  9.9722880E+10    0.0021904
     610  1.3126372E-03  0.6265065  9.9698591E+10    0.0022122
     611  1.3127727E-03  0.6325821  9.9673649E+10    0.0022343
     612  1.3129119E-03  0.6387745  9.9648035E+10    0.0022570
     613  1.3130549E-03  0.6450871  9.9621732E+10    0.0022800
     614  1.3132017E-03  0.6515240  9.9594722E+10    0.0023035
     615  1.3133525E-03  0.6580893  9.9566988E+10    0.0023275
     616  1.3135063E-03  0.6647465  9.9538688E+10    0.0023518
     617  1.3136398E-03  0.6704913  9.9514145E+10    0.0023727
     618  1.3137584E-03  0.6755778  9.9492326E+10    0.0023913
     619  1.3138657E-03  0.6801632  9.9472591E+10    0.0024080
     620  1.3139641E-03  0.6843538  9.9454504E+10    0.0024233
     621  1.3140552E-03  0.6882251  9.9437755E+10    0.0024374
     622  1.3141403E-03  0.6918332  9.9422113E+10    0.0024506
     623  1.3142203E-03  0.6952209  9.9407401E+10    0.0024630
     624  1.3142961E-03  0.6984220  9.9393479E+10    0.0024747
     625  1.3143681E-03  0.7014637  9.9380234E+10    0.0024858
     626  1.3144370E-03  0.7043683  9.9367571E+10    0.0024963
     627  1.3145032E-03  0.7071546  9.9355413E+10    0.0025065
     628  1.3145670E-03  0.7098385  9.9343693E+10    0.0025163
     629  1.3146287E-03  0.7124339  9.9332351E+10    0.0025258
     630  1.3146886E-03  0.7149530  9.9321336E+10    0.0025350
     631  1.3147471E-03  0.7174068  9.9310602E+10    0.0025439
     632  1.3148042E-03  0.7198054  9.9300105E+10    0.0025527
     633  1.3148603E-03  0.7221580  9.9289806E+10    0.0025613
     634  1.3149155E-03  0.7244737  9.9279667E+10    0.0025697
     635  1.3149700E-03  0.7267608  9.9269651E+10    0.0025781
     636  1.3150240E-03  0.7290280  9.9259720E+10    0.0025863
     637  1.3150778E-03  0.7312837  9.9249839E+10    0.0025946
     638  1.3151316E-03  0.7330816  9.9239970E+10    0.0026028
     639  1.3151862E-03  0.7330366  9.9229942E+10    0.0026111
     640  1.3152452E-03  0.7329880  9.9219106E+10    0.0026201
     641  1.3153098E-03  0.7329348  9.9207237E+10    0.0026300
     642  1.3153818E-03  0.7328755  9.9194014E+10    0.0026410
     643  1.3154638E-03  0.7328080  9.9178959E+10    0.0026534
     644  1.3155600E-03  0.7327288  9.9161310E+10    0.0026680
     645  1.3156671E-03  0.7326406  9.9141651E+10    0.0026843
     646  1.3157763E-03  0.7325506  9.9121601E+10    0.0027008
     647  1.3158880E-03  0.7324586  9.9101106E+10    0.0027177
     648  1.3160025E-03  0.7323643  9.9080104E+10    0.0027350
     649  1.3161201E-03  0.7322673  9.9058518E+10    0.0027527

#-- 1:it 2:time[s] 3:T9[GK] 4:rho[g/cm3] 5:entropy[kB/baryon]
     650  1.3162415E-03  0.7321673  9.9036259E+10    0.0027710
     651  1.3163671E-03  0.7320638  9.9013216E+10    0.0027899
     652  1.3164978E-03  0.7319561  9.8989255E+10    0.0028095
     653  1.3166344E-03  0.7318435  9.8964207E+10    0.0028299
     654  1.3168248E-03  0.7316866  9.8929296E+10    0.0028584
     655  1.3170199E-03  0.7315258  9.8893540E+10    0.0028875
     656  1.3172204E-03  0.7313606  9.8856823E+10    0.0029173
     657  1.3174269E-03  0.7311904  9.8819003E+10    0.0029480
     658  1.3176404E-03  0.7310144  9.8779912E+10    0.0029797
     659  1.3178620E-03  0.7308317  9.8739341E+10    0.0030125
     660  1.3180932E-03  0.7306412  9.8697036E+10    0.0030466
     661  1.3183358E-03  0.7304413  9.8652673E+10    0.0030824
     662  1.3185919E-03  0.7302302  9.8605842E+10    0.0031201
     663  1.3188646E-03  0.7300056  9.8556012E+10    0.0031602
     664  1.3194100E-03  0.7295564  9.8456422E+10    0.0032400
     665  1.3200732E-03  0.7290103  9.8335442E+10    0.0033369
     666  1.3207638E-03  0.7284420  9.8209628E+10    0.0034374
     667  1.3214864E-03  0.7278480  9.8078201E+10    0.0035423
     668  1.3222464E-03  0.7272238  9.7940184E+10    0.0036525
     669  1.3230511E-03  0.7265637  9.7794326E+10    0.0037689
     670  1.3239098E-03  0.7258603  9.7638995E+10    0.0038929
     671  1.3248352E-03  0.7251037  9.7472008E+10    0.0040265
     672  1.3258446E-03  0.7242800  9.7290357E+10    0.0041720
     673  1.3269630E-03  0.7233698  9.7089738E+10    0.0043332
     674  1.3282281E-03  0.7223435  9.6863691E+10    0.0045156
     675  1.3297003E-03  0.7211541  9.6601886E+10    0.0047278
     676  1.3314858E-03  0.7197191  9.6286284E+10    0.0049854
     677  1.3334562E-03  0.7181465  9.5940693E+10    0.0052700
     678  1.3356310E-03  0.7164253  9.5562745E+10    0.0055847
     679  1.3360000E-03  0.7161348  9.5499000E+10    0.0056381
     680  1.3367381E-03  0.7155557  9.5371925E+10    0.0057450
     681  1.3382142E-03  0.7144052  9.5119488E+10    0.0059591
     682  1.3411664E-03  0.7121310  9.4620735E+10    0.0063884
     683  1.3449319E-03  0.7092710  9.3994187E+10    0.0069381
     684  1.3503118E-03  0.7052336  9.3111444E+10    0.0077279
     685  1.3560360E-03  0.7009520  9.2178605E+10    0.0085734
     686  1.3617648E-03  0.6966264  9.1240755E+10    0.0094249
     687  1.3620000E-03  0.6964471  9.1202000E+10    0.0094599
     688  1.3624704E-03  0.6960881  9.1124441E+10    0.0095299
     689  1.3634113E-03  0.6953691  9.0969194E+10    0.0096700
     690  1.3652931E-03  0.6939274  9.0658282E+10    0.0099508
     691  1.3690566E-03  0.6910332  9.0035542E+10    0.0105148
     692  1.3744657E-03  0.6868628  8.9141268E+10    0.0113305
     693  1.3799184E-03  0.6826678  8.8245095E+10    0.0121580
     694  1.3853567E-03  0.6785178  8.7361369E+10    0.0129885
     695  1.3870000E-03  0.6772738  8.7097000E+10    0.0132399
     696  1.3902866E-03  0.6747967  8.6571281E+10    0.0137447
     697  1.3956284E-03  0.6707927  8.5723612E+10    0.0145701
     698  1.4010588E-03  0.6667492  8.4870405E+10    0.0154144
     699  1.4065050E-03  0.6627209  8.4023237E+10    0.0162664

#-- 1:it 2:time[s] 3:T9[GK] 4:rho[g/cm3] 5:entropy[kB/baryon]
     700  1.4119527E-03  0.6587182  8.3184250E+10    0.0171239
     701  1.4120000E-03  0.6586836  8.3177000E+10    0.0171314
     702  1.4120946E-03  0.6586142  8.3162502E+10    0.0171463
     703  1.4122839E-03  0.6584757  8.3133515E+10    0.0171761
     704  1.4126624E-03  0.6581986  8.3075569E+10    0.0172357
     705  1.4134194E-03  0.6576448  8.2959799E+10    0.0173550
     706  1.4149333E-03  0.6565388  8.2728738E+10    0.0175942
     707  1.4179613E-03  0.6543332  8.2268535E+10    0.0180740
     708  1.4232723E-03  0.6504848  8.1467503E+10    0.0189208
     709  1.4286846E-03  0.6465887  8.0659204E+10    0.0197890
     710  1.4341256E-03  0.6426982  7.9854733E+10    0.0206671
     711  1.4370000E-03  0.6406531  7.9433000E+10    0.0211325
     712  1.4423818E-03  0.6368308  7.8646915E+10    0.0220091
     713  1.4478096E-03  0.6329896  7.7859789E+10    0.0228987
     714  1.4532485E-03  0.6291766  7.7080864E+10    0.0237955
     715  1.4587056E-03  0.6254092  7.6313146E+10    0.0247007
     716  1.4620000E-03  0.6231719  7.5858000E+10    0.0252492
     717  1.4674824E-03  0.6195327  7.5118200E+10    0.0261673
     718  1.4730797E-03  0.6159027  7.4381416E+10    0.0271101
     719  1.4787781E-03  0.6122475  7.3641611E+10    0.0280755
     720  1.4845395E-03  0.6085437  7.2895208E+10    0.0290576
     721  1.4880000E-03  0.6062944  7.2444000E+10    0.0296496
     722  1.4937088E-03  0.6025419  7.1694536E+10    0.0306323
     723  1.4994025E-03  0.5987775  7.0946298E+10    0.0316186
     724  1.5050787E-03  0.5950283  7.0204151E+10    0.0326080
     725  1.5107532E-03  0.5913086  6.9470366E+10    0.0336034
     726  1.5130000E-03  0.5898486  6.9183000E+10    0.0339985
     727  1.5174936E-03  0.5868273  6.8591847E+10    0.0347928
     728  1.5231266E-03  0.5828959  6.7828423E+10    0.0357953
     729  1.5286978E-03  0.5791308  6.7098181E+10    0.0367933
     730  1.5343090E-03  0.5757580  6.6438575E+10    0.0378043
     731  1.5380000E-03  0.5739084  6.6070000E+10    0.0384713
     732  1.5441381E-03  0.5718033  6.5626304E+10    0.0395837
     733  1.5512058E-03  0.5703371  6.5281845E+10    0.0408664
     734  1.5598152E-03  0.5682819  6.4817475E+10    0.0424321
     735  1.5630000E-03  0.5670529  6.4566000E+10    0.0430124
     736  1.5693697E-03  0.5637145  6.3914210E+10    0.0441795
     737  1.5777437E-03  0.5583734  6.2900138E+10    0.0457285
     738  1.5846086E-03  0.5538676  6.2052361E+10    0.0470088
     739  1.5880000E-03  0.5517886  6.1660000E+10    0.0476437
     740  1.5946586E-03  0.5479408  6.0931553E+10    0.0488989
     741  1.6014027E-03  0.5441402  6.0213459E+10    0.0501789
     742  1.6082604E-03  0.5403016  5.9491172E+10    0.0514895
     743  1.6140000E-03  0.5370556  5.8884000E+10    0.0525929
     744  1.6209970E-03  0.5328074  5.8099498E+10    0.0539489
     745  1.6275985E-03  0.5286802  5.7343884E+10    0.0552383
     746  1.6339247E-03  0.5250705  5.6679562E+10    0.0564824
     747  1.6390000E-03  0.5227007  5.6234000E+10    0.0574848
     748  1.6462927E-03  0.5205743  5.5802245E+10    0.0589295
     749  1.6544093E-03  0.5191606  5.5476688E+10    0.0605394

#-- 1:it 2:time[s] 3:T9[GK] 4:rho[g/cm3] 5:entropy[kB/baryon]
     750  1.6635725E-03  0.5167860  5.4985910E+10    0.0623628
     751  1.6640000E-03  0.5166184  5.4954000E+10    0.0624479
     752  1.6648549E-03  0.5162628  5.4886961E+10    0.0626181
     753  1.6665647E-03  0.5154766  5.4741005E+10    0.0629592
     754  1.6699843E-03  0.5136589  5.4410541E+10    0.0636436
     755  1.6768236E-03  0.5094799  5.3665867E+10    0.0650239
