# 1:A 2:Z 3:N 4:Yi 5:Xi
    1      0      1     3.10121538851052E-16   3.10121538851052E-16
    1      1      0     1.19731770796438E-09   1.19731770796438E-09
    2      1      1     7.59674674640110E-16   1.51934934928022E-15
    3      1      2     2.48123425956594E-09   7.44370277869781E-09
    3      2      1     1.98504999623915E-10   5.95514998871745E-10
    4      2      2     2.21282767238635E-04   8.85131068954541E-04
    6      3      3     6.86502542030153E-09   4.11901525218092E-08
    7      3      4     8.39426042433914E-10   5.87598229703739E-09
    7      4      3     5.80325877216755E-18   4.06228114051729E-17
    9      4      5     6.99809880000778E-07   6.29828892000701E-06
   10      4      6     6.33388353099285E-08   6.33388353099285E-07
   10      5      5     1.33370883640686E-12   1.33370883640686E-11
   11      5      6     3.81544019019465E-09   4.19698420921411E-08
   12      6      6     4.64956491368074E-07   5.57947789641689E-06
   13      6      7     4.71143048627037E-08   6.12485963215148E-07
   14      6      8     7.85896796891125E-08   1.10025551564758E-06
   14      7      7     2.58570700917431E-10   3.61998981284404E-09
   15      7      8     1.08694336100999E-05   1.63041504151499E-04
   16      8      8     2.21978975147919E-07   3.55166360236670E-06
   17      8      9     2.41648498600871E-09   4.10802447621481E-08
   18      8     10     8.21803060105031E-07   1.47924550818906E-05
   19      9     10     1.11635557708115E-06   2.12107559645419E-05
   20     10     10     7.88336486850777E-08   1.57667297370155E-06
   21     10     11     1.08696061450611E-07   2.28261729046283E-06
   22     10     12     2.89845194459934E-06   6.37659427811854E-05
   23     11     12     8.99564844481459E-10   2.06899914230736E-08
   24     12     12     1.59974890241661E-08   3.83939736579985E-07
   25     12     13     6.72831515652113E-08   1.68207878913028E-06
   26     12     14     3.67639494129288E-09   9.55862684736149E-08
   27     13     14     8.23500362456869E-10   2.22345097863355E-08
   28     14     14     1.53641530382451E-09   4.30196285070862E-08
   29     14     15     9.62125790589957E-10   2.79016479271088E-08
   30     14     16     1.72148578835027E-09   5.16445736505082E-08
   31     15     16     2.80098544119749E-09   8.68305486771220E-08
   32     14     18     1.01660552351359E-08   3.25313767524349E-07
   32     15     17     2.58949847734427E-12   8.28639512750168E-11
   32     16     16     6.06325152242870E-11   1.94024048717718E-09
   33     15     18     1.70735707622340E-14   5.63427835153722E-13
   33     16     17     9.81589032767573E-09   3.23924380813299E-07
   34     16     18     1.30238832283858E-08   4.42812029765116E-07
   35     16     19     1.57766626759311E-10   5.52183193657590E-09
   35     17     18     7.87359054492035E-09   2.75575669072212E-07
   36     16     20     2.43870670523401E-09   8.77934413884245E-08
   36     17     19     1.73843136368763E-18   6.25835290927547E-17
   37     17     20     1.53016359942484E-08   5.66160531787191E-07
   38     18     20     3.39613224765535E-10   1.29053025410903E-08
   39     18     21     1.78902762364121E-10   6.97720773220071E-09
   39     19     20     6.32001227102302E-13   2.46480478569898E-11
   40     18     22     2.44058499321057E-09   9.76233997284227E-08
   41     19     22     6.41252589410974E-09   2.62913561658499E-07
   42     18     24     6.21648145911578E-08   2.61092221282863E-06
   42     19     23     2.65405094087061E-12   1.11470139516566E-10
   42     20     22     1.81310968448318E-09   7.61506067482937E-08
   43     20     23     9.41093005041696E-09   4.04669992167929E-07
   44     20     24     1.87951564490437E-08   8.26986883757925E-07
   45     20     25     4.44348197233067E-09   1.99956688754880E-07
   45     21     24     3.28803438408713E-08   1.47961547283921E-06
   46     20     26     1.79957969522254E-08   8.27806659802367E-07
   46     21     25     5.08641095785062E-20   2.33974904061128E-18
   46     22     24     3.00891802804498E-18   1.38410229290069E-16
   47     22     25     7.52047142750828E-09   3.53462157092889E-07
   48     20     28     1.13045043474225E-08   5.42616208676279E-07
   48     22     26     1.96616420920655E-16   9.43758820419146E-15
   49     22     27     1.55582683048189E-09   7.62355146936127E-08
   50     22     28     2.35566610483125E-08   1.17783305241562E-06
   51     23     28     2.53903901656403E-08   1.29490989844765E-06
   52     24     28     1.09120993878493E-08   5.67429168168164E-07
   53     24     29     2.93890153615808E-09   1.55761781416378E-07
   54     24     30     2.60058082252636E-09   1.40431364416423E-07
   55     25     30     7.62237855476786E-10   4.19230820512233E-08
   56     26     30     4.09085036311488E-09   2.29087620334433E-07
   57     26     31     5.55207406661366E-09   3.16468221796979E-07
   58     26     32     3.51005795142716E-09   2.03583361182775E-07
   59     26     33     1.45882269199815E-12   8.60705388278908E-11
   59     27     32     3.09671988204322E-09   1.82706473040550E-07
   60     26     34     2.03279765144800E-09   1.21967859086880E-07
   60     27     33     6.74795359351341E-16   4.04877215610804E-14
   60     28     32     6.31418815894666E-17   3.78851289536800E-15
   61     28     33     4.72054231637305E-09   2.87953081298756E-07
   62     28     34     1.25978265238683E-08   7.81065244479835E-07
   63     28     35     1.21530433929810E-08   7.65641733757800E-07
   63     29     34     1.14612853272109E-10   7.22060975614287E-09
   64     28     36     3.98449527566516E-09   2.55007697642570E-07
   64     30     34     2.07756549338089E-20   1.32964191576377E-18
   65     29     36     5.49134488536825E-09   3.56937417548936E-07
   66     30     36     1.98130952275500E-09   1.30766428501830E-07
   67     30     37     2.67592347403095E-09   1.79286872760074E-07
   68     30     38     2.12767279453490E-09   1.44681750028373E-07
   69     31     38     4.44966552782250E-09   3.07026921419752E-07
   70     30     40     3.22558126255864E-09   2.25790688379105E-07
   70     32     38     1.17799924980495E-14   8.24599474863463E-13
   71     31     40     4.06050907497820E-09   2.88296144323452E-07
   72     32     40     2.34445599324069E-09   1.68800831513330E-07
   73     32     41     2.72428781961282E-09   1.98873010831736E-07
   74     32     42     2.34116820640646E-09   1.73246447274078E-07
   75     33     42     7.15203577063382E-09   5.36402682797537E-07
   76     32     44     2.21376709677680E-08   1.68246299355037E-06
   76     34     42     4.73946070273773E-14   3.60199013408068E-12
   77     34     43     5.40162453038275E-08   4.15925088839471E-06
   78     34     44     2.96256383882130E-08   2.31079979428061E-06
   79     34     45     1.56862177973968E-08   1.23921120599435E-06
   79     35     44     5.04522244918233E-14   3.98572573485404E-12
   80     34     46     4.02729158124598E-09   3.22183326499678E-07
   81     35     46     6.48552729062232E-09   5.25327710540408E-07
   82     34     48     5.56154405443246E-09   4.56046612463462E-07
   82     36     46     2.38604974492656E-13   1.95656079083978E-11
   83     36     47     3.02703754964022E-09   2.51244116620138E-07
   84     36     48     7.81652716437941E-09   6.56588281807871E-07
   85     36     49     3.31731339154501E-09   2.81971638281326E-07
   85     37     48     3.06289579555413E-10   2.60346142622101E-08
   86     36     50     3.97375923319988E-09   3.41743294055190E-07
   86     38     48     2.03240019087646E-19   1.74786416415376E-17
   87     37     50     3.30523734460943E-09   2.87555648981020E-07
   87     38     49     6.50898531283446E-20   5.66281722216598E-18
   88     38     50     4.37995540681465E-09   3.85436075799689E-07
   89     38     51     2.85793168738672E-12   2.54355920177418E-10
   89     39     50     2.42748097701804E-09   2.16045806954606E-07
   90     38     52     1.82174720115604E-09   1.63957248104043E-07
   90     39     51     4.61535934301496E-13   4.15382340871346E-11
   90     40     50     6.03378197801774E-11   5.43040378021596E-09
   91     39     52     3.97530617630579E-12   3.61752862043827E-10
   91     40     51     1.35090207155620E-09   1.22932088511614E-07
   92     40     52     2.14774780626680E-09   1.97592798176545E-07
   93     40     53     1.09394254869250E-09   1.01736657028402E-07
   93     41     52     6.44044096849762E-16   5.98961010070279E-14
   94     40     54     1.14381587647537E-09   1.07518692388685E-07
   95     40     55     1.13156412713772E-11   1.07498592078083E-09
   95     41     54     1.34395334618782E-11   1.27675567887843E-09
   95     42     53     2.35388890659912E-09   2.23619446126916E-07
   96     40     56     2.16145643737198E-09   2.07499817987710E-07
   96     42     54     4.52123718018587E-18   4.34038769297844E-16
   97     42     55     1.90570618767862E-09   1.84853500204826E-07
   98     42     56     1.50554014531942E-09   1.47542934241303E-07
   99     43     56     1.47313208724799E-09   1.45840076637551E-07
   99     44     55     6.57039758651026E-15   6.50469361064515E-13
  100     42     58     8.56547393026082E-10   8.56547393026082E-08
  100     44     56     1.14722362232476E-15   1.14722362232476E-13
  101     44     57     7.86965583265560E-10   7.94835239098215E-08
  102     44     58     1.99859699616680E-09   2.03856893609014E-07
  103     44     59     3.34043442201420E-13   3.44064745467463E-11
  103     45     58     1.92167651168802E-09   1.97932680703866E-07
  104     44     60     1.89725246237664E-08   1.97314256087171E-06
  104     46     58     4.06868539135182E-17   4.23143280700589E-15
  105     46     59     2.64773759076371E-09   2.78012447030190E-07
  106     44     62     8.30649721623509E-09   8.80488704920920E-07
  106     45     61     7.78882100630047E-15   8.25615026667849E-13
  106     46     60     1.27615519906354E-08   1.35272451100735E-06
  107     46     61     2.08013242431721E-09   2.22574169401942E-07
  107     47     60     3.03838424215225E-16   3.25107113910291E-14
  108     46     62     3.93939226170041E-09   4.25454364263644E-07
  109     47     62     3.45010627415225E-09   3.76061583882595E-07
  110     45     65     5.45351208412461E-09   5.99886329253707E-07
  110     46     64     1.20372488136990E-11   1.32409736950689E-09
  110     48     62     1.01416971603051E-14   1.11558668763356E-12
  111     47     64     2.08701105883922E-19   2.31658227531154E-17
  111     48     63     1.66591165296827E-08   1.84916193479478E-06
  112     45     67     6.42020080898436E-09   7.19062490606248E-07
  112     48     64     5.10833998421092E-11   5.72134078231623E-09
  113     47     66     2.69907601828600E-20   3.04995590066317E-18
  113     48     65     2.35948929377335E-08   2.66622290196389E-06
  114     48     66     6.49772550942579E-08   7.40740708074540E-06
  115     49     66     5.11788095695487E-08   5.88556310049809E-06
  116     46     70     2.16559540713783E-19   2.51209067227988E-17
  116     47     69     4.34954067288879E-18   5.04546718055099E-16
  116     48     68     4.38423791074726E-07   5.08571597646683E-05
  116     50     66     3.32726503391429E-15   3.85962743934058E-13
  117     50     67     2.04034332762600E-06   2.38720169332242E-04
  118     50     68     4.92807410385830E-06   5.81512744255279E-04
  119     50     69     7.47385364713391E-06   8.89388584008936E-04
  120     50     70     1.18949254642513E-05   1.42739105571016E-03
  121     51     70     1.80118036782239E-05   2.17942824506509E-03
  122     50     72     1.61203810604075E-05   1.96668648936972E-03
  122     52     70     2.34351912333274E-11   2.85909333046595E-09
  123     50     73     1.05483514329621E-06   1.29744722625433E-04
  123     51     72     1.39836755097739E-05   1.71999208770219E-03
  124     50     74     1.43082970717824E-05   1.77422883690102E-03
  124     51     73     5.30532919408644E-16   6.57860820066719E-14
  124     52     72     1.55360893072361E-13   1.92647507409728E-11
  125     50     75     1.72574824789396E-19   2.15718530986745E-17
  125     51     74     3.67412052000833E-05   4.59265065001041E-03
  125     52     73     1.45642161827173E-05   1.82052702283966E-03
  126     50     76     6.77425642474519E-05   8.53556309517894E-03
  126     51     75     9.98441528936173E-12   1.25803632645958E-09
  126     52     74     2.77583526864553E-10   3.49755243849337E-08
  127     48     79     2.47055444807292E-18   3.13760414905260E-16
  127     49     78     7.28251391557443E-18   9.24879267277953E-16
  127     50     77     5.04947752067989E-14   6.41283645126347E-12
  127     51     76     2.22415223136255E-12   2.82467333383043E-10
  127     52     75     2.25096956494247E-13   2.85873134747694E-11
  127     53     74     1.51705101540244E-04   1.92665478956110E-02
  128     48     80     1.12877733849517E-19   1.44483499327381E-17
  128     49     79     6.06666835281454E-18   7.76533549160261E-16
  128     50     78     2.59253798552988E-14   3.31844862147825E-12
  128     51     77     2.37280197858404E-13   3.03718653258757E-11
  128     52     76     3.54006476018999E-04   4.53128289304318E-02
  128     54     74     3.70272151268279E-15   4.73948353623397E-13
  129     49     80     2.56130456563720E-17   3.30408288967199E-15
  129     50     79     5.66554153295015E-15   7.30854857750570E-13
  129     51     78     6.68251831470821E-13   8.62044862597359E-11
  129     52     77     1.76801527348164E-13   2.28073970279132E-11
  129     53     76     6.10655716517263E-04   7.87745874307270E-02
  129     54     75     3.69149300699541E-11   4.76202597902408E-09
  130     49     81     1.23654527812520E-17   1.60750886156276E-15
  130     50     80     9.42427379663116E-15   1.22515559356205E-12
  130     51     79     1.00164645518816E-13   1.30214039174461E-11
  130     52     78     4.81753078305086E-04   6.26279001796611E-02
  130     54     76     3.85095329002098E-11   5.00623927702728E-09
  131     53     78     9.25846759887846E-20   1.21285925545308E-17
  131     54     77     3.64483430697486E-04   4.77473294213707E-02
  132     54     78     2.05529965561278E-04   2.71299554540887E-02
  133     55     78     2.09247215906431E-04   2.78298797155554E-02
  134     54     80     1.01123234693174E-04   1.35505134488854E-02
  134     55     79     3.78155109807794E-15   5.06727847142443E-13
  134     56     78     2.20115891689852E-15   2.94955294864401E-13
  135     55     80     5.55507507167580E-05   7.49935134676233E-03
  135     56     79     2.28686329892799E-11   3.08726545355279E-09
  136     54     82     1.03873949445578E-04   1.41268571245986E-02
  136     56     80     2.89133596704711E-13   3.93221691518407E-11
  137     55     82     4.52502677990290E-05   6.19928668846697E-03
  137     56     81     1.45048070528391E-06   1.98715856623895E-04
  138     56     82     4.33012123278161E-05   5.97556730123862E-03
  139     57     82     5.83621193521423E-06   8.11233458994778E-04
  140     56     84     1.47400537277132E-16   2.06360752187985E-14
  140     57     83     2.23810038966839E-17   3.13334054553575E-15
  140     58     82     2.07898093299840E-05   2.91057330619776E-03
  141     58     83     3.57430664696127E-10   5.03977237221539E-08
  141     59     82     1.17215823648958E-05   1.65274311345031E-03
  142     58     84     6.27629683306721E-06   8.91234150295544E-04
  142     60     82     9.60295248298877E-17   1.36361925258441E-14
  143     59     84     1.18779507841109E-16   1.69854696212785E-14
  143     60     83     3.50310756539325E-06   5.00944381851234E-04
  144     58     86     6.53500606872412E-07   9.41040873896273E-05
  144     59     85     2.76280349648989E-11   3.97843703494544E-09
  144     60     84     1.54624959438314E-06   2.22659941591172E-04
  145     60     85     2.16908639056749E-06   3.14517526632287E-04
  146     60     86     2.88035997285023E-06   4.20532556036134E-04
  147     60     87     5.43196698099740E-19   7.98499146206617E-17
  147     61     86     2.48333640009475E-06   3.65050450813928E-04
  147     62     85     1.04004484010775E-06   1.52886591495840E-04
  148     60     88     4.17662189016302E-06   6.18140039744127E-04
  148     62     86     5.37919933623899E-14   7.96121501763371E-12
  149     62     87     4.27660328851234E-06   6.37213889988339E-04
  150     60     90     5.37662060887674E-06   8.06493091331512E-04
  150     62     88     2.26701042900854E-10   3.40051564351281E-08
  151     62     89     6.90308059648247E-06   1.04236517006885E-03
  151     63     88     7.29132059809735E-08   1.10098941031270E-05
  152     62     90     5.94646936181881E-06   9.03863342996459E-04
  152     63     89     2.72392293881648E-19   4.14036286700104E-17
  153     63     90     6.57590852915779E-06   1.00611400496114E-03
  154     62     92     7.28781603976234E-06   1.12232367012340E-03
  154     63     91     5.90839059312433E-12   9.09892151341147E-10
  154     64     90     6.89974994879079E-13   1.06256149211378E-10
  155     63     92     8.81204674392256E-06   1.36586724530800E-03
  155     64     91     1.94580666358258E-06   3.01600032855300E-04
  156     61     95     1.48667559607092E-05   2.31921392987064E-03
  156     63     93     5.00763320290125E-18   7.81190779652595E-16
  156     64     92     1.36411691223768E-08   2.12802238309078E-06
  157     64     93     1.97761240826502E-05   3.10485148097608E-03
  158     64     94     2.60357147010527E-05   4.11364292276632E-03
  159     65     94     2.81336407722493E-05   4.47324888278764E-03
  160     64     96     3.03911308229051E-05   4.86258093166481E-03
  160     65     95     1.17915064055835E-13   1.88664102489335E-11
  160     66     94     1.33577996051078E-11   2.13724793681724E-09
  161     66     95     3.15751022884011E-05   5.08359146843257E-03
  162     66     96     3.11774533823107E-05   5.05074744793433E-03
  163     66     97     3.03988383142127E-05   4.95501064521668E-03
  164     66     98     2.68368936860931E-05   4.40125056451927E-03
  165     67     98     1.71896573518878E-05   2.83629346306148E-03
  166     68     98     1.78670041158997E-05   2.96592268323934E-03
  167     68     99     2.15531318348090E-05   3.59937301641310E-03
  168     68    100     1.43557035315972E-05   2.41175819330833E-03
  169     68    101     1.70172358491962E-20   2.87591285851415E-18
  169     69    100     1.17296782016683E-05   1.98231561608194E-03
  170     68    102     1.38276963564617E-05   2.35070838059849E-03
  170     69    101     7.35724939466452E-14   1.25073239709297E-11
  170     70    100     9.99060117145841E-13   1.69840219914793E-10
  171     69    102     7.24063257571157E-06   1.23814817044668E-03
  171     70    101     4.61528771591380E-06   7.89214199421259E-04
  172     70    102     1.37639500810796E-05   2.36739941394568E-03
  173     70    103     1.08383146978996E-05   1.87502844273664E-03
  174     70    104     2.10401661562577E-05   3.66098891118885E-03
  175     71    104     1.29647284190612E-05   2.26882747333571E-03
  176     70    106     1.59193868390783E-05   2.80181208367779E-03
  176     71    105     5.53160681351958E-13   9.73562799179447E-11
  177     69    108     1.34730171749965E-05   2.38472403997438E-03
  177     72    105     3.08174620394401E-09   5.45469078098090E-07
  178     69    109     1.71657908424988E-05   3.05551076996479E-03
  178     72    106     1.02553222075880E-12   1.82544735295067E-10
  179     72    107     9.20206169698307E-06   1.64716904375997E-03
  180     72    108     8.58067066496925E-06   1.54452071969447E-03
  181     70    111     6.55067957588033E-06   1.18567300323434E-03
  181     72    109     1.56273017569739E-12   2.82854161801228E-10
  181     73    108     4.80213932407037E-09   8.69187217656736E-07
  182     72    110     4.85377609448004E-06   8.83387249195367E-04
  182     73    109     1.62665554856678E-13   2.96051309839154E-11
  182     74    108     3.54605618089139E-13   6.45382224922233E-11
  183     74    109     2.34421624253819E-06   4.28991572384489E-04
  184     74    110     2.19077923648688E-06   4.03103379513586E-04
  185     74    111     2.17234430684050E-08   4.01883696765492E-06
  185     75    110     2.06453994820024E-06   3.81939890417044E-04
  186     74    112     2.83160154217462E-06   5.26677886844480E-04
  186     76    110     7.77304723051724E-16   1.44578678487621E-13
  187     75    112     3.80938575264606E-06   7.12355135744814E-04
  187     76    111     8.30169041535019E-17   1.55241610767048E-14
  188     74    114     8.14380767689657E-08   1.53103584325656E-05
  188     75    113     8.34972561970763E-10   1.56974841650503E-07
  188     76    112     1.09585358223621E-05   2.06020473460407E-03
  189     76    113     3.06686634412961E-05   5.79637739040496E-03
  190     76    114     4.32519159568090E-05   8.21786403179371E-03
  191     74    117     7.41241531218141E-05   1.41577132462665E-02
  191     76    115     2.15863356777179E-18   4.12299011444412E-16
  191     77    114     4.39857103683669E-09   8.40127068035808E-07
  192     76    116     1.48480536926871E-04   2.85082630899592E-02
  192     77    115     1.28337283720174E-18   2.46407584742734E-16
  192     78    114     1.25712155321841E-16   2.41367338217935E-14
  193     75    118     3.17098472267739E-04   6.12000051476737E-02
  193     77    116     9.15452749539917E-08   1.76682380661204E-05
  194     75    119     2.74936216182549E-04   5.33376259394145E-02
  194     76    118     4.19168598726714E-11   8.13187081529825E-09
  194     77    117     1.53975849768710E-14   2.98713148551297E-12
  194     78    116     7.32262353099880E-12   1.42058896501377E-09
  195     78    117     5.13476237619599E-04   1.00127866335822E-01
  196     78    118     2.27371808934111E-04   4.45648745510858E-02
  197     79    118     2.45746330853423E-04   4.84120271781243E-02
  198     78    120     6.83364812751187E-05   1.35306232924735E-02
  198     80    118     6.53711610814263E-11   1.29434898941224E-08
  199     80    119     4.16374330449723E-05   8.28584917594949E-03
  200     77    123     5.20278978599466E-06   1.04055795719893E-03
  200     80    120     4.79242601605668E-08   9.58485203211336E-06
  201     80    121     3.96224227478797E-06   7.96410697232383E-04
  202     80    122     1.04643329892737E-06   2.11379526383328E-04
  203     80    123     6.82461180563672E-10   1.38539619654425E-07
  203     81    122     1.01530122731011E-06   2.06106149143953E-04
  204     80    124     1.14763334315254E-06   2.34117202003119E-04
  204     81    123     2.77848564470239E-15   5.66811071519288E-13
  204     82    122     7.71234110011613E-16   1.57331758442369E-13
  205     81    124     1.51844932048031E-06   3.11282110698463E-04
  206     79    127     9.12175742668177E-07   1.87908202989644E-04
  206     80    126     8.33442410472395E-20   1.71689136557313E-17
  206     81    125     2.92198261700423E-18   6.01928419102872E-16
  206     82    124     1.67227806273041E-07   3.44489280922464E-05
  207     81    126     2.24799307243505E-12   4.65334565994056E-10
  207     82    125     1.13616103831180E-05   2.35185334930543E-03
  208     81    127     7.08213451708559E-13   1.47308397955380E-10
  208     82    126     1.18499562274146E-05   2.46479089530223E-03
  209     81    128     1.18528505281148E-16   2.47724576037599E-14
  209     82    127     4.84147964319533E-13   1.01186924542782E-10
  209     83    126     7.87486021511288E-06   1.64584578495859E-03
  210     81    129     1.61925913242417E-18   3.40044417809076E-16
  210     82    128     6.15880284220088E-06   1.29334859686219E-03
  210     83    127     3.80664021305497E-09   7.99394444741544E-07
  210     84    126     9.72510203169828E-08   2.04227142665664E-05
  211     81    130     1.58616798170256E-06   3.34681444139241E-04
  211     82    129     1.71046417567884E-11   3.60907941068235E-09
  211     83    128     1.01207981345804E-12   2.13548840639647E-10
  211     84    127     1.14236068832265E-17   2.41038105236078E-15
  212     82    130     4.12662464129129E-10   8.74844423953753E-08
  212     83    129     3.91204162490411E-11   8.29352824479672E-09
  213     83    130     1.13369023893913E-13   2.41476020894034E-11
  214     82    132     1.67649096485353E-13   3.58769066478655E-11
  214     83    131     1.23939487619195E-13   2.65230503505077E-11
  214     84    130     1.71086503032215E-20   3.66125116488941E-18
  215     83    132     2.87555937915611E-18   6.18245266518564E-16
  215     84    131     1.40382715119940E-17   3.01822837507871E-15
  216     84    132     1.56370831503456E-15   3.37760996047465E-13
  217     84    133     2.83439731501782E-06   6.15064217358866E-04
  217     85    132     1.33660788304285E-18   2.90043910620299E-16
  218     84    134     1.93594960839345E-14   4.22037014629772E-12
  218     85    133     3.12235028488642E-20   6.80672362105240E-18
  219     85    134     3.64152061470180E-19   7.97493014619695E-17
  219     86    133     3.12138279552992E-14   6.83582832221052E-12
  220     86    134     5.99604414576192E-13   1.31912971206762E-10
  221     87    134     1.18465856960380E-14   2.61809543882439E-12
  222     86    136     3.43711534789852E-11   7.63039607233472E-09
  223     87    136     1.43065141362668E-13   3.19035265238749E-11
  223     88    135     7.78727204564167E-09   1.73656166617809E-06
  224     86    138     4.85278366399113E-19   1.08702354073401E-16
  224     87    137     2.03589149614971E-20   4.56039695137535E-18
  224     88    136     3.38637779640286E-09   7.58548626394241E-07
  225     88    137     5.33793933859519E-11   1.20103635118392E-08
  225     89    136     3.57508628216181E-11   8.04394413486407E-09
  226     88    138     5.25931492395919E-06   1.18860517281478E-03
  227     89    138     5.39510633087159E-06   1.22468913710785E-03
  227     90    137     1.24982646400855E-08   2.83710607329941E-06
  228     88    140     4.65876698029681E-06   1.06219887150767E-03
  228     89    139     5.68944841234830E-10   1.29719423801541E-07
  228     90    138     6.55028787493643E-07   1.49346563548551E-04
  229     90    139     1.03437930178152E-05   2.36872860107968E-03
  230     90    140     8.26743158996123E-06   1.90150926569108E-03
  231     90    141     1.06226537364703E-16   2.45383301312465E-14
  231     91    140     1.39064959948964E-05   3.21240057482107E-03
  232     90    142     1.14917215526561E-05   2.66607940021621E-03
  233     91    142     7.87691970886877E-11   1.83532229216642E-08
  233     92    141     2.04759470835488E-05   4.77089567046686E-03
  234     90    144     1.49871869386041E-11   3.50700174363337E-09
  234     91    143     1.75687161961360E-13   4.11107958989581E-11
  234     92    142     1.69950180679292E-05   3.97683422789542E-03
  235     92    143     2.56605063255660E-05   6.03021898650800E-03
  236     92    144     1.96337206605196E-05   4.63355807588261E-03
  237     92    145     1.81117259060921E-18   4.29247903974382E-16
  237     93    144     4.06277640602704E-05   9.62878008228409E-03
  238     92    146     2.67114533287944E-05   6.35732589225306E-03
  238     94    144     3.92408239239784E-13   9.33931609390685E-11
  239     93    146     2.28199105038906E-11   5.45395861042986E-09
  239     94    145     5.27807905909740E-05   1.26146089512428E-02
  240     92    148     2.62651185764909E-16   6.30362845835781E-14
  240     93    147     1.91811276743674E-17   4.60347064184818E-15
  240     94    146     2.91156495433253E-05   6.98775589039808E-03
  241     92    149     4.17305454364652E-05   1.00570614501881E-02
  241     94    147     5.61131424455948E-11   1.35232673293883E-08
  241     95    146     3.81917227569383E-12   9.20420518442214E-10
  242     94    148     1.74311772858013E-05   4.21834490316391E-03
  242     95    147     4.67481981431563E-18   1.13130639506438E-15
  242     96    146     5.44626665951204E-16   1.31799653160191E-13
  243     94    149     5.48515340500860E-16   1.33289227741709E-13
  243     95    148     2.60631382723423E-05   6.33334260017918E-03
  244     93    151     1.25194246932346E-19   3.05473962514925E-17
  244     94    150     1.30437063585696E-05   3.18266435149099E-03
  244     95    149     2.25671895858265E-19   5.50639425894167E-17
  244     96    148     8.18507739643295E-11   1.99715888472964E-08
  245     93    152     2.03773664141481E-05   4.99245477146628E-03
  245     96    149     5.04479254930065E-09   1.23597417457866E-06
  246     93    153     6.00338676059858E-20   1.47683314310725E-17
  246     94    152     4.84179837121061E-15   1.19108239931781E-12
  246     95    151     1.20910085097964E-17   2.97438809340992E-15
  246     96    150     1.04225229161265E-05   2.56394063736711E-03
  246     97    149     6.09516297629447E-13   1.49941009216844E-10
  247     94    153     7.84484523154831E-16   1.93767677219243E-13
  247     95    152     5.52330737878303E-18   1.36425692255941E-15
  247     96    151     1.51605116775252E-05   3.74464638434874E-03
  248     94    154     7.59978617235409E-06   1.88474697074381E-03
  248     96    152     2.90008973744456E-11   7.19222254886252E-09
  248     97    151     3.20851152141503E-20   7.95710857310927E-18
  249     95    154     1.44481674386870E-05   3.59759369223306E-03
  249     97    152     4.71581369411390E-16   1.17423760983436E-13
  249     98    151     8.71960749016134E-16   2.17118226505017E-13
  250     95    155     5.17307592541059E-06   1.29326898135265E-03
  250     96    154     6.21931361011252E-20   1.55482840252813E-17
  250     98    152     3.16166428522738E-20   7.90416071306845E-18
  251     95    156     1.25455463200263E-05   3.14893212632661E-03
  252     96    156     3.85083107409677E-06   9.70409430672386E-04
  253     96    157     7.88362530140503E-06   1.99455720125547E-03
  254     96    158     1.70783691126220E-06   4.33790575460598E-04
  255     97    158     1.80294327527149E-06   4.59750535194231E-04
  256     97    159     3.58371387346171E-07   9.17430751606197E-05
  257     97    160     2.23143505644584E-07   5.73478809506580E-05
  258     98    160     4.65482785166675E-15   1.20094558573002E-12
  259     98    161     2.10154917830961E-09   5.44301237182188E-07
  260     98    162     3.20861221493867E-10   8.34239175884054E-08
  262     99    163     4.25388387475356E-20   1.11451757518543E-17
