               WinNet - Nuclear reaction network
              ===================================
 
 
Option                                   :      Value     Unit
--------------------------------------------------------------
Release                                  :    Unknown         
Git hash                                 :    Unknown         
Network size                             :       6757         
Amount reaclib rates                     :      72724         
Amount fission rates                     :       5833         
Total number of fission neutrons         :      27813         
Amount weak (ffn) rates                  :        212         
Total reactions after merge              :      78557         
Thermodynamic trajectory                 :  from file         
Starting index                           :          1         
Expansion velocity:                      :   4.47E+04   [km/s]
Evolution mode                           :        NSE         
Initial abundance source                 :        NSE         
Initial entropy                          :   6.66E-03 [kB/nuc]

#-- 1:it 2:time[s] 3:T9[GK] 4:rho[g/cm3] 5:entropy[kB/baryon]
       0  0.0000000E+00 10.0000000  1.4000000E+13    0.0066616
       1  2.0000000E-12  9.9999999  1.4000000E+13    0.0066616
       2  6.0000000E-12  9.9999998  1.3999999E+13    0.0066616
       3  1.4000000E-11  9.9999994  1.3999999E+13    0.0066616
       4  3.0000000E-11  9.9999988  1.3999997E+13    0.0066616
       5  6.2000000E-11  9.9999975  1.3999994E+13    0.0066616
       6  1.2600000E-10  9.9999950  1.3999989E+13    0.0066616
       7  2.5400000E-10  9.9999899  1.3999977E+13    0.0066616
       8  5.1000000E-10  9.9999798  1.3999954E+13    0.0066616
       9  1.0220000E-09  9.9999595  1.3999908E+13    0.0066616
      10  2.0460000E-09  9.9999190  1.3999815E+13    0.0066616
      11  4.0940000E-09  9.9998378  1.3999630E+13    0.0066616
      12  8.1900000E-09  9.9996756  1.3999261E+13    0.0066615
      13  1.6382000E-08  9.9993511  1.3998521E+13    0.0066614
      14  3.2766000E-08  9.9987022  1.3997043E+13    0.0066612
      15  6.5534000E-08  9.9974045  1.3994086E+13    0.0066609
      16  1.3107000E-07  9.9948097  1.3988175E+13    0.0066601
      17  2.6214200E-07  9.9896219  1.3976360E+13    0.0066585
      18  5.2428600E-07  9.9792546  1.3952759E+13    0.0066554
      19  1.0485740E-06  9.9585521  1.3905677E+13    0.0066491
      20  2.0971500E-06  9.9172759  1.3811989E+13    0.0066367
      21  4.1943020E-06  9.8352360  1.3626503E+13    0.0066118
      22  8.3886060E-06  9.6731867  1.3262969E+13    0.0065623
      23  1.6336862E-05  9.3733892  1.2600461E+13    0.0064696
      24  2.4288422E-05  9.0827643  1.1970791E+13    0.0063781
      25  2.5000000E-05  9.0572000  1.1916000E+13    0.0063700
      26  2.6423156E-05  9.0030425  1.1806660E+13    0.0063516
      27  2.9269468E-05  8.8940886  1.1588556E+13    0.0063142
      28  3.4962092E-05  8.6750780  1.1159836E+13    0.0062374
      29  4.2800388E-05  8.3759675  1.0602375E+13    0.0061270
      30  5.0000000E-05  8.1094000  1.0142000E+13    0.0060213
      31  5.9271331E-05  7.7735960  9.6353126E+12    0.0058725
      32  6.9225273E-05  7.4276224  9.1539253E+12    0.0057088
      33  7.6000000E-05  7.2109000  8.8334000E+12    0.0056092
 Evolution mode: switching to network
      34  8.3225889E-05  6.9999992  8.4850582E+12    0.0055195
      35  8.3225889E-05  6.9999992  8.4850582E+12    0.0055195
      36  8.3225889E-05  6.9999992  8.4850582E+12    0.0055195
      37  8.3225889E-05  6.9999992  8.4850582E+12    0.0055195
      38  8.3225889E-05  6.9999992  8.4850582E+12    0.0055195
      39  8.3225890E-05  6.9999992  8.4850582E+12    0.0055195
      40  8.3225890E-05  6.9999992  8.4850582E+12    0.0055195
      41  8.3225891E-05  6.9999992  8.4850582E+12    0.0055195
      42  8.3225892E-05  6.9999992  8.4850581E+12    0.0055195
      43  8.3225894E-05  6.9999991  8.4850580E+12    0.0055195
      44  8.3225899E-05  6.9999990  8.4850578E+12    0.0055195
      45  8.3225908E-05  6.9999987  8.4850573E+12    0.0055195
      46  8.3225927E-05  6.9999982  8.4850564E+12    0.0055195
      47  8.3225964E-05  6.9999971  8.4850546E+12    0.0055195
      48  8.3226039E-05  6.9999950  8.4850510E+12    0.0055195
      49  8.3226189E-05  6.9999908  8.4850438E+12    0.0055195

#-- 1:it 2:time[s] 3:T9[GK] 4:rho[g/cm3] 5:entropy[kB/baryon]
      50  8.3226489E-05  6.9999824  8.4850294E+12    0.0055195
      51  8.3227089E-05  6.9999656  8.4850005E+12    0.0055194
      52  8.3228289E-05  6.9999320  8.4849429E+12    0.0055194
      53  8.3230688E-05  6.9998648  8.4848275E+12    0.0055194
      54  8.3235488E-05  6.9997304  8.4845967E+12    0.0055194
      55  8.3245086E-05  6.9994616  8.4841352E+12    0.0055192
      56  8.3257852E-05  6.9991041  8.4835214E+12    0.0055191
      57  8.3271894E-05  6.9987109  8.4828463E+12    0.0055189
      58  8.3287341E-05  6.9982784  8.4821037E+12    0.0055188
      59  8.3304332E-05  6.9978028  8.4812868E+12    0.0055186
      60  8.3323023E-05  6.9972797  8.4803884E+12    0.0055183
      61  8.3343582E-05  6.9967044  8.4794001E+12    0.0055181
      62  8.3366198E-05  6.9960717  8.4783131E+12    0.0055178
      63  8.3391074E-05  6.9953760  8.4771175E+12    0.0055176
      64  8.3418438E-05  6.9946108  8.4758025E+12    0.0055172
      65  8.3448539E-05  6.9937694  8.4743561E+12    0.0055169
      66  8.3481649E-05  6.9928442  8.4727653E+12    0.0055165
      67  8.3518070E-05  6.9918268  8.4710156E+12    0.0055161
      68  8.3558132E-05  6.9907080  8.4690912E+12    0.0055156
      69  8.3602200E-05  6.9894780  8.4669747E+12    0.0055151
      70  8.3650675E-05  6.9881255  8.4646469E+12    0.0055146
      71  8.3703996E-05  6.9866386  8.4620869E+12    0.0055140
      72  8.3762649E-05  6.9850039  8.4592715E+12    0.0055133
      73  8.3827165E-05  6.9832068  8.4561753E+12    0.0055126
      74  8.3898132E-05  6.9812314  8.4527703E+12    0.0055117
      75  8.3976194E-05  6.9790601  8.4490261E+12    0.0055108
      76  8.4062060E-05  6.9766735  8.4449088E+12    0.0055099
      77  8.4156510E-05  6.9740507  8.4403815E+12    0.0055088
      78  8.4260401E-05  6.9711684  8.4354037E+12    0.0055076
      79  8.4374677E-05  6.9680013  8.4299308E+12    0.0055063
      80  8.4500376E-05  6.9645215  8.4239139E+12    0.0055049
      81  8.4638637E-05  6.9606987  8.4172994E+12    0.0055033
      82  8.4790717E-05  6.9564995  8.4100287E+12    0.0055016
      83  8.4957994E-05  6.9518875  8.4020373E+12    0.0054997
      84  8.5141985E-05  6.9468227  8.3932549E+12    0.0054976
      85  8.5344358E-05  6.9412616  8.3836043E+12    0.0054954
      86  8.5566948E-05  6.9351566  8.3730014E+12    0.0054929
      87  8.5811769E-05  6.9284556  8.3613542E+12    0.0054901
      88  8.6081039E-05  6.9211018  8.3485625E+12    0.0054872
      89  8.6377194E-05  6.9130331  8.3345170E+12    0.0054839
      90  8.6702910E-05  6.9041821  8.3190991E+12    0.0054803
      91  8.7061130E-05  6.8944749  8.3021802E+12    0.0054763
      92  8.7455087E-05  6.8838312  8.2836211E+12    0.0054720
      93  8.7888334E-05  6.8721635  8.2632719E+12    0.0054672
      94  8.8364773E-05  6.8593762  8.2409713E+12    0.0054620
      95  8.8888692E-05  6.8453655  8.2165470E+12    0.0054563
      96  8.9459022E-05  6.8301714  8.1900835E+12    0.0054501
      97  9.0073239E-05  6.8138723  8.1617368E+12    0.0054435
      98  9.0733634E-05  6.7964177  8.1314466E+12    0.0054363
      99  9.1442535E-05  6.7777567  8.0991606E+12    0.0054287

#-- 1:it 2:time[s] 3:T9[GK] 4:rho[g/cm3] 5:entropy[kB/baryon]
     100  9.2202238E-05  6.7578392  8.0648395E+12    0.0054205
     101  9.3014984E-05  6.7366159  8.0284596E+12    0.0054117
     102  9.3811735E-05  6.7158877  7.9931531E+12    0.0054031
     103  9.4651054E-05  6.6941265  7.9563639E+12    0.0053939
     104  9.5534890E-05  6.6712842  7.9180937E+12    0.0053843
     105  9.6462920E-05  6.6473692  7.8784555E+12    0.0053741
     106  9.7402815E-05  6.6232094  7.8389079E+12    0.0053636
     107  9.8355707E-05  6.5987660  7.7994559E+12    0.0053529
     108  9.9323314E-05  6.5739846  7.7600858E+12    0.0053419
     109  1.0030721E-04  6.5488137  7.7207974E+12    0.0053306
     110  1.0100000E-04  6.5311000  7.6936000E+12    0.0053225
     111  1.0200687E-04  6.5053520  7.6548760E+12    0.0053105
     112  1.0304129E-04  6.4788979  7.6161114E+12    0.0052980
     113  1.0409762E-04  6.4519021  7.5775008E+12    0.0052850
     114  1.0517659E-04  6.4243690  7.5389861E+12    0.0052715
     115  1.0627896E-04  6.3963039  7.5005007E+12    0.0052575
     116  1.0740544E-04  6.3677171  7.4619742E+12    0.0052431
     117  1.0855660E-04  6.3386243  7.4233311E+12    0.0052283
     118  1.0973295E-04  6.3090466  7.3844902E+12    0.0052131
     119  1.1093489E-04  6.2790110  7.3453630E+12    0.0051976
     120  1.1216272E-04  6.2485504  7.3058534E+12    0.0051818
     121  1.1341663E-04  6.2177038  7.2658567E+12    0.0051658
     122  1.1469670E-04  6.1865165  7.2252591E+12    0.0051496
     123  1.1600291E-04  6.1550401  7.1839372E+12    0.0051334
     124  1.1733511E-04  6.1233326  7.1417582E+12    0.0051171
     125  1.1869303E-04  6.0914584  7.0985795E+12    0.0051009
     126  1.2007628E-04  6.0594877  7.0542491E+12    0.0050848
     127  1.2148434E-04  6.0274969  7.0086064E+12    0.0050691
     128  1.2291658E-04  5.9955680  6.9614829E+12    0.0050537
     129  1.2436308E-04  5.9639858  6.9130139E+12    0.0050389
     130  1.2577681E-04  5.9338013  6.8646378E+12    0.0050253
     131  1.2600000E-04  5.9291000  6.8569000E+12    0.0050233
     132  1.2644638E-04  5.9197438  6.8413345E+12    0.0050192
     133  1.2733915E-04  5.9012009  6.8098578E+12    0.0050112
     134  1.2877105E-04  5.8719171  6.7585264E+12    0.0049991
     135  1.3024041E-04  5.8424260  6.7049680E+12    0.0049874
     136  1.3172944E-04  5.8130870  6.6500131E+12    0.0049761
     137  1.3323840E-04  5.7838853  6.5938614E+12    0.0049653
     138  1.3476841E-04  5.7547894  6.5366932E+12    0.0049548
     139  1.3632070E-04  5.7257647  6.4786938E+12    0.0049447
     140  1.3789670E-04  5.6967730  6.4200549E+12    0.0049347
     141  1.3949802E-04  5.6677729  6.3609757E+12    0.0049249
     142  1.4112647E-04  5.6387188  6.3016649E+12    0.0049152
     143  1.4278407E-04  5.6095606  6.2423423E+12    0.0049054
     144  1.4447312E-04  5.5802429  6.1832417E+12    0.0048954
     145  1.4619625E-04  5.5507043  6.1246140E+12    0.0048852
     146  1.4795640E-04  5.5208759  6.0667316E+12    0.0048745
     147  1.4975697E-04  5.4906806  6.0098939E+12    0.0048632
     148  1.5100000E-04  5.4700000  5.9722000E+12    0.0048552
     149  1.5285805E-04  5.4395506  5.9180227E+12    0.0048431

#-- 1:it 2:time[s] 3:T9[GK] 4:rho[g/cm3] 5:entropy[kB/baryon]
     150  1.5475699E-04  5.4091459  5.8648811E+12    0.0048307
     151  1.5669738E-04  5.3787426  5.8126153E+12    0.0048181
     152  1.5867757E-04  5.3483239  5.7611011E+12    0.0048053
     153  1.6069527E-04  5.3178732  5.7102014E+12    0.0047923
     154  1.6269102E-04  5.2882081  5.6611400E+12    0.0047795
     155  1.6471490E-04  5.2585001  5.6124004E+12    0.0047665
     156  1.6676440E-04  5.2287144  5.5637933E+12    0.0047535
     157  1.6883442E-04  5.1988473  5.5151752E+12    0.0047404
     158  1.7091927E-04  5.1688983  5.4664044E+12    0.0047273
     159  1.7301290E-04  5.1388689  5.4173432E+12    0.0047141
     160  1.7510909E-04  5.1087626  5.3678628E+12    0.0047011
     161  1.7700000E-04  5.0815000  5.3227000E+12    0.0046894
     162  1.7907388E-04  5.0514080  5.2732840E+12    0.0046763
     163  1.8115713E-04  5.0210259  5.2244566E+12    0.0046628
     164  1.8325324E-04  4.9904106  5.1759648E+12    0.0046490
     165  1.8535950E-04  4.9597106  5.1277026E+12    0.0046350
     166  1.8740537E-04  4.9300540  5.0811043E+12    0.0046215
     167  1.8945757E-04  4.9005652  5.0344828E+12    0.0046082
     168  1.9151833E-04  4.8713105  4.9876376E+12    0.0045952
     169  1.9358715E-04  4.8423958  4.9404330E+12    0.0045826
     170  1.9566350E-04  4.8139267  4.8927363E+12    0.0045706
     171  1.9774698E-04  4.7860068  4.8444156E+12    0.0045594
     172  1.9983729E-04  4.7587371  4.7953397E+12    0.0045490
     173  2.0193429E-04  4.7322165  4.7453787E+12    0.0045397
     174  2.0200000E-04  4.7314000  4.7438000E+12    0.0045394
     175  2.0213142E-04  4.7297700  4.7406384E+12    0.0045389
     176  2.0239426E-04  4.7265223  4.7342947E+12    0.0045378
     177  2.0291994E-04  4.7200754  4.7215289E+12    0.0045357
     178  2.0397129E-04  4.7073677  4.6957080E+12    0.0045319
     179  2.0602624E-04  4.6831834  4.6443110E+12    0.0045254
     180  2.0780326E-04  4.6628796  4.5991335E+12    0.0045207
     181  2.0956647E-04  4.6432018  4.5539000E+12    0.0045166
     182  2.1133174E-04  4.6238840  4.5084471E+12    0.0045131
     183  2.1310258E-04  4.6048073  4.4629160E+12    0.0045099
     184  2.1488182E-04  4.5858618  4.4174599E+12    0.0045069
     185  2.1667230E-04  4.5669386  4.3722320E+12    0.0045039
     186  2.1847688E-04  4.5479271  4.3273868E+12    0.0045008
     187  2.2029850E-04  4.5287144  4.2830829E+12    0.0044974
     188  2.2214019E-04  4.5091825  4.2394856E+12    0.0044935
     189  2.2400514E-04  4.4892073  4.1967703E+12    0.0044889
     190  2.2588969E-04  4.4687336  4.1552778E+12    0.0044834
     191  2.2700000E-04  4.4565000  4.1317000E+12    0.0044797
     192  2.2889604E-04  4.4353687  4.0927293E+12    0.0044728
     193  2.3085373E-04  4.4133427  4.0538746E+12    0.0044649
     194  2.3284222E-04  4.3908180  4.0156781E+12    0.0044564
     195  2.3486014E-04  4.3678689  3.9780528E+12    0.0044472
     196  2.3690734E-04  4.3445609  3.9408797E+12    0.0044375
     197  2.3898367E-04  4.3209633  3.9040309E+12    0.0044274
     198  2.4108903E-04  4.2971495  3.8673704E+12    0.0044171
     199  2.4322332E-04  4.2731972  3.8307539E+12    0.0044066

#-- 1:it 2:time[s] 3:T9[GK] 4:rho[g/cm3] 5:entropy[kB/baryon]
     200  2.4538647E-04  4.2491877  3.7940292E+12    0.0043961
     201  2.4757846E-04  4.2252066  3.7570363E+12    0.0043858
     202  2.4979932E-04  4.2013429  3.7196072E+12    0.0043758
     203  2.5200000E-04  4.1782000  3.6824000E+12    0.0043665
     204  2.5427628E-04  4.1547976  3.6442363E+12    0.0043574
     205  2.5659520E-04  4.1314251  3.6061497E+12    0.0043483
     206  2.5896534E-04  4.1079500  3.5678776E+12    0.0043392
     207  2.6138437E-04  4.0843439  3.5293261E+12    0.0043301
     208  2.6384896E-04  4.0605796  3.4904018E+12    0.0043211
     209  2.6635523E-04  4.0366270  3.4510069E+12    0.0043121
     210  2.6889875E-04  4.0124532  3.4110410E+12    0.0043032
     211  2.7147476E-04  3.9880225  3.3704023E+12    0.0042944
     212  2.7406812E-04  3.9633931  3.3291517E+12    0.0042856
     213  2.7667384E-04  3.9385255  3.2871956E+12    0.0042770
     214  2.7700000E-04  3.9354000  3.2819000E+12    0.0042760
     215  2.7765232E-04  3.9291307  3.2712584E+12    0.0042738
     216  2.7895695E-04  3.9165107  3.2497567E+12    0.0042696
     217  2.8152572E-04  3.8914204  3.2067489E+12    0.0042614
     218  2.8415869E-04  3.8655166  3.1620859E+12    0.0042531
     219  2.8681337E-04  3.8393857  3.1168679E+12    0.0042449
     220  2.8950294E-04  3.8130776  3.0712666E+12    0.0042368
     221  2.9224306E-04  3.7866307  3.0254251E+12    0.0042288
     222  2.9505009E-04  3.7601006  2.9795095E+12    0.0042209
     223  2.9794184E-04  3.7335662  2.9337221E+12    0.0042131
     224  3.0025478E-04  3.7130600  2.8984707E+12    0.0042071
     225  3.0261404E-04  3.6929143  2.8639864E+12    0.0042012
     226  3.0300000E-04  3.6897000  2.8585000E+12    0.0042003
     227  3.0377191E-04  3.6833549  2.8476400E+12    0.0041984
     228  3.0531574E-04  3.6710006  2.8263063E+12    0.0041950
     229  3.0752026E-04  3.6540399  2.7966626E+12    0.0041905
     230  3.0980286E-04  3.6371665  2.7668677E+12    0.0041863
     231  3.1213568E-04  3.6204633  2.7372278E+12    0.0041823
     232  3.1450961E-04  3.6038378  2.7077696E+12    0.0041783
     233  3.1691426E-04  3.5871852  2.6785167E+12    0.0041743
     234  3.1933742E-04  3.5703984  2.6494998E+12    0.0041701
     235  3.2176549E-04  3.5533754  2.6207561E+12    0.0041656
     236  3.2418417E-04  3.5360248  2.5923275E+12    0.0041606
     237  3.2657927E-04  3.5182722  2.5642580E+12    0.0041550
     238  3.2800000E-04  3.5074000  2.5476000E+12    0.0041513
     239  3.3027199E-04  3.4894546  2.5208611E+12    0.0041448
     240  3.3255188E-04  3.4708888  2.4939642E+12    0.0041377
     241  3.3479411E-04  3.4522341  2.4675815E+12    0.0041302
     242  3.3700566E-04  3.4335917  2.4417505E+12    0.0041226
     243  3.3919851E-04  3.4150025  2.4164393E+12    0.0041147
     244  3.4138399E-04  3.3965012  2.3916191E+12    0.0041067
     245  3.4357300E-04  3.3781212  2.3672674E+12    0.0040986
     246  3.4577660E-04  3.3598959  2.3433673E+12    0.0040905
     247  3.4800649E-04  3.3418616  2.3199070E+12    0.0040824
     248  3.5027572E-04  3.3240593  2.2968801E+12    0.0040743
     249  3.5259941E-04  3.3065382  2.2742868E+12    0.0040664

#-- 1:it 2:time[s] 3:T9[GK] 4:rho[g/cm3] 5:entropy[kB/baryon]
     250  3.5300000E-04  3.3036000  2.2705000E+12    0.0040651
     251  3.5380118E-04  3.2977964  2.2630504E+12    0.0040625
     252  3.5540354E-04  3.2864549  2.2486619E+12    0.0040572
     253  3.5790048E-04  3.2693963  2.2274097E+12    0.0040492
     254  3.6046982E-04  3.2524699  2.2067126E+12    0.0040410
     255  3.6313995E-04  3.2353634  2.1860830E+12    0.0040325
     256  3.6588830E-04  3.2180668  2.1653838E+12    0.0040239
     257  3.6823606E-04  3.2033851  2.1478286E+12    0.0040167
     258  3.7056439E-04  3.1887771  2.1302804E+12    0.0040095
     259  3.7286789E-04  3.1741575  2.1125576E+12    0.0040024
     260  3.7512497E-04  3.1595587  2.0946353E+12    0.0039955
     261  3.7731718E-04  3.1450175  2.0765150E+12    0.0039888
     262  3.7800000E-04  3.1404000  2.0707000E+12    0.0039867
     263  3.7936564E-04  3.1310128  2.0588022E+12    0.0039826
     264  3.8134361E-04  3.1170866  2.0410140E+12    0.0039765
     265  3.8329663E-04  3.1030383  2.0229509E+12    0.0039705
     266  3.8519877E-04  3.0891601  2.0050311E+12    0.0039646
     267  3.8706519E-04  3.0754366  1.9872700E+12    0.0039589
     268  3.8891074E-04  3.0618400  1.9696601E+12    0.0039532
     269  3.9074849E-04  3.0483485  1.9521967E+12    0.0039476
     270  3.9259051E-04  3.0349457  1.9348791E+12    0.0039421
     271  3.9444867E-04  3.0216192  1.9177108E+12    0.0039366
     272  3.9633540E-04  3.0083605  1.9006999E+12    0.0039312
     273  3.9826437E-04  2.9951654  1.8838615E+12    0.0039257
     274  4.0025347E-04  2.9820222  1.8672035E+12    0.0039202
     275  4.0232394E-04  2.9689297  1.8507531E+12    0.0039147
     276  4.0300000E-04  2.9648000  1.8456000E+12    0.0039129
     277  4.0435212E-04  2.9567540  1.8355796E+12    0.0039095
     278  4.0663037E-04  2.9437680  1.8194160E+12    0.0039040
     279  4.0905498E-04  2.9306203  1.8030741E+12    0.0038985
     280  4.1160160E-04  2.9174080  1.7866944E+12    0.0038929
     281  4.1424668E-04  2.9041651  1.7703456E+12    0.0038874
     282  4.1696713E-04  2.8908739  1.7540379E+12    0.0038817
     283  4.1972840E-04  2.8775349  1.7378070E+12    0.0038760
     284  4.2248761E-04  2.8641685  1.7217108E+12    0.0038702
     285  4.2519908E-04  2.8508154  1.7058242E+12    0.0038643
     286  4.2794549E-04  2.8368907  1.6894803E+12    0.0038580
     287  4.2900000E-04  2.8314000  1.6831000E+12    0.0038555
     288  4.3110901E-04  2.8202705  1.6702803E+12    0.0038503
     289  4.3359485E-04  2.8070292  1.6552085E+12    0.0038440
     290  4.3601022E-04  2.7940680  1.6406191E+12    0.0038377
     291  4.3838001E-04  2.7812915  1.6263729E+12    0.0038315
     292  4.4071069E-04  2.7686974  1.6124408E+12    0.0038253
     293  4.4300853E-04  2.7562807  1.5987942E+12    0.0038191
     294  4.4578634E-04  2.7413081  1.5824322E+12    0.0038116
     295  4.4850772E-04  2.7267213  1.5665643E+12    0.0038043
     296  4.5120382E-04  2.7123914  1.5510194E+12    0.0037971
     297  4.5388163E-04  2.6983178  1.5357695E+12    0.0037900
     298  4.5400000E-04  2.6977000  1.5351000E+12    0.0037897
     299  4.5423674E-04  2.6964642  1.5337620E+12    0.0037891

#-- 1:it 2:time[s] 3:T9[GK] 4:rho[g/cm3] 5:entropy[kB/baryon]
     300  4.5471021E-04  2.6939896  1.5310895E+12    0.0037878
     301  4.5565715E-04  2.6890295  1.5257581E+12    0.0037853
     302  4.5755103E-04  2.6790769  1.5151499E+12    0.0037802
     303  4.6020274E-04  2.6651091  1.5004190E+12    0.0037730
     304  4.6278235E-04  2.6515412  1.4862243E+12    0.0037659
     305  4.6533378E-04  2.6382004  1.4723156E+12    0.0037589
     306  4.6786489E-04  2.6250995  1.4586455E+12    0.0037520
     307  4.7035455E-04  2.6123958  1.4453228E+12    0.0037455
     308  4.7279336E-04  2.6001762  1.4323903E+12    0.0037393
     309  4.7519320E-04  2.5884147  1.4197778E+12    0.0037336
     310  4.7756400E-04  2.5770945  1.4074277E+12    0.0037283
     311  4.7900000E-04  2.5704000  1.4000000E+12    0.0037252
     312  4.8138530E-04  2.5596611  1.3877487E+12    0.0037207
     313  4.8373011E-04  2.5495636  1.3758097E+12    0.0037169
     314  4.8608701E-04  2.5397651  1.3639124E+12    0.0037136
     315  4.8844458E-04  2.5302102  1.3521147E+12    0.0037105
     316  4.9079346E-04  2.5208319  1.3404622E+12    0.0037076
     317  4.9312347E-04  2.5115681  1.3290027E+12    0.0037047
     318  4.9542433E-04  2.5023624  1.3177832E+12    0.0037018
     319  4.9768622E-04  2.4931666  1.3068466E+12    0.0036986
     320  4.9989841E-04  2.4839489  1.2962387E+12    0.0036951
     321  5.0205479E-04  2.4746736  1.2859820E+12    0.0036912
     322  5.0400000E-04  2.4660000  1.2768000E+12    0.0036872
     323  5.0603951E-04  2.4565279  1.2672309E+12    0.0036824
     324  5.0800345E-04  2.4470690  1.2580644E+12    0.0036773
     325  5.0990506E-04  2.4376653  1.2492395E+12    0.0036719
     326  5.1175737E-04  2.4283377  1.2406965E+12    0.0036663
     327  5.1357093E-04  2.4191036  1.2323876E+12    0.0036607
     328  5.1535464E-04  2.4099781  1.2242732E+12    0.0036550
     329  5.1711628E-04  2.4009747  1.2163192E+12    0.0036494
     330  5.1886295E-04  2.3921063  1.2084956E+12    0.0036439
     331  5.2060126E-04  2.3833855  1.2007749E+12    0.0036385
     332  5.2233769E-04  2.3748253  1.1931313E+12    0.0036332
     333  5.2407875E-04  2.3664400  1.1855396E+12    0.0036282
     334  5.2583123E-04  2.3582452  1.1779744E+12    0.0036235
     335  5.2760246E-04  2.3502596  1.1704093E+12    0.0036191
     336  5.2900000E-04  2.3442000  1.1645000E+12    0.0036159
     337  5.3084913E-04  2.3364736  1.1567736E+12    0.0036122
     338  5.3319050E-04  2.3270584  1.1471417E+12    0.0036078
     339  5.3556576E-04  2.3178708  1.1375228E+12    0.0036038
     340  5.3799689E-04  2.3087841  1.1278145E+12    0.0036001
     341  5.4047383E-04  2.2997906  1.1180424E+12    0.0035967
     342  5.4297378E-04  2.2909172  1.1082785E+12    0.0035935
     343  5.4548154E-04  2.2821547  1.0985612E+12    0.0035905
     344  5.4798559E-04  2.2734771  1.0889131E+12    0.0035875
     345  5.5047375E-04  2.2648614  1.0793595E+12    0.0035846
     346  5.5293406E-04  2.2562867  1.0699257E+12    0.0035817
     347  5.5500000E-04  2.2490000  1.0620000E+12    0.0035792
     348  5.5739365E-04  2.2405699  1.0527182E+12    0.0035764
     349  5.5972787E-04  2.2324693  1.0435392E+12    0.0035740

#-- 1:it 2:time[s] 3:T9[GK] 4:rho[g/cm3] 5:entropy[kB/baryon]
     350  5.6203115E-04  2.2245626  1.0344287E+12    0.0035720
     351  5.6431007E-04  2.2167960  1.0254278E+12    0.0035700
     352  5.6657123E-04  2.2091185  1.0165716E+12    0.0035681
     353  5.6882065E-04  2.2014830  1.0078932E+12    0.0035662
     354  5.7106393E-04  2.1938451  9.9942481E+11    0.0035640
     355  5.7330646E-04  2.1861615  9.9119865E+11    0.0035614
     356  5.7555354E-04  2.1783894  9.8324763E+11    0.0035585
     357  5.7781046E-04  2.1704851  9.7560636E+11    0.0035549
     358  5.8000000E-04  2.1627000  9.6857000E+11    0.0035509
     359  5.8229674E-04  2.1543629  9.6168893E+11    0.0035458
     360  5.8462147E-04  2.1457483  9.5523598E+11    0.0035397
     361  5.8697978E-04  2.1368796  9.4909834E+11    0.0035328
     362  5.8936082E-04  2.1278450  9.4320077E+11    0.0035253
     363  5.9195681E-04  2.1179636  9.3697654E+11    0.0035168
     364  5.9452367E-04  2.1082241  9.3089258E+11    0.0035084
     365  5.9707544E-04  2.0986349  9.2477568E+11    0.0035002
     366  5.9961476E-04  2.0892449  9.1848851E+11    0.0034926
     367  6.0214493E-04  2.0800983  9.1189867E+11    0.0034858
     368  6.0500000E-04  2.0701000  9.0392000E+11    0.0034794
     369  6.0778797E-04  2.0607192  8.9546528E+11    0.0034747
     370  6.1047655E-04  2.0519799  8.8680894E+11    0.0034714
     371  6.1308962E-04  2.0437012  8.7808942E+11    0.0034690
     372  6.1565791E-04  2.0357030  8.6937586E+11    0.0034671
     373  6.1820723E-04  2.0278355  8.6072580E+11    0.0034654
     374  6.2076021E-04  2.0199656  8.5219556E+11    0.0034636
     375  6.2333835E-04  2.0119642  8.4384557E+11    0.0034614
     376  6.2596373E-04  2.0036961  8.3574583E+11    0.0034585
     377  6.2866073E-04  1.9950084  8.2798321E+11    0.0034544
     378  6.3000000E-04  1.9906000  8.2438000E+11    0.0034518
     379  6.3267854E-04  1.9816410  8.1771686E+11    0.0034458
     380  6.3566668E-04  1.9714997  8.1099930E+11    0.0034377
     381  6.3882938E-04  1.9606347  8.0447866E+11    0.0034282
     382  6.4214445E-04  1.9491451  7.9802840E+11    0.0034174
     383  6.4527501E-04  1.9382406  7.9205287E+11    0.0034069
     384  6.4845373E-04  1.9271540  7.8586336E+11    0.0033965
     385  6.5163467E-04  1.9160837  7.7931815E+11    0.0033865
     386  6.5471159E-04  1.9054341  7.7244402E+11    0.0033778
     387  6.5600000E-04  1.9010000  7.6936000E+11    0.0033745
     388  6.5857683E-04  1.8920551  7.6280360E+11    0.0033684
     389  6.6135525E-04  1.8822533  7.5527457E+11    0.0033622
     390  6.6398340E-04  1.8729082  7.4785820E+11    0.0033567
     391  6.6652078E-04  1.8638869  7.4055447E+11    0.0033516
     392  6.6900388E-04  1.8551215  7.3338368E+11    0.0033468
     393  6.7146193E-04  1.8465637  7.2636615E+11    0.0033422
     394  6.7392105E-04  1.8381765  7.1952442E+11    0.0033377
     395  6.7640724E-04  1.8299303  7.1288543E+11    0.0033331
     396  6.7894916E-04  1.8217994  7.0648409E+11    0.0033285
     397  6.8100000E-04  1.8155000  7.0167000E+11    0.0033246
     398  6.8377881E-04  1.8074184  6.9568713E+11    0.0033195
     399  6.8670023E-04  1.7994346  6.8994298E+11    0.0033141

#-- 1:it 2:time[s] 3:T9[GK] 4:rho[g/cm3] 5:entropy[kB/baryon]
     400  6.8982339E-04  1.7913199  6.8423866E+11    0.0033085
     401  6.9310857E-04  1.7830674  6.7851789E+11    0.0033027
     402  6.9648734E-04  1.7746779  6.7270815E+11    0.0032967
     403  6.9985998E-04  1.7661945  6.6675837E+11    0.0032909
     404  7.0311827E-04  1.7577018  6.6066164E+11    0.0032853
     405  7.0600000E-04  1.7498000  6.5483000E+11    0.0032804
     406  7.0883106E-04  1.7416640  6.4861573E+11    0.0032757
     407  7.1183446E-04  1.7327609  6.4161012E+11    0.0032709
     408  7.1455019E-04  1.7245408  6.3504602E+11    0.0032667
     409  7.1707045E-04  1.7168253  6.2886733E+11    0.0032629
     410  7.1945581E-04  1.7094920  6.2302729E+11    0.0032592
     411  7.2174873E-04  1.7024538  6.1749180E+11    0.0032556
     412  7.2398113E-04  1.6956465  6.1223790E+11    0.0032519
     413  7.2617901E-04  1.6890202  6.0725182E+11    0.0032482
     414  7.2836540E-04  1.6825340  6.0252794E+11    0.0032443
     415  7.3056262E-04  1.6761516  5.9806881E+11    0.0032401
     416  7.3100000E-04  1.6749000  5.9722000E+11    0.0032392
     417  7.3187477E-04  1.6724064  5.9555401E+11    0.0032375
     418  7.3362431E-04  1.6674368  5.9232426E+11    0.0032338
     419  7.3595173E-04  1.6608657  5.8821795E+11    0.0032286
     420  7.3830687E-04  1.6542680  5.8425297E+11    0.0032232
     421  7.4069632E-04  1.6476327  5.8039177E+11    0.0032175
     422  7.4311727E-04  1.6409759  5.7661122E+11    0.0032116
     423  7.4556519E-04  1.6343182  5.7288854E+11    0.0032056
     424  7.4803398E-04  1.6276843  5.6920112E+11    0.0031995
     425  7.5051630E-04  1.6211016  5.6552674E+11    0.0031936
     426  7.5300379E-04  1.6145992  5.6184402E+11    0.0031878
     427  7.5548747E-04  1.6082063  5.5813301E+11    0.0031824
     428  7.5600000E-04  1.6069000  5.5736000E+11    0.0031813
     429  7.5702507E-04  1.6043174  5.5582679E+11    0.0031791
     430  7.5907521E-04  1.5992912  5.5284540E+11    0.0031749
     431  7.6157965E-04  1.5933562  5.4932531E+11    0.0031700
     432  7.6411178E-04  1.5875200  5.4585840E+11    0.0031652
     433  7.6667949E-04  1.5817000  5.4238967E+11    0.0031604
     434  7.6927182E-04  1.5758529  5.3888763E+11    0.0031557
     435  7.7186876E-04  1.5699524  5.3533182E+11    0.0031509
     436  7.7444464E-04  1.5639872  5.3171206E+11    0.0031462
     437  7.7697235E-04  1.5579583  5.2802750E+11    0.0031415
     438  7.7942733E-04  1.5518762  5.2428485E+11    0.0031367
     439  7.8179059E-04  1.5457565  5.2049564E+11    0.0031320
     440  7.8200000E-04  1.5452000  5.2015000E+11    0.0031316
     441  7.8241882E-04  1.5440794  5.1945220E+11    0.0031308
     442  7.8325646E-04  1.5418088  5.1802880E+11    0.0031291
     443  7.8493175E-04  1.5371599  5.1508182E+11    0.0031256
     444  7.8780608E-04  1.5289040  5.0977598E+11    0.0031197
     445  7.9050162E-04  1.5209253  5.0460657E+11    0.0031141
     446  7.9304577E-04  1.5132673  4.9964507E+11    0.0031088
     447  7.9547751E-04  1.5059015  4.9490197E+11    0.0031036
     448  7.9782953E-04  1.4987950  4.9037677E+11    0.0030986
     449  8.0012968E-04  1.4919165  4.8606666E+11    0.0030935

#-- 1:it 2:time[s] 3:T9[GK] 4:rho[g/cm3] 5:entropy[kB/baryon]
     450  8.0265900E-04  1.4844962  4.8152115E+11    0.0030879
     451  8.0521356E-04  1.4772208  4.7720232E+11    0.0030821
     452  8.0700000E-04  1.4723000  4.7438000E+11    0.0030780
     453  8.0974869E-04  1.4649090  4.7031902E+11    0.0030715
     454  8.1251793E-04  1.4575830  4.6648212E+11    0.0030646
     455  8.1532837E-04  1.4502696  4.6279883E+11    0.0030574
     456  8.1817489E-04  1.4429852  4.5923405E+11    0.0030500
     457  8.2105315E-04  1.4357431  4.5574846E+11    0.0030425
     458  8.2395810E-04  1.4285580  4.5230110E+11    0.0030350
     459  8.2688415E-04  1.4214445  4.4884996E+11    0.0030277
     460  8.2982524E-04  1.4144176  4.4535278E+11    0.0030207
     461  8.3200000E-04  1.4093000  4.4272000E+11    0.0030159
     462  8.3498958E-04  1.4024724  4.3907809E+11    0.0030096
     463  8.3798687E-04  1.3958957  4.3545681E+11    0.0030039
     464  8.4106288E-04  1.3893373  4.3177142E+11    0.0029984
     465  8.4418518E-04  1.3827867  4.2806243E+11    0.0029930
     466  8.4732128E-04  1.3762231  4.2436906E+11    0.0029876
     467  8.5043511E-04  1.3696317  4.2073342E+11    0.0029819
     468  8.5349122E-04  1.3630054  4.1719542E+11    0.0029760
     469  8.5645868E-04  1.3563449  4.1378848E+11    0.0029697
     470  8.5700000E-04  1.3551000  4.1317000E+11    0.0029684
     471  8.5808264E-04  1.3525836  4.1193484E+11    0.0029659
     472  8.6024792E-04  1.3474610  4.0947059E+11    0.0029607
     473  8.6297203E-04  1.3408766  4.0638462E+11    0.0029537
     474  8.6559431E-04  1.3344314  4.0343256E+11    0.0029468
     475  8.6815733E-04  1.3280697  4.0056822E+11    0.0029398
     476  8.7067690E-04  1.3217921  3.9777584E+11    0.0029328
     477  8.7316717E-04  1.3155984  3.9504160E+11    0.0029258
     478  8.7564084E-04  1.3094891  3.9235362E+11    0.0029189
     479  8.7912231E-04  1.3010243  3.8862293E+11    0.0029094
     480  8.8200000E-04  1.2942000  3.8559000E+11    0.0029018
     481  8.8549399E-04  1.2860628  3.8198082E+11    0.0028927
     482  8.8897289E-04  1.2780334  3.7846261E+11    0.0028836
     483  8.9243575E-04  1.2701246  3.7501887E+11    0.0028746
     484  8.9588274E-04  1.2623461  3.7163302E+11    0.0028658
     485  8.9931407E-04  1.2547065  3.6828937E+11    0.0028571
     486  9.0290217E-04  1.2468399  3.6480609E+11    0.0028483
     487  9.0648233E-04  1.2391263  3.6132848E+11    0.0028398
     488  9.0800000E-04  1.2359000  3.5985000E+11    0.0028363
     489  9.1103533E-04  1.2295592  3.5688875E+11    0.0028297
     490  9.1466956E-04  1.2221549  3.5334703E+11    0.0028221
     491  9.1830780E-04  1.2148883  3.4981383E+11    0.0028149
     492  9.2196036E-04  1.2076784  3.4628773E+11    0.0028077
     493  9.2560263E-04  1.2005140  3.4280068E+11    0.0028006
     494  9.2921122E-04  1.1933830  3.3938222E+11    0.0027934
     495  9.3276364E-04  1.1862771  3.3605943E+11    0.0027860
     496  9.3300000E-04  1.1858000  3.3584000E+11    0.0027855
     497  9.3347273E-04  1.1848455  3.3540165E+11    0.0027845
     498  9.3441818E-04  1.1829383  3.3452662E+11    0.0027824
     499  9.3630910E-04  1.1791298  3.3278331E+11    0.0027784

#-- 1:it 2:time[s] 3:T9[GK] 4:rho[g/cm3] 5:entropy[kB/baryon]
     500  9.3979443E-04  1.1721206  3.2959349E+11    0.0027708
     501  9.4317462E-04  1.1653195  3.2652881E+11    0.0027634
     502  9.4651782E-04  1.1585716  3.2352554E+11    0.0027560
     503  9.4981381E-04  1.1518814  3.2059168E+11    0.0027485
     504  9.5305658E-04  1.1452471  3.1773122E+11    0.0027409
     505  9.5624085E-04  1.1386676  3.1494737E+11    0.0027332
     506  9.5800000E-04  1.1350000  3.1342000E+11    0.0027289
     507  9.6113705E-04  1.1284328  3.1070925E+11    0.0027210
     508  9.6416602E-04  1.1220746  3.0810676E+11    0.0027134
     509  9.6715575E-04  1.1157697  3.0555646E+11    0.0027057
     510  9.7009976E-04  1.1095212  3.0306689E+11    0.0026979
     511  9.7299525E-04  1.1033262  3.0064288E+11    0.0026901
     512  9.7583976E-04  1.0971823  2.9828847E+11    0.0026821
     513  9.7863130E-04  1.0910879  2.9600677E+11    0.0026741
     514  9.8136837E-04  1.0850413  2.9380007E+11    0.0026660
     515  9.8300000E-04  1.0814000  2.9250000E+11    0.0026610
     516  9.8568803E-04  1.0753757  2.9035392E+11    0.0026527
     517  9.8828672E-04  1.0695385  2.8826403E+11    0.0026446
     518  9.9084893E-04  1.0637565  2.8620538E+11    0.0026366
     519  9.9337080E-04  1.0580263  2.8419614E+11    0.0026286
     520  9.9585106E-04  1.0523403  2.8225057E+11    0.0026205
     521  9.9828858E-04  1.0466924  2.8038101E+11    0.0026122
     522  1.0008097E-03  1.0407766  2.7850477E+11    0.0026032
     523  1.0032720E-03  1.0349151  2.7674134E+11    0.0025940
     524  1.0056795E-03  1.0290936  2.7509471E+11    0.0025846
     525  1.0080313E-03  1.0233113  2.7357092E+11    0.0025748
     526  1.0090000E-03  1.0209000  2.7297000E+11    0.0025706
     527  1.0109374E-03  1.0160441  2.7183586E+11    0.0025618
     528  1.0131861E-03  1.0103668  2.7063243E+11    0.0025512
     529  1.0153886E-03  1.0047585  2.6954655E+11    0.0025404
     530  1.0175567E-03  0.9991881  2.6854321E+11    0.0025294
     531  1.0196838E-03  0.9936714  2.6759952E+11    0.0025183
     532  1.0217530E-03  0.9882522  2.6669949E+11    0.0025073
     533  1.0237821E-03  0.9828845  2.6581498E+11    0.0024963
     534  1.0257692E-03  0.9775737  2.6492928E+11    0.0024855
     535  1.0277135E-03  0.9723228  2.6402761E+11    0.0024748
     536  1.0296148E-03  0.9671341  2.6309736E+11    0.0024644
     537  1.0314728E-03  0.9620094  2.6212796E+11    0.0024543
     538  1.0332878E-03  0.9569500  2.6111075E+11    0.0024445
     539  1.0340000E-03  0.9549500  2.6069000E+11    0.0024406
     540  1.0354244E-03  0.9509019  2.5981805E+11    0.0024329
     541  1.0377265E-03  0.9442115  2.5834184E+11    0.0024203
     542  1.0399109E-03  0.9377304  2.5687685E+11    0.0024081
     543  1.0420261E-03  0.9313670  2.5541092E+11    0.0023962
     544  1.0440870E-03  0.9251159  2.5394883E+11    0.0023845
     545  1.0461065E-03  0.9189712  2.5249399E+11    0.0023731
     546  1.0480950E-03  0.9129284  2.5104928E+11    0.0023619
     547  1.0500619E-03  0.9069841  2.4961727E+11    0.0023508
     548  1.0520156E-03  0.9011358  2.4820025E+11    0.0023400
     549  1.0539642E-03  0.8953817  2.4680042E+11    0.0023293

#-- 1:it 2:time[s] 3:T9[GK] 4:rho[g/cm3] 5:entropy[kB/baryon]
     550  1.0561564E-03  0.8890295  2.4525136E+11    0.0023175
     551  1.0583542E-03  0.8828199  2.4373636E+11    0.0023059
     552  1.0590000E-03  0.8810300  2.4330000E+11    0.0023025
     553  1.0602916E-03  0.8774769  2.4242608E+11    0.0022959
     554  1.0625872E-03  0.8712126  2.4085076E+11    0.0022843
     555  1.0648226E-03  0.8651783  2.3930071E+11    0.0022733
     556  1.0670492E-03  0.8592356  2.3775326E+11    0.0022624
     557  1.0692679E-03  0.8533851  2.3621964E+11    0.0022517
     558  1.0714816E-03  0.8476213  2.3470905E+11    0.0022411
     559  1.0736814E-03  0.8419698  2.3323824E+11    0.0022307
     560  1.0758945E-03  0.8363639  2.3179976E+11    0.0022203
     561  1.0781107E-03  0.8308329  2.3041109E+11    0.0022099
     562  1.0803338E-03  0.8253711  2.2908061E+11    0.0021994
     563  1.0825668E-03  0.8199747  2.2781739E+11    0.0021889
     564  1.0840000E-03  0.8165600  2.2705000E+11    0.0021821
     565  1.0862991E-03  0.8111346  2.2591062E+11    0.0021711
     566  1.0885620E-03  0.8058445  2.2489590E+11    0.0021600
     567  1.0908274E-03  0.8006088  2.2396291E+11    0.0021487
     568  1.0930968E-03  0.7954358  2.2308896E+11    0.0021374
     569  1.0953505E-03  0.7903799  2.2225917E+11    0.0021263
     570  1.0976129E-03  0.7853967  2.2144287E+11    0.0021153
     571  1.1000400E-03  0.7801641  2.2056135E+11    0.0021038
     572  1.1024763E-03  0.7750423  2.1964505E+11    0.0020927
     573  1.1049312E-03  0.7700251  2.1866370E+11    0.0020820
     574  1.1074063E-03  0.7651253  2.1758918E+11    0.0020720
     575  1.1090000E-03  0.7620600  2.1684000E+11    0.0020659
     576  1.1115611E-03  0.7573904  2.1553536E+11    0.0020573
     577  1.1141552E-03  0.7530014  2.1411135E+11    0.0020498
     578  1.1168773E-03  0.7486647  2.1253846E+11    0.0020429
     579  1.1196944E-03  0.7443569  2.1086077E+11    0.0020364
     580  1.1225671E-03  0.7400379  2.0913474E+11    0.0020301
     581  1.1254426E-03  0.7356729  2.0742835E+11    0.0020236
     582  1.1282637E-03  0.7312396  2.0580969E+11    0.0020165
     583  1.1309790E-03  0.7267326  2.0433445E+11    0.0020088
     584  1.1335517E-03  0.7221612  2.0303766E+11    0.0020002
     585  1.1350000E-03  0.7194300  2.0236000E+11    0.0019948
     586  1.1373274E-03  0.7147951  2.0135880E+11    0.0019850
     587  1.1394906E-03  0.7102627  2.0051281E+11    0.0019749
     588  1.1422008E-03  0.7043538  1.9954013E+11    0.0019613
     589  1.1448420E-03  0.6984305  1.9865522E+11    0.0019474
     590  1.1474337E-03  0.6925400  1.9781709E+11    0.0019333
     591  1.1499931E-03  0.6867218  1.9699054E+11    0.0019194
     592  1.1525445E-03  0.6809903  1.9614042E+11    0.0019057
     593  1.1551109E-03  0.6753628  1.9523221E+11    0.0018925
     594  1.1577142E-03  0.6698630  1.9422940E+11    0.0018800
     595  1.1600000E-03  0.6652600  1.9326000E+11    0.0018699
     596  1.1623293E-03  0.6607414  1.9217180E+11    0.0018604
     597  1.1647035E-03  0.6562309  1.9097271E+11    0.0018513
     598  1.1670983E-03  0.6517732  1.8969584E+11    0.0018426
     599  1.1695101E-03  0.6473722  1.8836628E+11    0.0018343

#-- 1:it 2:time[s] 3:T9[GK] 4:rho[g/cm3] 5:entropy[kB/baryon]
     600  1.1719393E-03  0.6430229  1.8700736E+11    0.0018261
     601  1.1743876E-03  0.6387190  1.8564220E+11    0.0018181
     602  1.1768570E-03  0.6344537  1.8429424E+11    0.0018101
     603  1.1793494E-03  0.6302200  1.8298745E+11    0.0018021
     604  1.1818671E-03  0.6260109  1.8174662E+11    0.0017939
     605  1.1844124E-03  0.6218193  1.8059764E+11    0.0017854
     606  1.1850000E-03  0.6208600  1.8035000E+11    0.0017834
     607  1.1861753E-03  0.6189507  1.7987151E+11    0.0017794
     608  1.1885258E-03  0.6151701  1.7896809E+11    0.0017712
     609  1.1911285E-03  0.6110458  1.7803957E+11    0.0017621
     610  1.1937767E-03  0.6069202  1.7715732E+11    0.0017528
     611  1.1964643E-03  0.6028103  1.7631064E+11    0.0017434
     612  1.1991909E-03  0.5987242  1.7548564E+11    0.0017340
     613  1.2019583E-03  0.5946669  1.7466669E+11    0.0017246
     614  1.2047695E-03  0.5906425  1.7383678E+11    0.0017153
     615  1.2076281E-03  0.5866551  1.7297741E+11    0.0017062
     616  1.2100000E-03  0.5834300  1.7224000E+11    0.0016990
     617  1.2129461E-03  0.5795946  1.7132925E+11    0.0016905
     618  1.2159773E-03  0.5758606  1.7042885E+11    0.0016823
     619  1.2191188E-03  0.5721481  1.6951524E+11    0.0016742
     620  1.2223709E-03  0.5683984  1.6856899E+11    0.0016660
     621  1.2257165E-03  0.5645598  1.6757212E+11    0.0016578
     622  1.2291252E-03  0.5605848  1.6650804E+11    0.0016493
     623  1.2325580E-03  0.5564318  1.6536279E+11    0.0016405
     624  1.2350000E-03  0.5533400  1.6449000E+11    0.0016340
     625  1.2383665E-03  0.5488981  1.6317246E+11    0.0016249
     626  1.2416808E-03  0.5443893  1.6175811E+11    0.0016159
     627  1.2449535E-03  0.5398474  1.6029278E+11    0.0016069
     628  1.2481310E-03  0.5353906  1.5884577E+11    0.0015981
     629  1.2512203E-03  0.5310475  1.5745257E+11    0.0015894
     630  1.2542559E-03  0.5268013  1.5612976E+11    0.0015808
     631  1.2572658E-03  0.5226409  1.5489401E+11    0.0015721
     632  1.2602759E-03  0.5185577  1.5376317E+11    0.0015632
     633  1.2610000E-03  0.5175900  1.5351000E+11    0.0015610
     634  1.2624482E-03  0.5156604  1.5302241E+11    0.0015567
     635  1.2653445E-03  0.5118023  1.5210595E+11    0.0015477
     636  1.2683926E-03  0.5077549  1.5121185E+11    0.0015380
     637  1.2714076E-03  0.5037771  1.5038156E+11    0.0015283
     638  1.2744040E-03  0.4998617  1.4959327E+11    0.0015186
     639  1.2773873E-03  0.4960127  1.4882914E+11    0.0015090
     640  1.2803634E-03  0.4922335  1.4807215E+11    0.0014995
     641  1.2833384E-03  0.4885269  1.4730576E+11    0.0014903
     642  1.2860000E-03  0.4852800  1.4660000E+11    0.0014824
     643  1.2890070E-03  0.4816600  1.4579001E+11    0.0014736
     644  1.2919880E-03  0.4780989  1.4499137E+11    0.0014649
     645  1.2949466E-03  0.4746084  1.4420305E+11    0.0014563
     646  1.2978965E-03  0.4711868  1.4342127E+11    0.0014480
     647  1.3008514E-03  0.4678336  1.4264246E+11    0.0014398
     648  1.3038250E-03  0.4645488  1.4186301E+11    0.0014319
     649  1.3068323E-03  0.4613329  1.4107910E+11    0.0014241

#-- 1:it 2:time[s] 3:T9[GK] 4:rho[g/cm3] 5:entropy[kB/baryon]
     650  1.3098904E-03  0.4581873  1.4028646E+11    0.0014167
     651  1.3110000E-03  0.4570800  1.4000000E+11    0.0014140
     652  1.3132191E-03  0.4549260  1.3942801E+11    0.0014090
     653  1.3165152E-03  0.4518649  1.3858044E+11    0.0014020
     654  1.3198607E-03  0.4488965  1.3772407E+11    0.0013952
     655  1.3233074E-03  0.4459494  1.3684769E+11    0.0013886
     656  1.3268269E-03  0.4430197  1.3596077E+11    0.0013821
     657  1.3303876E-03  0.4401003  1.3507352E+11    0.0013756
     658  1.3339514E-03  0.4371860  1.3419748E+11    0.0013690
     659  1.3360000E-03  0.4355000  1.3370000E+11    0.0013652
     660  1.3395419E-03  0.4326555  1.3285293E+11    0.0013588
     661  1.3430592E-03  0.4299523  1.3202679E+11    0.0013527
     662  1.3466855E-03  0.4272271  1.3118674E+11    0.0013466
     663  1.3503403E-03  0.4244780  1.3034803E+11    0.0013404
     664  1.3539439E-03  0.4217018  1.2952501E+11    0.0013340
     665  1.3574195E-03  0.4189051  1.2873136E+11    0.0013274
     666  1.3607097E-03  0.4161009  1.2797715E+11    0.0013207
     667  1.3620000E-03  0.4149500  1.2768000E+11    0.0013178
     668  1.3645806E-03  0.4125448  1.2708403E+11    0.0013118
     669  1.3673730E-03  0.4098071  1.2643809E+11    0.0013048
     670  1.3699839E-03  0.4071557  1.2583392E+11    0.0012979
     671  1.3734354E-03  0.4035718  1.2503615E+11    0.0012885
     672  1.3768158E-03  0.4000394  1.2425726E+11    0.0012791
     673  1.3801365E-03  0.3966130  1.2349590E+11    0.0012701
     674  1.3834497E-03  0.3932988  1.2274136E+11    0.0012613
     675  1.3868115E-03  0.3901030  1.2198234E+11    0.0012530
     676  1.3870000E-03  0.3899300  1.2194000E+11    0.0012525
     677  1.3873770E-03  0.3895852  1.2185538E+11    0.0012516
     678  1.3881310E-03  0.3888983  1.2168630E+11    0.0012499
     679  1.3896391E-03  0.3875355  1.2134879E+11    0.0012463
     680  1.3926551E-03  0.3848535  1.2067641E+11    0.0012394
     681  1.3962590E-03  0.3817238  1.1987766E+11    0.0012314
     682  1.3999447E-03  0.3786058  1.1906608E+11    0.0012234
     683  1.4036908E-03  0.3755206  1.1824680E+11    0.0012156
     684  1.4074644E-03  0.3724963  1.1742725E+11    0.0012079
     685  1.4112470E-03  0.3695474  1.1661165E+11    0.0012004
     686  1.4120000E-03  0.3689700  1.1645000E+11    0.0011990
     687  1.4135060E-03  0.3678277  1.1612740E+11    0.0011961
     688  1.4154104E-03  0.3664084  1.1572078E+11    0.0011926
     689  1.4173422E-03  0.3649951  1.1530983E+11    0.0011891
     690  1.4192928E-03  0.3635923  1.1489641E+11    0.0011856
     691  1.4212589E-03  0.3622005  1.1448121E+11    0.0011822
     692  1.4232385E-03  0.3608188  1.1406469E+11    0.0011788
     693  1.4252297E-03  0.3594464  1.1364726E+11    0.0011754
     694  1.4272305E-03  0.3580823  1.1322933E+11    0.0011721
     695  1.4292390E-03  0.3567252  1.1281131E+11    0.0011688
     696  1.4312532E-03  0.3553741  1.1239361E+11    0.0011655
     697  1.4332712E-03  0.3540276  1.1197663E+11    0.0011622
     698  1.4352912E-03  0.3526845  1.1156071E+11    0.0011589
     699  1.4370000E-03  0.3515500  1.1121000E+11    0.0011561

#-- 1:it 2:time[s] 3:T9[GK] 4:rho[g/cm3] 5:entropy[kB/baryon]
     700  1.4390114E-03  0.3502116  1.1079794E+11    0.0011528
     701  1.4410230E-03  0.3488696  1.1038633E+11    0.0011495
     702  1.4430321E-03  0.3475302  1.0997605E+11    0.0011462
     703  1.4450420E-03  0.3461956  1.0956673E+11    0.0011429
     704  1.4470585E-03  0.3448664  1.0915751E+11    0.0011396
     705  1.4490884E-03  0.3435425  1.0874736E+11    0.0011363
     706  1.4511390E-03  0.3422239  1.0833514E+11    0.0011330
     707  1.4532181E-03  0.3409107  1.0791970E+11    0.0011298
     708  1.4553340E-03  0.3396036  1.0749981E+11    0.0011266
     709  1.4574958E-03  0.3383033  1.0707422E+11    0.0011234
     710  1.4597133E-03  0.3370117  1.0664158E+11    0.0011203
     711  1.4619978E-03  0.3357312  1.0620043E+11    0.0011173
     712  1.4620000E-03  0.3357300  1.0620000E+11    0.0011173
     713  1.4620045E-03  0.3357276  1.0619914E+11    0.0011173
     714  1.4620134E-03  0.3357227  1.0619743E+11    0.0011173
     715  1.4620312E-03  0.3357129  1.0619401E+11    0.0011173
     716  1.4620668E-03  0.3356934  1.0618717E+11    0.0011172
     717  1.4621381E-03  0.3356545  1.0617349E+11    0.0011171
     718  1.4622807E-03  0.3355770  1.0614614E+11    0.0011170
     719  1.4625658E-03  0.3354233  1.0609153E+11    0.0011166
     720  1.4631361E-03  0.3351215  1.0598260E+11    0.0011159
     721  1.4642767E-03  0.3345384  1.0576585E+11    0.0011146
     722  1.4665579E-03  0.3334430  1.0533645E+11    0.0011122
     723  1.4691446E-03  0.3322897  1.0485524E+11    0.0011098
     724  1.4718931E-03  0.3311300  1.0434924E+11    0.0011075
     725  1.4748119E-03  0.3299275  1.0381628E+11    0.0011051
     726  1.4778938E-03  0.3286377  1.0325664E+11    0.0011025
     727  1.4811124E-03  0.3272084  1.0267346E+11    0.0010995
     728  1.4844241E-03  0.3255846  1.0207254E+11    0.0010958
     729  1.4877772E-03  0.3237140  1.0146083E+11    0.0010912
     730  1.4880000E-03  0.3235800  1.0142000E+11    0.0010908
     731  1.4884457E-03  0.3233083  1.0133830E+11    0.0010901
     732  1.4893371E-03  0.3227513  1.0117477E+11    0.0010887
     733  1.4911199E-03  0.3215879  1.0084732E+11    0.0010856
     734  1.4944330E-03  0.3192797  1.0023799E+11    0.0010792
 Evolution mode: switching on heating
     735  1.4957266E-03  0.3183378  1.0000000E+11    0.0010766
     736  1.4958883E-03  0.3304457  9.9970255E+10    0.0011234
     737  1.4959797E-03  0.3371960  9.9953452E+10    0.0011493
     738  1.4960401E-03  0.3416237  9.9942331E+10    0.0011663
     739  1.4960824E-03  0.3446996  9.9934557E+10    0.0011781
     740  1.4961176E-03  0.3472457  9.9928088E+10    0.0011878
     741  1.4961491E-03  0.3495211  9.9922281E+10    0.0011965
     742  1.4961786E-03  0.3516369  9.9916858E+10    0.0012046
     743  1.4962069E-03  0.3536578  9.9911659E+10    0.0012123
     744  1.4962345E-03  0.3556272  9.9906571E+10    0.0012198
     745  1.4962621E-03  0.3575784  9.9901513E+10    0.0012272
     746  1.4962898E-03  0.3595399  9.9896408E+10    0.0012347
     747  1.4963182E-03  0.3615398  9.9891185E+10    0.0012423
     748  1.4963477E-03  0.3636096  9.9885758E+10    0.0012502
     749  1.4963789E-03  0.3657890  9.9880022E+10    0.0012585

#-- 1:it 2:time[s] 3:T9[GK] 4:rho[g/cm3] 5:entropy[kB/baryon]
     750  1.4964126E-03  0.3681356  9.9873819E+10    0.0012674
     751  1.4964503E-03  0.3707450  9.9866890E+10    0.0012773
     752  1.4964945E-03  0.3737920  9.9858755E+10    0.0012888
     753  1.4965298E-03  0.3762122  9.9852268E+10    0.0012980
     754  1.4965595E-03  0.3782395  9.9846815E+10    0.0013056
     755  1.4965852E-03  0.3799927  9.9842085E+10    0.0013123
